 TITLE ="GEORGIA TECH TEST PIT GRID (linear elastic)                                     "
 VARIABLES = "R","Z","DISP_R","DISP_Z","EPSR","EPSTH","EPSZ","EPSRZ","SIGMAR","SIGMATH","SIGMAZ","SIGMARZ"
 ZONE T="GEOMETRY & DISP", N=  475, E=  140, F=FEPOINT, ET=QUADRILATERAL
  0.00000000  0.00000000  0.00000000  0.00000000     0.0000000     0.0000000    -0.0001599     0.0000000    -3.4259300    -3.4259300    -5.1388947     0.0000000
  0.69999999  0.00000000  0.00000000  0.00000000     0.0000000     0.0000000    -0.0001599     0.0000019    -3.4261735    -3.4261735    -5.1392600     0.0102822
  1.39999998  0.00000000  0.00000000  0.00000000     0.0000000     0.0000000    -0.0001598     0.0000038    -3.4252053    -3.4252053    -5.1378076     0.0205482
  2.97499990  0.00000000  0.00000000  0.00000000     0.0000000     0.0000000    -0.0001598     0.0000081    -3.4243366    -3.4243366    -5.1365045     0.0435370
  4.55000019  0.00000000  0.00000000  0.00000000     0.0000000     0.0000000    -0.0001595     0.0000124    -3.4174400    -3.4174400    -5.1261596     0.0661891
  7.05000019  0.00000000  0.00000000  0.00000000     0.0000000     0.0000000    -0.0001591     0.0000189    -3.4085572    -3.4085572    -5.1128355     0.1011797
  9.55000019  0.00000000  0.00000000  0.00000000     0.0000000     0.0000000    -0.0001580     0.0000251    -3.3859554    -3.3859554    -5.0789328     0.1342870
 13.55000019  0.00000000  0.00000000  0.00000000     0.0000000     0.0000000    -0.0001569     0.0000339    -3.3613486    -3.3613486    -5.0420225     0.1818112
 17.54999924  0.00000000  0.00000000  0.00000000     0.0000000     0.0000000    -0.0001546     0.0000413    -3.3119515    -3.3119515    -4.9679270     0.2212883
 25.04999924  0.00000000  0.00000000  0.00000000     0.0000000     0.0000000    -0.0001496     0.0000499    -3.2053604    -3.2053604    -4.8080403     0.2675631
 32.54999924  0.00000000  0.00000000  0.00000000     0.0000000     0.0000000    -0.0001450     0.0000528    -3.1080044    -3.1080044    -4.6620063     0.2827762
 42.54999924  0.00000000  0.00000000  0.00000000     0.0000000     0.0000000    -0.0001361     0.0000463    -2.9161141    -2.9161141    -4.3741709     0.2477915
 52.54999924  0.00000000  0.00000000  0.00000000     0.0000000     0.0000000    -0.0001323     0.0000353    -2.8350314    -2.8350314    -4.2525469     0.1891892
 65.05000305  0.00000000  0.00000000  0.00000000     0.0000000     0.0000000    -0.0001273     0.0000173    -2.7280441    -2.7280441    -4.0920659     0.0925629
 77.55000305  0.00000000  0.00000000  0.00000000     0.0000000     0.0000000    -0.0001265     0.0000000    -2.7107321    -2.7107321    -4.0660979     0.0000000
  0.00000000 10.00000000  0.00000000 -0.00171632     0.0000254     0.0000254    -0.0001834    -0.0000002    -2.5684163    -2.5684163    -4.8055536    -0.0010290
  1.39999998 10.00000000  0.00003552 -0.00171546     0.0000254     0.0000254    -0.0001832     0.0000044    -2.5680044    -2.5679293    -4.8031152     0.0236521
  4.55000019 10.00000000  0.00011426 -0.00170709     0.0000247     0.0000251    -0.0001819     0.0000145    -2.5677688    -2.5629693    -4.7813558     0.0778477
  9.55000019 10.00000000  0.00023087 -0.00167616     0.0000220     0.0000242    -0.0001772     0.0000292    -2.5739493    -2.5501224    -4.7079272     0.1566637
 17.54999924 10.00000000  0.00037672 -0.00159282     0.0000141     0.0000215    -0.0001640     0.0000476    -2.6018471    -2.5227256    -4.5099274     0.2552267
 32.54999924 10.00000000  0.00046605 -0.00139292    -0.0000028     0.0000143    -0.0001335     0.0000543    -2.6433277    -2.4604272    -4.0446631     0.2906459
 52.54999924 10.00000000  0.00030328 -0.00119822    -0.0000126     0.0000058    -0.0001073     0.0000307    -2.5829154    -2.3856244    -3.5975687     0.1643547
 77.55000305 10.00000000  0.00000000 -0.00112909    -0.0000115     0.0000000    -0.0000993    -0.0000006    -2.4986394    -2.3751633    -3.4392685    -0.0031197
  0.00000000 20.00000000  0.00000000 -0.00366776     0.0000468     0.0000468    -0.0003153     0.0000004    -2.2788677    -2.2788677    -4.6458469     0.0013655
  0.69999999 20.00000000  0.00003270 -0.00366694     0.0000467     0.0000467    -0.0003152     0.0000061    -2.2802716    -2.2799451    -4.6459936     0.0183645
  1.39999998 20.00000000  0.00006535 -0.00366499     0.0000466     0.0000467    -0.0003149     0.0000124    -2.2783526    -2.2781086    -4.6421785     0.0375180
  2.97499990 20.00000000  0.00013827 -0.00365468     0.0000459     0.0000465    -0.0003139     0.0000256    -2.2829515    -2.2786272    -4.6336357     0.0774695
  4.55000019 20.00000000  0.00020993 -0.00363875     0.0000452     0.0000461    -0.0003119     0.0000390    -2.2787056    -2.2715082    -4.6112183     0.1181505
  7.05000019 20.00000000  0.00031956 -0.00359797     0.0000424     0.0000453    -0.0003074     0.0000586    -2.2907833    -2.2691590    -4.5719649     0.1768206
  9.55000019 20.00000000  0.00042216 -0.00354440     0.0000397     0.0000442    -0.0003007     0.0000776    -2.2835015    -2.2499631    -4.5017808     0.2350697
 13.55000019 20.00000000  0.00056647 -0.00342383     0.0000323     0.0000418    -0.0002884     0.0001018    -2.3104018    -2.2392838    -4.3852135     0.3077586
 17.54999924 20.00000000  0.00068074 -0.00328013     0.0000244     0.0000388    -0.0002728     0.0001213    -2.3227373    -2.2147910    -4.2324464     0.3676475
 25.04999924 20.00000000  0.00080260 -0.00297120     0.0000085     0.0000320    -0.0002363     0.0001290    -2.3013707    -2.1249480    -3.8520506     0.3905239
 32.54999924 20.00000000  0.00080850 -0.00267088    -0.0000066     0.0000248    -0.0002063     0.0001213    -2.3285393    -2.0927057    -3.5552402     0.3660512
 42.54999924 20.00000000  0.00070175 -0.00235717    -0.0000151     0.0000165    -0.0001716     0.0000886    -2.2033076    -1.9664856    -3.1458277     0.2704929
 52.54999924 20.00000000  0.00050682 -0.00214687    -0.0000227     0.0000096    -0.0001514     0.0000548    -2.1933096    -1.9507722    -2.9367890     0.1653105
 65.05000305 20.00000000  0.00024582 -0.00202475    -0.0000203     0.0000038    -0.0001404     0.0000243    -2.0861868    -1.9057987    -2.7775087     0.0742368
 77.55000305 20.00000000  0.00000000 -0.00198633    -0.0000191     0.0000000    -0.0001363    -0.0000003    -2.0604762    -1.9175328    -2.7333556    -0.0010280
  0.00000000 25.00000000  0.00000000 -0.00593044     0.0000927     0.0000927    -0.0004814    -0.0000001    -2.1396526    -2.1396526    -4.6001493    -0.0002775
  1.39999998 25.00000000  0.00012950 -0.00592489     0.0000925     0.0000925    -0.0004807     0.0000198    -2.1386160    -2.1385383    -4.5952719     0.0423586
  4.55000019 25.00000000  0.00041536 -0.00587296     0.0000891     0.0000913    -0.0004743     0.0000636    -2.1377218    -2.1282169    -4.5521309     0.1362051
  9.55000019 25.00000000  0.00082804 -0.00568436     0.0000759     0.0000867    -0.0004509     0.0001258    -2.1463014    -2.0998898    -4.4040160     0.2696606
 17.54999924 25.00000000  0.00129945 -0.00518356     0.0000389     0.0000740    -0.0003892     0.0001921    -2.2009669    -2.0504283    -4.0357431     0.4115909
 32.54999924 25.00000000  0.00141305 -0.00406019    -0.0000222     0.0000434    -0.0002653     0.0001694    -2.1874893    -1.9061381    -3.2290325     0.3630652
 52.54999924 25.00000000  0.00078110 -0.00316802    -0.0000376     0.0000149    -0.0001880     0.0000660    -1.9680214    -1.7430938    -2.6126716     0.1414656
 77.55000305 25.00000000  0.00000000 -0.00291643    -0.0000268     0.0000000    -0.0001717    -0.0000004    -1.8159467    -1.7010654    -2.4367167    -0.0009240
  0.00000000 30.00000000  0.00000000 -0.00848181     0.0001328     0.0001328    -0.0005367     0.0000002    -1.7538910    -1.7538910    -4.6230574     0.0003867
  0.69999999 30.00000000  0.00009285 -0.00847938     0.0001325     0.0001326    -0.0005364     0.0000121    -1.7574131    -1.7567060    -4.6240976     0.0259265
  1.39999998 30.00000000  0.00018548 -0.00847234     0.0001324     0.0001325    -0.0005357     0.0000245    -1.7535275    -1.7532011    -4.6167460     0.0524089
  2.97499990 30.00000000  0.00039201 -0.00843844     0.0001296     0.0001318    -0.0005323     0.0000513    -1.7670055    -1.7577287    -4.6038577     0.1100144
  4.55000019 30.00000000  0.00059373 -0.00838167     0.0001270     0.0001305    -0.0005265     0.0000781    -1.7619982    -1.7470019    -4.5628708     0.1674617
  7.05000019 30.00000000  0.00089888 -0.00824346     0.0001167     0.0001275    -0.0005129     0.0001167    -1.8035401    -1.7571797    -4.5019287     0.2501156
  9.55000019 30.00000000  0.00117715 -0.00805363     0.0001054     0.0001233    -0.0004936     0.0001542    -1.8190378    -1.7426373    -4.3864870     0.3303925
 13.55000019 30.00000000  0.00154364 -0.00765139     0.0000783     0.0001139    -0.0004536     0.0001943    -1.9049462    -1.7522952    -4.1846160     0.4163668
 17.54999924 30.00000000  0.00180358 -0.00717211     0.0000478     0.0001028    -0.0004079     0.0002283    -2.0005801    -1.7649713    -3.9533676     0.4892567
 25.04999924 30.00000000  0.00197789 -0.00618034     0.0000026     0.0000790    -0.0003144     0.0002134    -1.9854287    -1.6580280    -3.3440044     0.4573298
 32.54999924 30.00000000  0.00184204 -0.00532352    -0.0000381     0.0000566    -0.0002420     0.0001740    -2.0786853    -1.6729125    -2.9524615     0.3727771
 42.54999924 30.00000000  0.00143266 -0.00450485    -0.0000445     0.0000337    -0.0001854     0.0001089    -1.8723763    -1.5374137    -2.4762073     0.2332805
 52.54999924 30.00000000  0.00095228 -0.00402725    -0.0000487     0.0000181    -0.0001560     0.0000528    -1.8074970    -1.5212446    -2.2674352     0.1131150
 65.05000305 30.00000000  0.00042825 -0.00377571    -0.0000381     0.0000066    -0.0001451     0.0000215    -1.6766471    -1.4851851    -2.1350658     0.0460307
 77.55000305 30.00000000  0.00000000 -0.00370285    -0.0000304     0.0000000    -0.0001428    -0.0000013    -1.6151290    -1.4847222    -2.0966766    -0.0028243
  0.00000000 33.00000000  0.00000000 -0.01015279     0.0001586     0.0001586    -0.0005798     0.0000000    -1.5716622    -1.5716622    -4.7362317    -0.0000772
  1.39999998 33.00000000  0.00022140 -0.01013991     0.0001582     0.0001581    -0.0005786     0.0000313    -1.5703530    -1.5704586    -4.7279895     0.0671088
  4.55000019 33.00000000  0.00070830 -0.01001813     0.0001513     0.0001557    -0.0005671     0.0001004    -1.5815656    -1.5626625    -4.6601358     0.2150579
  9.55000019 33.00000000  0.00139511 -0.00957508     0.0001229     0.0001461    -0.0005238     0.0001987    -1.6570821    -1.5578758    -4.4288863     0.4257947
 17.54999924 33.00000000  0.00209727 -0.00840372     0.0000473     0.0001195    -0.0004116     0.0002786    -1.8952288    -1.5858528    -3.8619384     0.5969293
 32.54999924 33.00000000  0.00204116 -0.00602228    -0.0000493     0.0000627    -0.0002220     0.0001822    -1.9985900    -1.5186634    -2.7386948     0.3904309
 52.54999924 33.00000000  0.00100343 -0.00447048    -0.0000520     0.0000191    -0.0001392     0.0000429    -1.6982152    -1.3933536    -2.0715910     0.0919073
 77.55000305 33.00000000  0.00000000 -0.00410930    -0.0000312     0.0000000    -0.0001283    -0.0000017    -1.5002448    -1.3667419    -1.9166100    -0.0037028
  0.00000000 36.00000000  0.00000000 -0.01196071     0.0001888     0.0001888    -0.0006251     0.0000000    -1.3112043    -1.3112043    -4.7993169     0.0000895
  0.69999999 36.00000000  0.00013199 -0.01195652     0.0001883     0.0001886    -0.0006247     0.0000195    -1.3173515    -1.3161894    -4.8015652     0.0417133
  1.39999998 36.00000000  0.00026361 -0.01194400     0.0001881     0.0001883    -0.0006236     0.0000391    -1.3118586    -1.3112498    -4.7906417     0.0837207
  2.97499990 36.00000000  0.00055658 -0.01188492     0.0001835     0.0001871    -0.0006185     0.0000825    -1.3390227    -1.3235720    -4.7762095     0.1768361
  4.55000019 36.00000000  0.00084158 -0.01178412     0.0001790     0.0001850    -0.0006095     0.0001256    -1.3371554    -1.3116082    -4.7162902     0.2691949
  7.05000019 36.00000000  0.00126736 -0.01153868     0.0001610     0.0001798    -0.0005877     0.0001881    -1.4262761    -1.3460280    -4.6353151     0.4030158
  9.55000019 36.00000000  0.00164679 -0.01119653     0.0001403     0.0001724    -0.0005562     0.0002492    -1.4853540    -1.3477123    -4.4705130     0.5340520
 13.55000019 36.00000000  0.00211109 -0.01047590     0.0000940     0.0001558    -0.0004891     0.0002990    -1.6485178    -1.3836692    -4.1476548     0.6407773
 17.54999924 36.00000000  0.00239881 -0.00964161     0.0000431     0.0001367    -0.0004172     0.0003357    -1.8496798    -1.4487302    -3.8224098     0.7194262
 25.04999924 36.00000000  0.00248196 -0.00799316    -0.0000142     0.0000991    -0.0002897     0.0002743    -1.8172138    -1.3316124    -2.9980227     0.5878314
 32.54999924 36.00000000  0.00218541 -0.00665531    -0.0000622     0.0000671    -0.0002013     0.0001911    -1.9496172    -1.3954241    -2.5460442     0.4094823
 42.54999924 36.00000000  0.00159533 -0.00549634    -0.0000585     0.0000375    -0.0001457     0.0000998    -1.6801618    -1.2686469    -2.0538513     0.2137506
 52.54999924 36.00000000  0.00101487 -0.00486221    -0.0000542     0.0000193    -0.0001217     0.0000327    -1.5750585    -1.2598547    -1.8642645     0.0699885
 65.05000305 36.00000000  0.00044299 -0.00455458    -0.0000406     0.0000068    -0.0001143     0.0000119    -1.4433976    -1.2402344    -1.7593391     0.0254948
 77.55000305 36.00000000  0.00000000 -0.00447266    -0.0000303     0.0000000    -0.0001137    -0.0000025    -1.3642299    -1.2344399    -1.7218699    -0.0053028
  0.00000000 38.00000000  0.00000000 -0.01326140     0.0002138     0.0002138    -0.0006760    -0.0000001    -1.2139951    -1.2139951    -5.0273765    -0.0001418
  1.39999998 38.00000000  0.00029826 -0.01324126     0.0002131     0.0002130    -0.0006742     0.0000482    -1.2129364    -1.2132770    -5.0159176     0.1032874
  4.55000019 38.00000000  0.00095089 -0.01304952     0.0002017     0.0002090    -0.0006567     0.0001552    -1.2438485    -1.2128353    -4.9230307     0.3326112
  9.55000019 38.00000000  0.00184334 -0.01234053     0.0001530     0.0001930    -0.0005887     0.0003061    -1.4241727    -1.2527800    -4.6030690     0.6560120
 17.54999924 38.00000000  0.00261718 -0.01047772     0.0000338     0.0001491    -0.0004154     0.0003853    -1.8483030    -1.3539674    -3.7735180     0.8255831
 32.54999924 38.00000000  0.00225608 -0.00704216    -0.0000714     0.0000693    -0.0001842     0.0001927    -1.9026590    -1.2997392    -2.3863588     0.4130055
 52.54999924 38.00000000  0.00100034 -0.00509485    -0.0000541     0.0000190    -0.0001112     0.0000249    -1.4851808    -1.1718840    -1.7300699     0.0533564
 77.55000305 38.00000000  0.00000000 -0.00469132    -0.0000291     0.0000000    -0.0001051    -0.0000028    -1.2753827    -1.1506431    -1.6012251    -0.0060941
  0.00000000 40.00000000  0.00000000 -0.01466483     0.0002455     0.0002455    -0.0007285     0.0000000    -0.9838009    -0.9838009    -5.1582476     0.0000856
  0.69999999 40.00000000  0.00017154 -0.01465885     0.0002446     0.0002451    -0.0007280     0.0000294    -0.9944062    -0.9925048    -5.1627472     0.0629804
  1.39999998 40.00000000  0.00034246 -0.01464096     0.0002445     0.0002446    -0.0007263     0.0000586    -0.9856514    -0.9849681    -5.1460053     0.1256408
  2.97499990 40.00000000  0.00072201 -0.01455667     0.0002368     0.0002427    -0.0007188     0.0001246    -1.0363300    -1.0109980    -5.1315528     0.2669477
  4.55000019 40.00000000  0.00108832 -0.01441102     0.0002292     0.0002392    -0.0007051     0.0001893    -1.0460425    -1.0033576    -5.0502344     0.4057201
  7.05000019 40.00000000  0.00162531 -0.01405368     0.0001995     0.0002305    -0.0006709     0.0002814    -1.2090475    -1.0760376    -4.9391589     0.6029156
  9.55000019 40.00000000  0.00208585 -0.01355139     0.0001653     0.0002184    -0.0006225     0.0003707    -1.3376398    -1.1102213    -4.7141182     0.7944620
 13.55000019 40.00000000  0.00259964 -0.01249148     0.0000951     0.0001919    -0.0005180     0.0004203    -1.5721974    -1.1576246    -4.1996961     0.9006044
 17.54999924 40.00000000  0.00284682 -0.01130335     0.0000208     0.0001622    -0.0004132     0.0004414    -1.8833932    -1.2773862    -3.7432561     0.9459175
 25.04999924 40.00000000  0.00275803 -0.00909499    -0.0000368     0.0001101    -0.0002615     0.0003222    -1.7708466    -1.1411414    -2.7335218     0.6904541
 32.54999924 40.00000000  0.00229437 -0.00739224    -0.0000817     0.0000705    -0.0001664     0.0001939    -1.8724908    -1.2203758    -2.2357630     0.4154211
 42.54999924 40.00000000  0.00157998 -0.00602203    -0.0000663     0.0000371    -0.0001175     0.0000873    -1.5416307    -1.0981596    -1.7607549     0.1870831
 52.54999924 40.00000000  0.00096749 -0.00530704    -0.0000532     0.0000184    -0.0001006     0.0000164    -1.3885611    -1.0817434    -1.5919596     0.0350861
 65.05000305 40.00000000  0.00041184 -0.00497566    -0.0000387     0.0000063    -0.0000961     0.0000045    -1.2669028    -1.0739144    -1.5128494     0.0097092
 77.55000305 40.00000000  0.00000000 -0.00489321    -0.0000272     0.0000000    -0.0000967    -0.0000034    -1.1784177    -1.0618711    -1.4762601    -0.0072012
  0.00000000 41.00000000  0.00000000 -0.01541455     0.0002652     0.0002652    -0.0007698    -0.0000002    -0.9141918    -0.9141918    -5.3499841    -0.0004892
  1.39999998 41.00000000  0.00036984 -0.01538818     0.0002642     0.0002642    -0.0007673     0.0000674    -0.9154894    -0.9157213    -5.3363674     0.1444231
  4.55000019 41.00000000  0.00117310 -0.01513479     0.0002460     0.0002578    -0.0007422     0.0002173    -0.9891180    -0.9382485    -5.2238693     0.4657462
  9.55000019 41.00000000  0.00222687 -0.01418497     0.0001708     0.0002332    -0.0006443     0.0004180    -1.3277908    -1.0605151    -4.8211928     0.8957504
 17.54999924 41.00000000  0.00297206 -0.01171611     0.0000109     0.0001693    -0.0004094     0.0004732    -1.9180532    -1.2388122    -3.7192034     1.0139414
 32.54999924 41.00000000  0.00230265 -0.00755419    -0.0000864     0.0000707    -0.0001569     0.0001918    -1.8495855    -1.1759532    -2.1514274     0.4109524
 52.54999924 41.00000000  0.00094378 -0.00540501    -0.0000522     0.0000180    -0.0000956     0.0000119    -1.3375129    -1.0366751    -1.5235709     0.0255078
 77.55000305 41.00000000  0.00000000 -0.00498791    -0.0000261     0.0000000    -0.0000928    -0.0000036    -1.1306472    -1.0188145    -1.4163890    -0.0076933
  0.00000000 42.00000000  0.00000000 -0.01620437     0.0002888     0.0002888    -0.0008093    -0.0000006    -0.7476142    -0.7476142    -5.4539256    -0.0011926
  0.69999999 42.00000000  0.00020174 -0.01619737     0.0002876     0.0002882    -0.0008084     0.0000383    -0.7618906    -0.7591797    -5.4590751     0.0820813
  1.39999998 42.00000000  0.00040260 -0.01617558     0.0002875     0.0002876    -0.0008061     0.0000764    -0.7478367    -0.7476458    -5.4348063     0.1636120
  2.97499990 42.00000000  0.00084768 -0.01607357     0.0002764     0.0002849    -0.0007962     0.0001622    -0.8283871    -0.7920022    -5.4256525     0.3476135
  4.55000019 42.00000000  0.00127340 -0.01589533     0.0002650     0.0002799    -0.0007775     0.0002456    -0.8590701    -0.7951755    -5.3268916     0.5262307
  7.05000019 42.00000000  0.00188480 -0.01545635     0.0002233     0.0002673    -0.0007306     0.0003601    -1.0993313    -0.9107540    -5.1877608     0.7716951
  9.55000019 42.00000000  0.00239013 -0.01484001     0.0001757     0.0002503    -0.0006665     0.0004670    -1.3081459    -0.9886186    -4.9175301     1.0007595
 13.55000019 42.00000000  0.00290858 -0.01354210     0.0000887     0.0002147    -0.0005322     0.0005081    -1.5813090    -1.0415337    -4.2423570     1.0888830
 17.54999924 42.00000000  0.00309979 -0.01212217    -0.0000008     0.0001766    -0.0004054     0.0005070    -1.9707030    -1.2104605    -3.7048433     1.0863462
 25.04999924 42.00000000  0.00286834 -0.00959665    -0.0000533     0.0001145    -0.0002411     0.0003431    -1.7702361    -1.0510902    -2.5750576     0.7352141
 32.54999924 42.00000000  0.00230035 -0.00770598    -0.0000915     0.0000707    -0.0001471     0.0001899    -1.8316914    -1.1367181    -2.0701729     0.4069438
 42.54999924 42.00000000  0.00153010 -0.00624289    -0.0000692     0.0000360    -0.0001034     0.0000781    -1.4683305    -1.0174768    -1.6147624     0.1672987
 52.54999924 42.00000000  0.00091557 -0.00549834    -0.0000510     0.0000174    -0.0000907     0.0000071    -1.2842538    -0.9908010    -1.4540904     0.0151908
 65.05000305 42.00000000  0.00038398 -0.00515957    -0.0000366     0.0000059    -0.0000877     0.0000008    -1.1720930    -0.9898409    -1.3910516     0.0017606
 77.55000305 42.00000000  0.00000000 -0.00507874    -0.0000248     0.0000000    -0.0000889    -0.0000039    -1.0806822    -0.9743372    -1.3551607    -0.0082528
  0.00000000 43.00000000  0.00000000 -0.01704311     0.0003180     0.0003180    -0.0008687     0.0000001    -0.6331554    -0.6331554    -5.7190244     0.0001580
  1.39999998 43.00000000  0.00044258 -0.01701042     0.0003161     0.0003161    -0.0008650     0.0000905    -0.6398065    -0.6398425    -5.7017035     0.1938265
  4.55000019 43.00000000  0.00139382 -0.01669766     0.0002874     0.0003063    -0.0008285     0.0002911    -0.7813779    -0.7000230    -5.5636900     0.6236922
  9.55000019 43.00000000  0.00257530 -0.01551926     0.0001786     0.0002697    -0.0006913     0.0005323    -1.3178513    -0.9276362    -5.0462144     1.1405942
 17.54999924 43.00000000  0.00323577 -0.01252471    -0.0000158     0.0001844    -0.0003970     0.0005405    -2.0253997    -1.1675416    -3.6590708     1.1582349
 32.54999924 43.00000000  0.00228941 -0.00784829    -0.0000958     0.0000703    -0.0001371     0.0001852    -1.8037380    -1.0917312    -1.9806178     0.3968341
 52.54999924 43.00000000  0.00088209 -0.00558654    -0.0000495     0.0000168    -0.0000860     0.0000023    -1.2305262    -0.9463060    -1.3870239     0.0049643
 77.55000305 43.00000000  0.00000000 -0.00516573    -0.0000235     0.0000000    -0.0000852    -0.0000041    -1.0315289    -0.9309861    -1.2959364    -0.0087850
  0.00000000 44.00000000  0.00000000 -0.01794187     0.0003542     0.0003542    -0.0009266     0.0000005    -0.3528761    -0.3528761    -5.8421066     0.0011150
  0.69999999 44.00000000  0.00024709 -0.01793260     0.0003518     0.0003530    -0.0009257     0.0000535    -0.3854800    -0.3803658    -5.8603274     0.1146004
  1.39999998 44.00000000  0.00049252 -0.01790553     0.0003514     0.0003518    -0.0009220     0.0001058    -0.3688125    -0.3672070    -5.8261982     0.2266578
  2.97499990 44.00000000  0.00103369 -0.01777736     0.0003338     0.0003475    -0.0009068     0.0002243    -0.5032104    -0.4445050    -5.8199183     0.4805484
  4.55000019 44.00000000  0.00154386 -0.01755237     0.0003133     0.0003393    -0.0008790     0.0003374    -0.5981668    -0.4864896    -5.7077146     0.7229986
  7.05000019 44.00000000  0.00224692 -0.01699448     0.0002500     0.0003187    -0.0008074     0.0004808    -0.9741880    -0.6798078    -5.5060118     1.0302791
  9.55000019 44.00000000  0.00279398 -0.01622269     0.0001798     0.0002926    -0.0007180     0.0006028    -1.3344004    -0.8513216    -5.1823527     1.2916148
 13.55000019 44.00000000  0.00328271 -0.01461860     0.0000723     0.0002423    -0.0005434     0.0006181    -1.6518687    -0.9234461    -4.2907460     1.3245721
 17.54999924 44.00000000  0.00337239 -0.01291613    -0.0000333     0.0001922    -0.0003888     0.0005783    -2.1142972    -1.1479596    -3.6379868     1.2392842
 25.04999924 44.00000000  0.00294883 -0.01005461    -0.0000738     0.0001177    -0.0002171     0.0003600    -1.8001405    -0.9794633    -2.4142817     0.7713985
 32.54999924 44.00000000  0.00226578 -0.00798012    -0.0001003     0.0000696    -0.0001268     0.0001804    -1.7804875    -1.0521047    -1.8939143     0.3865684
 42.54999924 44.00000000  0.00144878 -0.00643567    -0.0000711     0.0000340    -0.0000894     0.0000668    -1.3883217    -0.9377802    -1.4668633     0.1432420
 52.54999924 44.00000000  0.00084424 -0.00567043    -0.0000477     0.0000161    -0.0000814    -0.0000028    -1.1736671    -0.9003016    -1.3180677    -0.0060910
 65.05000305 44.00000000  0.00034813 -0.00532706    -0.0000338     0.0000054    -0.0000798    -0.0000031    -1.0719710    -0.9043089    -1.2690769    -0.0065752
 77.55000305 44.00000000  0.00000000 -0.00524905    -0.0000219     0.0000000    -0.0000815    -0.0000044    -0.9803838    -0.8863927    -1.2355981    -0.0093729
  0.00000000 45.00000000  0.00000000 -0.01891583     0.0004007     0.0004007    -0.0010234    -0.0000011    -0.1847977    -0.1847977    -6.2882786    -0.0023285
  1.39999998 45.00000000  0.00055731 -0.01887384     0.0003976     0.0003981    -0.0010179     0.0001343    -0.2010552    -0.1989608    -6.2675714     0.2877066
  4.55000019 45.00000000  0.00172977 -0.01846908     0.0003451     0.0003802    -0.0009564     0.0004208    -0.5013035    -0.3511747    -6.0791792     0.9016117
  9.55000019 45.00000000  0.00304918 -0.01695502     0.0001744     0.0003193    -0.0007442     0.0006979    -1.3991245    -0.7783160    -5.3359481     1.4954987
 17.54999924 45.00000000  0.00351820 -0.01329942    -0.0000547     0.0002005    -0.0003748     0.0006126    -2.1973120    -1.1036940    -3.5689280     1.3126508
 32.54999924 45.00000000  0.00223154 -0.00810196    -0.0001036     0.0000686    -0.0001166     0.0001725    -1.7440784    -1.0062820    -1.7999845     0.3695433
 52.54999924 45.00000000  0.00080086 -0.00574954    -0.0000456     0.0000152    -0.0000771    -0.0000079    -1.1167018    -0.8559501    -1.2517739    -0.0168745
 77.55000305 45.00000000  0.00000000 -0.00532879    -0.0000203     0.0000000    -0.0000780    -0.0000046    -0.9301892    -0.8430092    -1.1773338    -0.0099471
  0.00000000 46.00000000  0.00000000 -0.01998868     0.0004619     0.0004619    -0.0013763    -0.0000029    -0.8807289    -0.8807289    -6.5170278    -0.0047195
  0.69999999 46.00000000  0.00032228 -0.01997789     0.0004589     0.0004604    -0.0013745     0.0001231    -0.9092595    -0.9045542    -6.5315923     0.1756340
  1.39999998 46.00000000  0.00064251 -0.01994139     0.0004573     0.0004589    -0.0013666     0.0002463    -0.8906698    -0.8854529    -6.4859603     0.3527899
  2.97499990 46.00000000  0.00133693 -0.01976669     0.0004232     0.0004494    -0.0013367     0.0005131    -1.0816360    -0.9974226    -6.4675201     0.7335259
  4.55000019 46.00000000  0.00197554 -0.01946510     0.0003824     0.0004342    -0.0012824     0.0007541    -1.2368044    -1.0702667    -6.3234521     1.0850471
  7.05000019 46.00000000  0.00279166 -0.01871238     0.0002759     0.0003960    -0.0011453     0.0010292    -1.6531437    -1.2671836    -5.9695937     1.4661803
  9.55000019 46.00000000  0.00335506 -0.01771101     0.0001647     0.0003513    -0.0009918     0.0011997    -2.0495085    -1.4496077    -5.5268116     1.7161051
 13.55000019 46.00000000  0.00374038 -0.01570936     0.0000381     0.0002760    -0.0007131     0.0011312    -2.0898742    -1.3251118    -4.3283867     1.6179620
 17.54999924 46.00000000  0.00366000 -0.01366564    -0.0000799     0.0002085    -0.0005015     0.0009690    -2.3455472    -1.4184450    -3.5467181     1.3830290
 25.04999924 46.00000000  0.00298510 -0.01045907    -0.0000985     0.0001192    -0.0002733     0.0005541    -1.7589025    -1.0592271    -2.2297781     0.7930472
 32.54999924 46.00000000  0.00218233 -0.00821340    -0.0001069     0.0000670    -0.0001726     0.0002438    -1.5675610    -1.0083250    -1.7075129     0.3482888
 42.54999924 46.00000000  0.00133349 -0.00660093    -0.0000714     0.0000313    -0.0001271     0.0000793    -1.1938910    -0.8634974    -1.3174209     0.1129710
 52.54999924 46.00000000  0.00075334 -0.00582467    -0.0000431     0.0000143    -0.0001186    -0.0000188    -0.9886888    -0.8039749    -1.1825240    -0.0267601
 65.05000305 46.00000000  0.00030450 -0.00547916    -0.0000301     0.0000047    -0.0001171    -0.0000108    -0.9174509    -0.8055473    -1.1490788    -0.0153874
 77.55000305 46.00000000  0.00000000 -0.00540507    -0.0000186     0.0000000    -0.0001177    -0.0000049    -0.8435284    -0.7837859    -1.1159364    -0.0079239
  0.00000000 47.00000000  0.00000000 -0.02180921     0.0006699     0.0006699    -0.0020107    -0.0000024    -1.4395283    -1.4395283    -7.1837253    -0.0025895
  1.39999998 47.00000000  0.00092223 -0.02174474     0.0006553     0.0006587    -0.0019907     0.0003961    -1.4959656    -1.4885526    -7.1659447     0.4244182
  4.55000019 47.00000000  0.00278127 -0.02113701     0.0005163     0.0006113    -0.0018148     0.0011741    -1.8388417    -1.6353304    -6.8339976     1.2579965
  9.55000019 47.00000000  0.00447984 -0.01896365     0.0001464     0.0004691    -0.0012895     0.0016969    -2.5749477    -1.8833896    -5.6517227     1.8180829
 17.54999924 47.00000000  0.00440793 -0.01429177    -0.0001461     0.0002512    -0.0006069     0.0012598    -2.4635459    -1.6123248    -3.4509960     1.3498327
 32.54999924 47.00000000  0.00227020 -0.00843962    -0.0001262     0.0000697    -0.0002135     0.0002951    -1.4271854    -1.0073373    -1.6142449     0.3161989
 52.54999924 47.00000000  0.00068812 -0.00598407    -0.0000422     0.0000131    -0.0001548    -0.0000316    -0.8784594    -0.7600083    -1.1197704    -0.0338458
 77.55000305 47.00000000  0.00000000 -0.00556253    -0.0000159     0.0000000    -0.0001540    -0.0000049    -0.7625460    -0.7283713    -1.0583823    -0.0052914
  0.00000000 48.00000000  0.00000000 -0.02401008     0.0009118     0.0009118    -0.0023764     0.0000021    -0.4154989    -0.4154989    -7.4616919     0.0022868
  0.69999999 48.00000000  0.00063145 -0.02398752     0.0008923     0.0009021    -0.0023611     0.0002386    -0.5165417    -0.4957059    -7.4882416     0.2556386
  1.39999998 48.00000000  0.00124928 -0.02392281     0.0008805     0.0008923    -0.0023270     0.0004792    -0.4877880    -0.4625030    -7.3610629     0.5133757
  2.97499990 48.00000000  0.00256137 -0.02360588     0.0007780     0.0008610    -0.0022426     0.0009625    -0.9201818    -0.7422955    -7.3928015     1.0313003
  4.55000019 48.00000000  0.00369983 -0.02309465     0.0006497     0.0008132    -0.0020903     0.0013667    -1.2966183    -0.9464324    -7.1680901     1.4643117
  7.05000019 48.00000000  0.00496670 -0.02183197     0.0003817     0.0007045    -0.0017383     0.0017156    -1.9763189    -1.2847135    -6.5191938     1.8381784
  9.55000019 48.00000000  0.00560857 -0.02028994     0.0001116     0.0005873    -0.0013836     0.0018522    -2.6953372    -1.6760382    -5.8993977     1.9844934
 13.55000019 48.00000000  0.00565713 -0.01749968    -0.0000672     0.0004175    -0.0009025     0.0015729    -2.5104910    -1.4718508    -4.3003904     1.6852815
 17.54999924 48.00000000  0.00507099 -0.01487941    -0.0002162     0.0002889    -0.0005827     0.0012340    -2.6485838    -1.5661634    -3.4339140     1.3221136
 25.04999924 48.00000000  0.00360940 -0.01111114    -0.0001833     0.0001441    -0.0002899     0.0006750    -1.8030444    -1.1015778    -2.0315580     0.7232336
 32.54999924 48.00000000  0.00232204 -0.00864036    -0.0001431     0.0000713    -0.0001899     0.0002470    -1.4276583    -0.9682544    -1.5280096     0.2646781
 42.54999924 48.00000000  0.00126540 -0.00692374    -0.0000853     0.0000297    -0.0001450     0.0000793    -1.0419575    -0.7955357    -1.1699256     0.0849580
 52.54999924 48.00000000  0.00061688 -0.00613426    -0.0000404     0.0000117    -0.0001437    -0.0000479    -0.8248901    -0.7132415    -1.0462561    -0.0513554
 65.05000305 48.00000000  0.00023590 -0.00578688    -0.0000247     0.0000036    -0.0001468    -0.0000187    -0.7721057    -0.7114588    -1.0337400    -0.0199922
 77.55000305 48.00000000  0.00000000 -0.00571308    -0.0000131     0.0000000    -0.0001453    -0.0000050    -0.7066632    -0.6786577    -0.9899809    -0.0053993
  0.00000000 49.00000000  0.00000000 -0.02668310     0.0012159     0.0012159    -0.0029842     0.0000064     0.2381523     0.2381523    -8.7621373     0.0068740
  1.39999998 49.00000000  0.00166898 -0.02653101     0.0011825     0.0011921    -0.0029279     0.0006921     0.1627856     0.1834690    -8.6450547     0.7415376
  4.55000019 49.00000000  0.00480000 -0.02535351     0.0007691     0.0010549    -0.0024376     0.0018699    -0.9814248    -0.3689572    -7.8530592     2.0034288
  9.55000019 49.00000000  0.00684093 -0.02170066     0.0000325     0.0007163    -0.0014173     0.0021404    -2.7951429    -1.3298793    -5.9020162     2.2933295
 17.54999924 49.00000000  0.00564873 -0.01545361    -0.0002761     0.0003219    -0.0005514     0.0011951    -2.7589570    -1.4775680    -3.3489501     1.2804581
 32.54999924 49.00000000  0.00230056 -0.00882106    -0.0001578     0.0000707    -0.0001696     0.0001901    -1.4388669    -0.9491719    -1.4641464     0.2036264
 52.54999924 49.00000000  0.00052056 -0.00627169    -0.0000403     0.0000099    -0.0001331    -0.0000655    -0.7869209    -0.6793904    -0.9858502    -0.0701855
 77.55000305 49.00000000  0.00000000 -0.00585325    -0.0000113     0.0000000    -0.0001369    -0.0000043    -0.6589323    -0.6348060    -0.9280827    -0.0046372
  0.00000000 50.00000000  0.00000000 -0.02997852     0.0016260     0.0016260    -0.0019808    -0.0000014     1.6939482     1.6939482    -9.4991845    -0.0080917
  0.69999999 50.00000000  0.00112838 -0.02992900     0.0015979     0.0016120    -0.0019792     0.0002576     1.5707396     1.5913262    -9.6128457     0.5158378
  1.39999998 50.00000000  0.00223706 -0.02977852     0.0015701     0.0015979    -0.0019575     0.0005235     1.5141955     1.5548650    -9.4593658     1.0467605
  2.97499990 50.00000000  0.00447819 -0.02907354     0.0012754     0.0015053    -0.0017816     0.0009799     0.9562357     1.2926200    -9.0331052     1.8979319
  4.55000019 50.00000000  0.00625465 -0.02796992     0.0008958     0.0013746    -0.0015491     0.0013786     0.2262918     0.9270522    -8.3914046     2.8222207
  7.05000019 50.00000000  0.00774847 -0.02567682     0.0003838     0.0010991    -0.0011771     0.0014182    -0.7621574     0.2846477    -7.1519452     2.7202803
  9.55000019 50.00000000  0.00817367 -0.02312461    -0.0000841     0.0008559    -0.0008165     0.0013555    -1.5428831    -0.1672505    -5.9621681     2.7547254
 13.55000019 50.00000000  0.00741446 -0.01925185    -0.0002551     0.0005472    -0.0004984     0.0009725    -1.6064453    -0.4322723    -4.2269375     1.8630798
 17.54999924 50.00000000  0.00613282 -0.01598230    -0.0003464     0.0003494    -0.0003040     0.0006385    -1.6068681    -0.5884316    -3.2254026     1.2624191
 25.04999924 50.00000000  0.00400715 -0.01161503    -0.0002597     0.0001600    -0.0001375     0.0003310    -1.0782186    -0.4640576    -1.8321308     0.6621826
 32.54999924 50.00000000  0.00223757 -0.00897965    -0.0001700     0.0000687    -0.0000944     0.0000783    -0.7957469    -0.4462930    -1.3621503     0.1193959
 42.54999924 50.00000000  0.00114323 -0.00718476    -0.0000910     0.0000269    -0.0000734     0.0000258    -0.5272024    -0.3546952    -1.0188565     0.0660557
 52.54999924 50.00000000  0.00041749 -0.00640048    -0.0000392     0.0000079    -0.0000767    -0.0000430    -0.3987436    -0.3297735    -0.9282951    -0.1030819
 65.05000305 50.00000000  0.00016174 -0.00606711    -0.0000167     0.0000025    -0.0000807    -0.0000128    -0.3457554    -0.3176767    -0.9130588    -0.0215104
 77.55000305 50.00000000  0.00000000 -0.00598681    -0.0000092     0.0000000    -0.0000790    -0.0000037    -0.3187139    -0.3052808    -0.8771663    -0.0218030
  0.00000000 50.09999847  0.00000000 -0.03001420     0.0016140     0.0016140    -0.0003586    -0.0000024     1.4098073     1.4098073    -9.8771461    -0.0261850
  1.39999998 50.09999847  0.00221674 -0.02981350     0.0015550     0.0015834    -0.0003520     0.0001025     1.3581523     1.3803829    -9.7081040     1.0981308
  4.55000019 50.09999847  0.00619793 -0.02800032     0.0008870     0.0013622    -0.0003051     0.0002819     0.7718873     1.1445356    -8.6203480     3.0216785
  9.55000019 50.09999847  0.00809483 -0.02314484    -0.0000841     0.0008476    -0.0002022     0.0002714    -0.0831412     0.6475086    -6.0319466     2.9092236
 17.54999924 50.09999847  0.00607279 -0.01599249    -0.0003432     0.0003460    -0.0001016     0.0001200    -0.3132210     0.2272248    -3.1976186     1.2860850
 32.54999924 50.09999847  0.00221501 -0.00898376    -0.0001683     0.0000680    -0.0000409     0.0000073    -0.1592096     0.0261457    -1.3318475     0.0780685
 52.54999924 50.09999847  0.00041307 -0.00640335    -0.0000387     0.0000079    -0.0000286    -0.0000119    -0.0457608    -0.0092126    -0.9142617    -0.1270463
 77.55000305 50.09999847  0.00000000 -0.00598957    -0.0000091     0.0000000    -0.0000275    -0.0000037    -0.0199713    -0.0128632    -0.8701558    -0.0395085
  0.00000000 50.20000076  0.00000000 -0.03005024     0.0016019     0.0016019    -0.0003652    -0.0000035     1.3951956     1.3951956   -10.0977483    -0.0380152
  0.69999999 50.20000076  0.00110978 -0.03000115     0.0015689     0.0015854    -0.0003638     0.0000488     1.3653298     1.3782718   -10.0737988     0.5234668
  1.39999998 50.20000076  0.00219645 -0.02984891     0.0015400     0.0015689    -0.0003552     0.0001060     1.3421815     1.3648567    -9.8226690     1.1365268
  2.97499990 50.20000076  0.00439862 -0.02914037     0.0012523     0.0014785    -0.0003374     0.0001801     1.0891555     1.2665322    -9.4280315     1.9305603
  4.55000019 50.20000076  0.00614129 -0.02803094     0.0008781     0.0013497    -0.0003077     0.0002863     0.7618108     1.1316480    -8.7117222     3.0682944
  7.05000019 50.20000076  0.00760448 -0.02572629     0.0003749     0.0010786    -0.0002478     0.0002536     0.3212511     0.8730789    -7.1646548     2.7181421
  9.55000019 50.20000076  0.00801596 -0.02316505    -0.0000842     0.0008394    -0.0002021     0.0002736    -0.0839384     0.6402887    -6.0332539     2.9326693
 13.55000019 50.20000076  0.00726985 -0.01927914    -0.0002504     0.0005365    -0.0001362     0.0001717    -0.2292031     0.3878774    -4.1637436     1.8406695
 17.54999924 50.20000076  0.00601271 -0.01600263    -0.0003399     0.0003426    -0.0001010     0.0001199    -0.3104024     0.2247976    -3.1780818     1.2854509
 25.04999924 50.20000076  0.00392647 -0.01162634    -0.0002547     0.0001567    -0.0000563     0.0000641    -0.2334176     0.0892121    -1.8139464     0.6866470
 32.54999924 50.20000076  0.00219242 -0.00898783    -0.0001666     0.0000674    -0.0000405     0.0000069    -0.1575953     0.0258724    -1.3187317     0.0741053
 42.54999924 50.20000076  0.00111901 -0.00719102    -0.0000892     0.0000263    -0.0000311     0.0000080    -0.0893648     0.0011963    -1.0051598     0.0859180
 52.54999924 50.20000076  0.00040865 -0.00640620    -0.0000383     0.0000078    -0.0000284    -0.0000120    -0.0452760    -0.0091348    -0.9061046    -0.1286610
 65.05000305 50.20000076  0.00015810 -0.00607282    -0.0000163     0.0000024    -0.0000283    -0.0000016    -0.0264803    -0.0117566    -0.8972977    -0.0172867
 77.55000305 50.20000076  0.00000000 -0.00599231    -0.0000090     0.0000000    -0.0000273    -0.0000037    -0.0197801    -0.0127615    -0.8635459    -0.0393747
  0.00000000 50.85000229  0.00000000 -0.03029824     0.0015139     0.0015139    -0.0003949    -0.0000010     1.2968814     1.2968814   -11.1064047    -0.0106773
  1.39999998 50.85000229  0.00206711 -0.03008891     0.0014476     0.0014765    -0.0003842     0.0001153     1.2398168     1.2625159   -10.8166707     1.2360668
  4.55000019 50.85000229  0.00577470 -0.02823582     0.0008207     0.0012692    -0.0003223     0.0003044     0.6976156     1.0492484    -9.2308295     3.2625092
  9.55000019 50.85000229  0.00750293 -0.02329597    -0.0000846     0.0007856    -0.0002005     0.0002825    -0.0886115     0.5938294    -6.0054741     3.0277958
 17.54999924 50.85000229  0.00562065 -0.01606718    -0.0003185     0.0003203    -0.0000978     0.0001204    -0.2923295     0.2085823    -3.0782117     1.2907519
 32.54999924 50.85000229  0.00204490 -0.00901343    -0.0001555     0.0000628    -0.0000383     0.0000062    -0.1472850     0.0238871    -1.2472096     0.0659886
 52.54999924 50.85000229  0.00037971 -0.00642410    -0.0000355     0.0000072    -0.0000267    -0.0000123    -0.0421426    -0.0086383    -0.8533952    -0.1316349
 77.55000305 50.85000229  0.00000000 -0.00600957    -0.0000082     0.0000000    -0.0000258    -0.0000036    -0.0184602    -0.0120161    -0.8144249    -0.0386001
  0.00000000 51.50000000  0.00000000 -0.03056355     0.0014260     0.0014260    -0.0004232     0.0000000     1.1991420     1.1991420   -12.0752237     0.0001206
  0.69999999 51.50000000  0.00098354 -0.03050975     0.0013841     0.0014051    -0.0004197     0.0000553     1.1620318     1.1784326   -11.9917491     0.5930033
  1.39999998 51.50000000  0.00193780 -0.03034838     0.0013551     0.0013841    -0.0004120     0.0001253     1.1379360     1.1607362   -11.7712103     1.3429248
  2.97499990 51.50000000  0.00388241 -0.02960779     0.0011015     0.0013050    -0.0003825     0.0002048     0.9209685     1.0805384   -10.9898607     2.1951684
  4.55000019 51.50000000  0.00540759 -0.02844987     0.0007631     0.0011885    -0.0003382     0.0003253     0.6325664     0.9661274    -9.7930369     3.4868026
  7.05000019 51.50000000  0.00666630 -0.02605572     0.0003160     0.0009456    -0.0002581     0.0002803     0.2525938     0.7463106    -7.5742154     3.0042646
  9.55000019 51.50000000  0.00698742 -0.02342572    -0.0000853     0.0007317    -0.0001995     0.0002924    -0.0937596     0.5468378    -5.9986408     3.1337771
 13.55000019 51.50000000  0.00632427 -0.01945334    -0.0002201     0.0004667    -0.0001316     0.0001808    -0.2071453     0.3314807    -4.0362011     1.9375337
 17.54999924 51.50000000  0.00522627 -0.01612979    -0.0002971     0.0002978    -0.0000945     0.0001208    -0.2741631     0.1923049    -2.9749502     1.2944186
 25.04999924 51.50000000  0.00339910 -0.01169632    -0.0002220     0.0001357    -0.0000515     0.0000652    -0.2045753     0.0758890    -1.6576120     0.6984555
 32.54999924 51.50000000  0.00189676 -0.00903767    -0.0001442     0.0000583    -0.0000361     0.0000052    -0.1368758     0.0219311    -1.1728471     0.0560239
 42.54999924 51.50000000  0.00096108 -0.00722900    -0.0000773     0.0000226    -0.0000274     0.0000080    -0.0776839     0.0006467    -0.8863287     0.0857588
 52.54999924 51.50000000  0.00035069 -0.00644094    -0.0000327     0.0000067    -0.0000250    -0.0000126    -0.0389849    -0.0081302    -0.7998547    -0.1353350
 65.05000305 51.50000000  0.00013443 -0.00610751    -0.0000140     0.0000021    -0.0000251    -0.0000016    -0.0230592    -0.0104386    -0.7940196    -0.0174253
 77.55000305 51.50000000  0.00000000 -0.00602580    -0.0000075     0.0000000    -0.0000242    -0.0000035    -0.0171361    -0.0112691    -0.7652033    -0.0378455
  0.00000000 52.15000153  0.00000000 -0.03085004     0.0013308     0.0013308    -0.0004566     0.0000019     1.0921696     1.0921696   -13.2100753     0.0198958
  1.39999998 52.15000153  0.00180935 -0.03062585     0.0012647     0.0012924    -0.0004440     0.0001331     1.0361359     1.0578337   -12.8585566     1.4262897
  4.55000019 52.15000153  0.00503849 -0.02867587     0.0007058     0.0011074    -0.0003554     0.0003406     0.5672049     0.8821142   -10.3939011     3.6511367
  9.55000019 52.15000153  0.00646952 -0.02355521    -0.0000852     0.0006774    -0.0001981     0.0002998    -0.0981375     0.4999016    -5.9762882     3.2136388
 17.54999924 52.15000153  0.00482913 -0.01619004    -0.0002754     0.0002752    -0.0000912     0.0001211    -0.2557560     0.1759448    -2.8693613     1.2976012
 32.54999924 52.15000153  0.00174748 -0.00906031    -0.0001330     0.0000537    -0.0000338     0.0000044    -0.1264480     0.0199472    -1.0984214     0.0470873
 52.54999924 52.15000153  0.00032137 -0.00645667    -0.0000299     0.0000061    -0.0000234    -0.0000129    -0.0358495    -0.0076311    -0.7464410    -0.1386926
 77.55000305 52.15000153  0.00000000 -0.00604103    -0.0000068     0.0000000    -0.0000227    -0.0000035    -0.0158240    -0.0105231    -0.7159700    -0.0371674
  0.00000000 52.79999924  0.00000000 -0.03115713     0.0012337     0.0012337    -0.0004788     0.0000025     2.5332802     2.5332802   -14.3072025     0.0304527
  0.69999999 52.79999924  0.00085138 -0.03109835     0.0011988     0.0012163    -0.0004748     0.0000559     2.4581549     2.4896244   -14.2148161     0.6640143
  1.39999998 52.79999924  0.00167828 -0.03092556     0.0011727     0.0011988    -0.0004649     0.0001284     2.4088047     2.4556800   -13.9034637     1.5255429
  2.97499990 52.79999924  0.00335483 -0.03013851     0.0009473     0.0011277    -0.0004230     0.0002038     1.9474968     2.2721475   -12.7455536     2.4174993
  4.55000019 52.79999924  0.00466228 -0.02891184     0.0006480     0.0010247    -0.0003621     0.0003261     1.3396061     2.0175294   -11.0210696     3.8734031
  7.05000019 52.79999924  0.00571249 -0.02639791     0.0002571     0.0008103    -0.0002576     0.0002729     0.5491127     1.5448554    -7.9459531     3.2358797
  9.55000019 52.79999924  0.00594758 -0.02368322    -0.0000848     0.0006228    -0.0001859     0.0002807    -0.1665125     1.1069794    -5.9786969     3.3350479
 13.55000019 52.79999924  0.00536708 -0.01962106    -0.0001897     0.0003961    -0.0001168     0.0001694    -0.3918693     0.6625707    -3.8839272     2.0088575
 17.54999924 52.79999924  0.00442967 -0.01624829    -0.0002535     0.0002524    -0.0000792     0.0001103    -0.5356794     0.3748679    -2.7756350     1.3085931
 25.04999924 52.79999924  0.00286664 -0.01176009    -0.0001888     0.0001144    -0.0000407     0.0000601    -0.4042714     0.1415287    -1.4983757     0.7138514
 32.54999924 52.79999924  0.00159764 -0.00908160    -0.0001217     0.0000491    -0.0000273     0.0000026    -0.2695607     0.0378141    -1.0295695     0.0296394
 42.54999924 52.79999924  0.00080230 -0.00726226    -0.0000653     0.0000189    -0.0000206     0.0000076    -0.1529707    -0.0015298    -0.7683070     0.0908566
 52.54999924 52.79999924  0.00029198 -0.00647134    -0.0000271     0.0000056    -0.0000192    -0.0000124    -0.0747003    -0.0160080    -0.6929349    -0.1475030
 65.05000305 52.79999924  0.00011072 -0.00613798    -0.0000117     0.0000017    -0.0000195    -0.0000014    -0.0436431    -0.0195583    -0.6915925    -0.0164103
 77.55000305 52.79999924  0.00000000 -0.00605524    -0.0000060     0.0000000    -0.0000188    -0.0000034    -0.0315685    -0.0207051    -0.6652484    -0.0408815
  0.00000000 53.45000076  0.00000000 -0.03147049     0.0011261     0.0011261    -0.0004949     0.0000042     3.6130946     3.6130946   -15.6995157     0.0555230
  1.39999998 53.45000076  0.00153092 -0.03122796     0.0010700     0.0010935    -0.0004788     0.0001326     3.4318509     3.4981283   -15.2134888     1.7612035
  4.55000019 53.45000076  0.00424368 -0.02914463     0.0005864     0.0009327    -0.0003628     0.0003337     1.9001410     2.8751423   -11.7322037     4.4334504
  9.55000019 53.45000076  0.00538981 -0.02379626    -0.0000816     0.0005644    -0.0001718     0.0002716    -0.2468344     1.5720730    -5.9592128     3.6083930
 17.54999924 53.45000076  0.00401363 -0.01629321    -0.0002300     0.0002287    -0.0000679     0.0001009    -0.7637689     0.5277216    -2.6808892     1.3401731
 32.54999924 53.45000076  0.00144541 -0.00909606    -0.0001099     0.0000444    -0.0000215     0.0000004    -0.3834384     0.0510688    -0.9607124     0.0057414
 52.54999924 53.45000076  0.00026343 -0.00648173    -0.0000242     0.0000050    -0.0000154    -0.0000119    -0.1051646    -0.0229559    -0.6389906    -0.1582040
 77.55000305 53.45000076  0.00000000 -0.00606562    -0.0000053     0.0000000    -0.0000153    -0.0000034    -0.0441086    -0.0291198    -0.6141750    -0.0445436
  0.00000000 54.09999847  0.00000000 -0.03180052     0.0010197     0.0010197    -0.0005202     0.0000051     3.1489638     3.1489638   -17.0606303     0.0683590
  0.69999999 54.09999847  0.00070319 -0.03173558     0.0009894     0.0010046    -0.0005171     0.0000674     3.0433238     3.0859107   -17.0123823     0.8954073
  1.39999998 54.09999847  0.00138521 -0.03154796     0.0009683     0.0009894    -0.0005036     0.0001512     2.9858919     3.0455329   -16.5426280     2.0089615
  2.97499990 54.09999847  0.00276593 -0.03069902     0.0007760     0.0009297    -0.0004504     0.0002388     2.3913059     2.8242178   -14.8718147     3.1726641
  4.55000019 54.09999847  0.00382952 -0.02938345     0.0005250     0.0008417    -0.0003770     0.0003775     1.6162263     2.5077345   -12.5532756     5.0156457
  7.05000019 54.09999847  0.00467510 -0.02672022     0.0002010     0.0006631    -0.0002472     0.0003019     0.6382447     1.9393550    -8.2859379     4.0114261
  9.55000019 54.09999847  0.00483469 -0.02390659    -0.0000789     0.0005062    -0.0001696     0.0002916    -0.2670470     1.3805428    -5.9668539     3.8750639
 13.55000019 54.09999847  0.00435624 -0.01975617    -0.0001548     0.0003215    -0.0001006     0.0001694    -0.5118976     0.8290911    -3.6876122     2.2508183
 17.54999924 54.09999847  0.00359652 -0.01633653    -0.0002067     0.0002049    -0.0000651     0.0001025    -0.6938579     0.4651753    -2.5737935     1.3619613
 25.04999924 54.09999847  0.00231426 -0.01180284    -0.0001536     0.0000924    -0.0000311     0.0000559    -0.5202836     0.1723277    -1.3311301     0.7431990
 32.54999924 54.09999847  0.00129249 -0.00910958    -0.0000981     0.0000397    -0.0000199    -0.0000013    -0.3434457     0.0445982    -0.8858590    -0.0171985
 42.54999924 54.09999847  0.00064131 -0.00728328    -0.0000529     0.0000151    -0.0000149     0.0000069    -0.1957470    -0.0044002    -0.6506791     0.0914367
 52.54999924 54.09999847  0.00023476 -0.00649131    -0.0000213     0.0000045    -0.0000141    -0.0000126    -0.0935718    -0.0210221    -0.5854598    -0.1677189
 65.05000305 54.09999847  0.00008748 -0.00615859    -0.0000094     0.0000013    -0.0000146    -0.0000012    -0.0558523    -0.0256262    -0.5895921    -0.0162828
 77.55000305 54.09999847  0.00000000 -0.00607518    -0.0000046     0.0000000    -0.0000141    -0.0000033    -0.0396129    -0.0266425    -0.5649678    -0.0438334
  0.00000000 54.75000000  0.00000000 -0.03215017     0.0009110     0.0009110    -0.0005559     0.0000008     2.6580536     2.6580536   -18.8397951     0.0107559
  1.39999998 54.75000000  0.00123994 -0.03188560     0.0008669     0.0008857    -0.0005376     0.0001678     2.5257427     2.5785928   -18.2327658     2.2293112
  4.55000019 54.75000000  0.00341635 -0.02963560     0.0004638     0.0007508    -0.0003939     0.0004083     1.3284135     2.1366650   -13.4775441     5.4243494
  9.55000019 54.75000000  0.00428264 -0.02401643    -0.0000753     0.0004484    -0.0001664     0.0003057    -0.2821718     1.1924044    -5.9312851     4.0612855
 17.54999924 54.75000000  0.00317782 -0.01637785    -0.0001832     0.0001811    -0.0000623     0.0001036    -0.6230171     0.4027021    -2.4605003     1.3768349
 32.54999924 54.75000000  0.00113779 -0.00912197    -0.0000863     0.0000350    -0.0000183    -0.0000029    -0.3035185     0.0379379    -0.8110853    -0.0378821
 52.54999924 54.75000000  0.00020539 -0.00650007    -0.0000185     0.0000039    -0.0000129    -0.0000133    -0.0822236    -0.0191786    -0.5322137    -0.1764803
 77.55000305 54.75000000  0.00000000 -0.00608397    -0.0000039     0.0000000    -0.0000129    -0.0000033    -0.0352567    -0.0241938    -0.5159701    -0.0432234
  0.00000000 55.39999771  0.00000000 -0.03252324     0.0008001     0.0008001    -0.0007372    -0.0000036    17.3322419    17.3322419   -20.1478423    -0.0584540
  0.69999999 55.39999771  0.00055297 -0.03245540     0.0007798     0.0007900    -0.0007291     0.0000689    16.8450576    17.0489380   -20.0629722     1.0768351
  1.39999998 55.39999771  0.00109172 -0.03224680     0.0007638     0.0007798    -0.0007097     0.0001615    16.6491203    16.9709663   -19.2573164     2.5277656
  2.97499990 55.39999771  0.00217254 -0.03131717     0.0006044     0.0007303    -0.0006212     0.0002449    13.0734054    15.5999479   -17.2048554     3.8346897
  4.55000019 55.39999771  0.00299566 -0.02989549     0.0004026     0.0006584    -0.0005025     0.0003828     8.6754473    13.8117294   -14.2079488     5.9921045
  7.05000019 55.39999771  0.00363476 -0.02704171     0.0001470     0.0005156    -0.0003082     0.0002999     3.4621168    10.8628076    -8.4731385     4.6860113
  9.55000019 55.39999771  0.00373045 -0.02412289    -0.0000710     0.0003906    -0.0001822     0.0002809    -1.6554408     7.6117813    -5.9840892     4.4091562
 13.55000019 55.39999771  0.00334430 -0.01988193    -0.0001216     0.0002468    -0.0000929     0.0001550    -2.7776211     4.6184932    -3.4792774     2.4125931
 17.54999924 55.39999771  0.00275789 -0.01641746    -0.0001598     0.0001571    -0.0000443     0.0000898    -3.7658845     2.5970584    -2.4154956     1.4023372
 25.04999924 55.39999771  0.00175934 -0.01184083    -0.0001184     0.0000702    -0.0000109     0.0000505    -2.8024677     0.9839576    -1.1507010     0.7934139
 32.54999924 55.39999771  0.00098250 -0.00913342    -0.0000745     0.0000302    -0.0000046    -0.0000068    -1.8379707     0.2635886    -0.7922336    -0.1190271
 42.54999924 55.39999771  0.00047996 -0.00730089    -0.0000403     0.0000113    -0.0000035     0.0000075    -1.0323132     0.0038361    -0.5346347     0.1230312
 52.54999924 55.39999771  0.00017593 -0.00650803    -0.0000157     0.0000033    -0.0000062    -0.0000137    -0.4633402    -0.0818858    -0.4760504    -0.2201810
 65.05000305 55.39999771  0.00006428 -0.00617593    -0.0000070     0.0000010    -0.0000079    -0.0000007    -0.2748280    -0.1136980    -0.4961106    -0.0089738
 77.55000305 55.39999771  0.00000000 -0.00609196    -0.0000032     0.0000000    -0.0000078    -0.0000032    -0.1733135    -0.1080988    -0.4479066    -0.0515636
  0.00000000 56.04999924  0.00000000 -0.03308370     0.0006855     0.0006855    -0.0008421     0.0000038    24.9860003    24.9860003   -23.9526915     0.0719489
  1.39999998 56.04999924  0.00093052 -0.03278513     0.0006540     0.0006647    -0.0008109     0.0002293    23.8029778    24.2014510   -23.1141569     4.3262966
  4.55000019 56.04999924  0.00254465 -0.03026959     0.0003352     0.0005593    -0.0005518     0.0005435    12.0383413    20.4052317   -15.8253657    10.2550753
  9.55000019 56.04999924  0.00315044 -0.02424672    -0.0000662     0.0003299    -0.0001778     0.0003368    -3.1167116    11.6739000    -5.9148808     6.3545542
 17.54999924 56.04999924  0.00232003 -0.01643607    -0.0001343     0.0001322    -0.0000283     0.0000869    -5.9968672     3.9527056    -2.4086851     1.6389111
 32.54999924 56.04999924  0.00082145 -0.00912919    -0.0000622     0.0000252     0.0000054    -0.0000145    -2.8818585     0.3829769    -0.7843512    -0.2729433
 52.54999924 56.04999924  0.00014592 -0.00650857    -0.0000129     0.0000028    -0.0000009    -0.0000151    -0.7165104    -0.1294735    -0.4127304    -0.2840188
 77.55000305 56.04999924  0.00000000 -0.00609435    -0.0000027     0.0000000    -0.0000035    -0.0000031    -0.2692774    -0.1688675    -0.3754618    -0.0592752
  0.00000000 56.69999695  0.00000000 -0.03361799     0.0005999     0.0005999    -0.0008093     0.0000086    19.4652800    19.4652800   -26.9308021     0.1628922
  0.69999999 56.69999695  0.00041248 -0.03353571     0.0005786     0.0005893    -0.0007971     0.0001480    18.4348663    18.8331120   -26.9881498     2.7916613
  1.39999998 56.69999695  0.00081003 -0.03330097     0.0005678     0.0005786    -0.0007680     0.0003220    18.5680578    18.9729761   -25.2993717     6.0744072
  2.97499990 56.69999695  0.00161066 -0.03222958     0.0004384     0.0005414    -0.0006669     0.0005301    13.7757139    17.6203158   -22.4839576    10.0017617
  4.55000019 56.69999695  0.00219110 -0.03061286     0.0002715     0.0004816    -0.0005155     0.0007586     8.0424728    15.8861310   -17.5297015    14.3116832
  7.05000019 56.69999695  0.00260245 -0.02746997     0.0000847     0.0003691    -0.0002856     0.0005660     2.7359229    13.3559371    -8.4905058    10.6786751
  9.55000019 56.69999695  0.00261470 -0.02435404    -0.0000693     0.0002738    -0.0001553     0.0004333    -3.6642458     9.1463357    -6.0217037     8.1756483
 13.55000019 56.69999695  0.00230537 -0.01998586    -0.0000910     0.0001701    -0.0000679     0.0002232    -4.0720117     5.6780200    -2.9717074     4.2102327
 17.54999924 56.69999695  0.00188682 -0.01645432    -0.0001115     0.0001075    -0.0000261     0.0000965    -5.1088598     3.0678683    -2.2862334     1.8203750
 25.04999924 56.69999695  0.00118713 -0.01183481    -0.0000819     0.0000474     0.0000032     0.0000520    -3.6432350     1.1851832    -0.8862752     0.9818794
 32.54999924 56.69999695  0.00065798 -0.00912643    -0.0000501     0.0000202     0.0000037    -0.0000236    -2.3438354     0.2817327    -0.6858742    -0.4453776
 42.54999924 56.69999695  0.00031721 -0.00729572    -0.0000271     0.0000075     0.0000027     0.0000059    -1.3161987    -0.0247507    -0.4308802     0.1108565
 52.54999924 56.69999695  0.00011534 -0.00650921    -0.0000102     0.0000022    -0.0000009    -0.0000189    -0.5706416    -0.1085327    -0.3424500    -0.3570303
 65.05000305 56.69999695  0.00004201 -0.00618051    -0.0000046     0.0000006    -0.0000034    -0.0000005    -0.3645209    -0.1681488    -0.4126436    -0.0090608
 77.55000305 56.69999695  0.00000000 -0.00609646    -0.0000021     0.0000000    -0.0000030    -0.0000031    -0.2198992    -0.1412076    -0.3162732    -0.0577597
  0.00000000 57.34999847  0.00000000 -0.03415443     0.0005291     0.0005291    -0.0008338     0.0000065    13.1808432    13.1808432   -33.6570038     0.1232117
  1.39999998 57.34999847  0.00072001 -0.03380803     0.0005057     0.0005143    -0.0008005     0.0003897    12.6476691    12.9704019   -32.1772189     7.3526415
  4.55000019 57.34999847  0.00190704 -0.03094481     0.0002068     0.0004191    -0.0004947     0.0009139     3.7798831    11.7092194   -20.0335394    17.2424709
  9.55000019 57.34999847  0.00211828 -0.02444629    -0.0000785     0.0002218    -0.0001257     0.0004878    -4.2479667     6.9662983    -5.6137692     9.2041558
 17.54999924 57.34999847  0.00145496 -0.01646966    -0.0000891     0.0000829    -0.0000228     0.0001006    -4.2062929     2.2149820    -2.0864429     1.8984431
 32.54999924 57.34999847  0.00048629 -0.00912435    -0.0000383     0.0000149     0.0000021    -0.0000314    -1.8262529     0.1610662    -0.6034966    -0.5933017
 52.54999924 57.34999847  0.00008080 -0.00650980    -0.0000078     0.0000015    -0.0000010    -0.0000224    -0.4517124    -0.1015817    -0.2917887    -0.4218374
 77.55000305 57.34999847  0.00000000 -0.00609823    -0.0000018     0.0000000    -0.0000025    -0.0000029    -0.1849065    -0.1188338    -0.2662270    -0.0556148
  0.00000000 57.99999619  0.00000000 -0.03470195     0.0004722     0.0004722    -0.0007275    -0.0000066    84.5826049    84.5826049   -38.6069296    -0.3667049
  0.69999999 57.99999619  0.00032761 -0.03461416     0.0004639     0.0004680    -0.0007312     0.0001230    82.0694211    82.5328093   -40.4514387     3.7561377
  1.39999998 57.99999619  0.00064940 -0.03434157     0.0004555     0.0004639    -0.0007119     0.0002778    82.2589479    83.1918416   -37.0010861     8.7995236
  2.97499990 57.99999619  0.00126414 -0.03311002     0.0003252     0.0004249    -0.0005855     0.0004571    60.5091562    71.6031194   -32.8242238    14.0492952
  4.55000019 57.99999619  0.00167381 -0.03125596     0.0001442     0.0003679    -0.0003929     0.0006593    33.8762588    58.7661990   -20.0911280    21.2196317
  7.05000019 57.99999619  0.00178301 -0.02778965    -0.0000060     0.0002529    -0.0001830     0.0004590     8.4716728    37.2739625    -8.6022834    13.9847875
  9.55000019 57.99999619  0.00164401 -0.02451744    -0.0000919     0.0001721    -0.0000766     0.0003292    -8.7842804    20.5939178    -5.8810850    10.7080455
 13.55000019 57.99999619  0.00133213 -0.02005311    -0.0000774     0.0000983    -0.0000255     0.0001640    -8.4806087    11.0683245    -2.0974896     5.0881844
 17.54999924 57.99999619  0.00102489 -0.01648395    -0.0000681     0.0000584    -0.0000114     0.0000635    -9.2290005     4.8399684    -2.3865712     2.0099575
 25.04999924 57.99999619  0.00062237 -0.01183191    -0.0000475     0.0000248     0.0000065     0.0000352    -6.7204523     1.3248223    -0.5154657     1.1845458
 32.54999924 57.99999619  0.00031293 -0.00912372    -0.0000265     0.0000096     0.0000033    -0.0000232    -4.2297944    -0.2064492    -0.7710172    -0.8720228
 42.54999924 57.99999619  0.00015598 -0.00729388    -0.0000134     0.0000037     0.0000023     0.0000040    -2.1483279    -0.2550874    -0.3136793     0.1838214
 52.54999924 57.99999619  0.00004593 -0.00651050    -0.0000055     0.0000009     0.0000004    -0.0000151    -0.9584761    -0.2539826    -0.2311512    -0.5440164
 65.05000305 57.99999619  0.00002035 -0.00618481    -0.0000018     0.0000003    -0.0000017    -0.0000001    -0.4546147    -0.2154186    -0.3536820     0.0047465
 77.55000305 57.99999619  0.00000000 -0.00609973    -0.0000014     0.0000000    -0.0000007    -0.0000028    -0.2924231    -0.1346046    -0.1376812    -0.1570831
  0.00000000 58.09999466  0.00000000 -0.03476082     0.0004428     0.0004428    -0.0005733    -0.0000081   149.4625515   149.4625515   -38.7130950    -0.7498300
  1.39999998 58.09999466  0.00060438 -0.03439831     0.0004255     0.0004317    -0.0005522     0.0001128   144.6878968   145.8382954   -36.3633030    10.4447117
  4.55000019 58.09999466  0.00155923 -0.03128746     0.0001325     0.0003427    -0.0003069     0.0002808    60.8845956    99.8156033   -20.4745356    26.0045803
  9.55000019 58.09999466  0.00153155 -0.02452327    -0.0000873     0.0001604    -0.0000564     0.0001285   -12.5789526    33.2905977    -6.8561977    11.8971565
 17.54999924 58.09999466  0.00095061 -0.01648413    -0.0000634     0.0000542    -0.0000019     0.0000227   -14.1549108     7.6157650    -2.7757027     2.1031773
 32.54999924 58.09999466  0.00028840 -0.00912308    -0.0000245     0.0000089     0.0000060    -0.0000122    -6.5995451    -0.4279875    -0.9519134    -1.1324514
 52.54999924 58.09999466  0.00004213 -0.00651032    -0.0000050     0.0000008     0.0000018    -0.0000071    -1.4351429    -0.3644706    -0.1788979    -0.6611806
 77.55000305 58.09999466  0.00000000 -0.00609967    -0.0000013     0.0000000     0.0000006    -0.0000028    -0.3912154    -0.1485774    -0.0332915    -0.2593097
  0.00000000 58.19999695  0.00000000 -0.03481662     0.0004143     0.0004143    -0.0005480    -0.0000096   137.3427412   137.3427412   -40.8613571    -0.8931869
  0.69999999 58.19999695  0.00028515 -0.03472884     0.0004004     0.0004074    -0.0005385     0.0000537   132.3291329   133.6138330   -41.5465000     4.9696662
  1.39999998 58.19999695  0.00056059 -0.03445201     0.0003963     0.0004004    -0.0005195     0.0001415   133.2654331   134.0366372   -36.3195160    13.1031114
  2.97499990 58.19999695  0.00110211 -0.03320325     0.0002817     0.0003705    -0.0004399     0.0002138    98.0236593   114.4647286   -35.5939312    19.7961045
  4.55000019 58.19999695  0.00144787 -0.03131734     0.0001208     0.0003182    -0.0002911     0.0003477    54.3268987    90.8851784   -21.9499456    32.1948927
  7.05000019 58.19999695  0.00154606 -0.02781815    -0.0000057     0.0002193    -0.0001326     0.0001921    16.4647536    58.1241560    -7.0379706    17.7871126
  9.55000019 58.19999695  0.00141956 -0.02452873    -0.0000831     0.0001486    -0.0000516     0.0001397   -12.3493283    30.5573544    -6.5190290    12.9322273
 13.55000019 58.19999695  0.00114264 -0.02005606    -0.0000679     0.0000843    -0.0000145     0.0000631   -12.1616861    16.0280760    -2.2776445     5.8381471
 17.54999924 58.19999695  0.00087638 -0.01648434    -0.0000588     0.0000499    -0.0000004     0.0000205   -12.8844288     7.2464192    -2.0803084     1.8962512
 25.04999924 58.19999695  0.00052708 -0.01182980    -0.0000408     0.0000210     0.0000093     0.0000162    -9.8398839     1.6190340    -0.5635719     1.4954148
 32.54999924 58.19999695  0.00026382 -0.00912251    -0.0000224     0.0000081     0.0000058    -0.0000156    -5.9837364    -0.3369062    -0.7682856    -1.4411779
 42.54999924 58.19999695  0.00013039 -0.00729308    -0.0000113     0.0000031     0.0000037     0.0000036    -3.0658133    -0.4104499    -0.2957832     0.3289646
 52.54999924 58.19999695  0.00003833 -0.00651014    -0.0000045     0.0000007     0.0000015    -0.0000085    -1.3312262    -0.3626248    -0.2258982    -0.7843809
 65.05000305 58.19999695  0.00001709 -0.00618485    -0.0000015     0.0000003    -0.0000002     0.0000004    -0.5973931    -0.2647728    -0.3468105     0.0334688
 77.55000305 58.19999695  0.00000000 -0.00609960    -0.0000012     0.0000000     0.0000004    -0.0000028    -0.3951721    -0.1726162    -0.0980171    -0.2575851
  0.00000000 58.74999619  0.00000000 -0.03508094     0.0002543     0.0002543    -0.0004077     0.0000010    68.8865905    68.8865905   -53.7159288     0.0884216
  1.39999998 58.74999619  0.00034582 -0.03470402     0.0002524     0.0002470    -0.0003992     0.0001965    68.3717237    67.3796731   -52.2970088    18.1931756
  4.55000019 58.74999619  0.00089341 -0.03145344     0.0000592     0.0001964    -0.0002034     0.0005025    22.2254898    47.6280859   -26.3974202    46.5239529
  9.55000019 58.74999619  0.00081367 -0.02455012    -0.0000586     0.0000852    -0.0000275     0.0001624   -11.0562252    15.5771122    -5.2955960    15.0383381
 17.54999924 58.74999619  0.00046525 -0.01648411    -0.0000338     0.0000265    -0.0000006     0.0000187    -7.9895502     3.1864637    -1.8419890     1.7314003
 32.54999924 58.74999619  0.00012513 -0.00912013    -0.0000113     0.0000038     0.0000025    -0.0000198    -3.1539078    -0.3569834    -0.6118264    -1.8331132
 52.54999924 58.74999619  0.00001602 -0.00650965    -0.0000021     0.0000003     0.0000005    -0.0000099    -0.6444751    -0.2073873    -0.1657454    -0.9203960
 77.55000305 58.74999619  0.00000000 -0.00609951    -0.0000007     0.0000000     0.0000002    -0.0000027    -0.2462903    -0.1169041    -0.0877215    -0.2526425
  0.00000000 59.29999542  0.00000000 -0.03526514     0.0001068     0.0001068    -0.0002903     0.0000006     3.2042719     3.2042719   -70.3334434     0.0599832
  0.69999999 59.29999542  0.00007451 -0.03517142     0.0001061     0.0001064    -0.0002767     0.0000917     5.7777659     5.8436850   -65.1114979     8.4945237
  1.39999998 59.29999542  0.00014852 -0.03489117     0.0001190     0.0001061    -0.0002714     0.0002312    12.0156530     9.6274566   -60.2843495    21.4095864
  2.97499990 59.29999542  0.00031162 -0.03357045     0.0000745     0.0001047    -0.0002420     0.0004030     0.2430843     5.8413631   -58.3710083    37.3159918
  4.55000019 59.29999542  0.00038324 -0.03154106    -0.0000019     0.0000842    -0.0001195     0.0006304    -8.3992598     7.5564511   -30.1739875    58.3661158
  7.05000019 59.29999542  0.00031570 -0.02790298    -0.0000337     0.0000448    -0.0000171     0.0003211    -7.5469954     6.9923349    -4.4602161    29.7347592
  9.55000019 59.29999542  0.00021457 -0.02455899    -0.0000383     0.0000225    -0.0000036     0.0001767   -11.3075979    -0.0458995    -4.8724791    16.3636928
 13.55000019 59.29999542  0.00011548 -0.02006220    -0.0000200     0.0000085     0.0000029     0.0000826    -5.5566820    -0.2705657    -1.3037399     7.6494174
 17.54999924 59.29999542  0.00005439 -0.01648505    -0.0000093     0.0000031     0.0000004     0.0000173    -2.9926255    -0.6878998    -1.1865874     1.5982726
 25.04999924 59.29999542  0.00000661 -0.01182367    -0.0000046     0.0000003     0.0000014     0.0000184    -1.4703900    -0.5754554    -0.3623200     1.7039927
 32.54999924 59.29999542 -0.00001414 -0.00911980    -0.0000001    -0.0000004    -0.0000004    -0.0000223    -0.2484717    -0.3017653    -0.3034795    -2.0602342
 42.54999924 59.29999542 -0.00000884 -0.00729139     0.0000004    -0.0000002    -0.0000006     0.0000038    -0.0224676    -0.1328019    -0.2085807     0.3480603
 52.54999924 59.29999542 -0.00000638 -0.00650956     0.0000004    -0.0000001    -0.0000005    -0.0000105     0.0370229    -0.0601999    -0.1223552    -0.9756669
 65.05000305 59.29999542 -0.00000039 -0.00618534     0.0000003     0.0000000    -0.0000007     0.0000005    -0.0425148    -0.0908552    -0.2127907     0.0485750
 77.55000305 59.29999542  0.00000000 -0.00609943    -0.0000002     0.0000000    -0.0000002    -0.0000027    -0.1144533    -0.0787735    -0.1106138    -0.2462619
  0.00000000 59.84999466  0.00000000 -0.03539500    -0.0000409    -0.0000409    -0.0001537     0.0000215   -58.4402365   -58.4402365   -79.3234984     1.9942672
  1.39999998 59.84999466 -0.00004900 -0.03500755    -0.0000132    -0.0000350    -0.0001616     0.0001869   -47.7653880   -51.8059049   -75.2519518    17.3056720
  4.55000019 59.84999466 -0.00011801 -0.03158409    -0.0000648    -0.0000259    -0.0000327     0.0006193   -38.6532541   -31.4616593   -32.7116455    57.3411276
  9.55000019 59.84999466 -0.00038436 -0.02455393    -0.0000164    -0.0000402     0.0000208     0.0001559   -10.7519426   -15.1773759    -3.8637473    14.4359176
 17.54999924 59.84999466 -0.00035905 -0.01648368     0.0000150    -0.0000205     0.0000014     0.0000118     1.9144294    -4.6569689    -0.6067524     1.0919877
 32.54999924 59.84999466 -0.00015482 -0.00912063     0.0000108    -0.0000048    -0.0000034    -0.0000230     2.5907157    -0.2971350    -0.0423137    -2.1260943
 52.54999924 59.84999466 -0.00002921 -0.00651015     0.0000028    -0.0000006    -0.0000014    -0.0000107     0.6882461     0.0681517    -0.0965542    -0.9902215
 77.55000305 59.84999466  0.00000000 -0.00609970     0.0000003     0.0000000    -0.0000005    -0.0000027     0.0043820    -0.0473853    -0.1397687    -0.2457735
  0.00000000 60.39999390  0.00000000 -0.03543417    -0.0002021    -0.0002021     0.0000156     0.0000169  -121.4079937  -121.4079937   -81.0926182     1.5661881
  0.69999999 60.39999390 -0.00013712 -0.03533694    -0.0001896    -0.0001959    -0.0000218     0.0000633  -123.1209356  -124.2780348   -92.0428914     5.8631149
  1.39999998 60.39999390 -0.00026549 -0.03506894    -0.0001547    -0.0001896    -0.0000505     0.0001437  -113.9408856  -120.4158957   -94.6513554    13.3080949
  2.97499990 60.39999390 -0.00046680 -0.03374391    -0.0001234    -0.0001569    -0.0000757     0.0003339   -99.7804702  -105.9797115   -90.9422169    30.9199486
  4.55000019 60.39999390 -0.00065430 -0.03157702    -0.0001275    -0.0001438     0.0000609     0.0005946   -69.0722181   -72.0927992   -34.1919103    55.0574127
  7.05000019 60.39999390 -0.00091403 -0.02785377    -0.0000675    -0.0001297     0.0001028     0.0002668   -32.8785682   -44.3932098    -1.3518310    24.6993253
  9.55000019 60.39999390 -0.00099165 -0.02453606     0.0000087    -0.0001038     0.0000474     0.0001226    -8.6949975   -29.5393648    -1.5332141    11.3473448
 13.55000019 60.39999390 -0.00091318 -0.02004932     0.0000272    -0.0000674     0.0000209     0.0000597     0.8650510   -16.6463439    -0.2877187     5.5271024
 17.54999924 60.39999390 -0.00077431 -0.01648350     0.0000399    -0.0000441     0.0000023     0.0000108     6.9687297    -8.5860666     0.0140794     0.9975515
 25.04999924 60.39999390 -0.00051400 -0.01182672     0.0000319    -0.0000205    -0.0000071     0.0000144     6.8519544    -2.8616067    -0.3716336     1.3297214
 32.54999924 60.39999390 -0.00029529 -0.00912352     0.0000219    -0.0000091    -0.0000063    -0.0000192     5.4530647    -0.2803099     0.2260621    -1.7743305
 42.54999924 60.39999390 -0.00014750 -0.00729445     0.0000122    -0.0000035    -0.0000049     0.0000032     3.0810114     0.1855008    -0.0749498     0.2973308
 52.54999924 60.39999390 -0.00005191 -0.00651115     0.0000052    -0.0000010    -0.0000026    -0.0000086     1.3123462     0.1706501    -0.1192059    -0.7976624
 65.05000305 60.39999390 -0.00001764 -0.00618631     0.0000021    -0.0000003    -0.0000011     0.0000005     0.5467040     0.1119656    -0.0330587     0.0474074
 77.55000305 60.39999390  0.00000000 -0.00609998     0.0000007     0.0000000    -0.0000009    -0.0000026     0.1017491    -0.0365338    -0.2061313    -0.2438385
  0.00000000 60.94999313  0.00000000 -0.03538592    -0.0003553    -0.0003553     0.0001555    -0.0000184  -185.6966844  -185.6966844   -91.1016608    -1.7036534
  1.39999998 60.94999313 -0.00049045 -0.03503525    -0.0003356    -0.0003503     0.0001619     0.0000781  -175.3656322  -178.0931406   -83.2446448     7.2352088
  4.55000019 60.94999313 -0.00128332 -0.03151635    -0.0001708    -0.0002820     0.0001573     0.0003838   -95.4701197  -116.0791733   -34.7213974    35.5326178
  9.55000019 60.94999313 -0.00162014 -0.02450350     0.0000324    -0.0001696     0.0000678     0.0000658    -9.0156409   -46.4311357    -2.4676617     6.0915024
 17.54999924 60.94999313 -0.00118863 -0.01648118     0.0000657    -0.0000677     0.0000030     0.0000048    12.3769561   -12.3308622     0.7692118     0.4470118
 32.54999924 60.94999313 -0.00043141 -0.00912763     0.0000333    -0.0000133    -0.0000094    -0.0000134     8.4551352    -0.1622055     0.5484893    -1.2390078
 52.54999924 60.94999313 -0.00007245 -0.00651295     0.0000078    -0.0000014    -0.0000036    -0.0000061     2.0544273     0.3512196    -0.0661162    -0.5674283
 77.55000305 60.94999313  0.00000000 -0.00610071     0.0000013     0.0000000    -0.0000013    -0.0000027     0.2530882     0.0036705    -0.2426011    -0.2502118
  0.00000000 61.49999237  0.00000000 -0.03526307    -0.0005308    -0.0005308     0.0002912    -0.0000279  -264.7302666  -264.7302666  -112.5161387    -2.5877991
  0.69999999 61.49999237 -0.00037245 -0.03517981    -0.0005334    -0.0005321     0.0003113     0.0000234  -261.7096332  -261.4693636  -105.2931521     2.1693843
  1.39999998 61.49999237 -0.00074672 -0.03489089    -0.0005448    -0.0005334     0.0003631     0.0000009  -255.3785513  -253.2640379   -87.2536916     0.0845350
  2.97499990 61.49999237 -0.00150885 -0.03367972    -0.0004142    -0.0005072     0.0002059     0.0000048  -231.2600588  -248.4831372  -116.4229034     0.4426271
  4.55000019 61.49999237 -0.00205136 -0.03140401    -0.0002191    -0.0004508     0.0002512     0.0001645  -131.0214039  -173.9435994   -43.9256893    15.2298565
  7.05000019 61.49999237 -0.00230955 -0.02767871    -0.0000431    -0.0003276     0.0002147    -0.0000233   -41.7050922   -94.3812169     6.0413668    -2.1589703
  9.55000019 61.49999237 -0.00226708 -0.02446153     0.0000690    -0.0002374     0.0000849     0.0000112    -5.2675958   -62.0068306    -2.3298197     1.0379797
 13.55000019 61.49999237 -0.00198039 -0.02001965     0.0000825    -0.0001462     0.0000343     0.0000066     8.9267618   -33.4093989     0.0138453     0.6155826
 17.54999924 61.49999237 -0.00160740 -0.01648019     0.0000926    -0.0000916     0.0000006    -0.0000055    17.4877923   -16.6163643     0.4580090    -0.5113387
 25.04999924 61.49999237 -0.00104300 -0.01183942     0.0000694    -0.0000416    -0.0000147     0.0000058    15.6774881    -4.8842889     0.1079670     0.5356414
 32.54999924 61.49999237 -0.00056644 -0.00913388     0.0000448    -0.0000174    -0.0000133    -0.0000110    11.3582876    -0.1674007     0.5936421    -1.0144253
 42.54999924 61.49999237 -0.00028807 -0.00730217     0.0000237    -0.0000068    -0.0000093     0.0000044     6.0317624     0.3914323    -0.0776079     0.4089814
 52.54999924 61.49999237 -0.00009269 -0.00651515     0.0000104    -0.0000018    -0.0000043    -0.0000054     2.8679173     0.6090411     0.1321033    -0.4959011
 65.05000305 61.49999237 -0.00003526 -0.00618764     0.0000037    -0.0000005    -0.0000016     0.0000008     1.0305433     0.2435513     0.0525418     0.0749358
 77.55000305 61.49999237  0.00000000 -0.00610144     0.0000019     0.0000000    -0.0000014    -0.0000028     0.4841019     0.1258281    -0.1245929    -0.2551906
           1           3          26          24
           3           5          28          26
           5           7          30          28
           7           9          32          30
           9          11          34          32
          11          13          36          34
          13          15          38          36
          24          26          49          47
          26          28          51          49
          28          30          53          51
          30          32          55          53
          32          34          57          55
          34          36          59          57
          36          38          61          59
          47          49          72          70
          49          51          74          72
          51          53          76          74
          53          55          78          76
          55          57          80          78
          57          59          82          80
          59          61          84          82
          70          72          95          93
          72          74          97          95
          74          76          99          97
          76          78         101          99
          78          80         103         101
          80          82         105         103
          82          84         107         105
          93          95         118         116
          95          97         120         118
          97          99         122         120
          99         101         124         122
         101         103         126         124
         103         105         128         126
         105         107         130         128
         116         118         141         139
         118         120         143         141
         120         122         145         143
         122         124         147         145
         124         126         149         147
         126         128         151         149
         128         130         153         151
         139         141         164         162
         141         143         166         164
         143         145         168         166
         145         147         170         168
         147         149         172         170
         149         151         174         172
         151         153         176         174
         162         164         187         185
         164         166         189         187
         166         168         191         189
         168         170         193         191
         170         172         195         193
         172         174         197         195
         174         176         199         197
         185         187         210         208
         187         189         212         210
         189         191         214         212
         191         193         216         214
         193         195         218         216
         195         197         220         218
         197         199         222         220
         208         210         233         231
         210         212         235         233
         212         214         237         235
         214         216         239         237
         216         218         241         239
         218         220         243         241
         220         222         245         243
         231         233         256         254
         233         235         258         256
         235         237         260         258
         237         239         262         260
         239         241         264         262
         241         243         266         264
         243         245         268         266
         254         256         279         277
         256         258         281         279
         258         260         283         281
         260         262         285         283
         262         264         287         285
         264         266         289         287
         266         268         291         289
         277         279         302         300
         279         281         304         302
         281         283         306         304
         283         285         308         306
         285         287         310         308
         287         289         312         310
         289         291         314         312
         300         302         325         323
         302         304         327         325
         304         306         329         327
         306         308         331         329
         308         310         333         331
         310         312         335         333
         312         314         337         335
         323         325         348         346
         325         327         350         348
         327         329         352         350
         329         331         354         352
         331         333         356         354
         333         335         358         356
         335         337         360         358
         346         348         371         369
         348         350         373         371
         350         352         375         373
         352         354         377         375
         354         356         379         377
         356         358         381         379
         358         360         383         381
         369         371         394         392
         371         373         396         394
         373         375         398         396
         375         377         400         398
         377         379         402         400
         379         381         404         402
         381         383         406         404
         392         394         417         415
         394         396         419         417
         396         398         421         419
         398         400         423         421
         400         402         425         423
         402         404         427         425
         404         406         429         427
         415         417         440         438
         417         419         442         440
         419         421         444         442
         421         423         446         444
         423         425         448         446
         425         427         450         448
         427         429         452         450
         438         440         463         461
         440         442         465         463
         442         444         467         465
         444         446         469         467
         446         448         471         469
         448         450         473         471
         450         452         475         473
