"Z (in.)","Ledfaa","Illi-Pave","GT-No Res","GT-Residl","Illi-P @2r","GT-NR-2r","GT-RES-2r"
9.75,,58,,,6.63
10,,,46.759,44.693,,12.466,16.213
12.35,101.3
14,,43.7,39.492,37.431,14.3,12.777,15.847
18,,,33.512,31.411,,13.028,15.322
19,,32.5,,,15
21.05,96.7
22,,,28.722,26.531,,13.147,14.755
24,,25.9,,,14.9
26,,,24.927,22.675,,13.178,14.256
29,,21.6,,,14.44
29.75,79.8
30,,,21.917,19.869,,13.125,13.861
34,,18.7,19.51,17.686,13.9,13.007,13.474
38,,,17.565,16.024,,12.848,13.104
38.45,48.8
39,,16.7,,,13.6
42,,,15.975,14.726,,12.665,12.745
44,,15.3,,,13.7
46,,,14.649,13.692,,12.473,12.436
47.15,20.6
49,,14.3,,,13.3
49.75,,,13.615,12.927,,12.321,12.196
51.5,6
53.5,,,6.094,6.768,,7.074,7.784
53.65,,7.57,,,8.11
57.5,,,6.909,7.688,,7.594,8.225
57.95,,7.88,,,8.34
58,6
