"Z (in.)","Ledfaa","Illi-Pave","GT-No Res","GT-Residl","Illi-P @2r","GT-NR-2r","GT-RES-2r"
24.765,,400,,,45.747
25.4,,,322.637,308.382,,86.015,111.87
31.369,699
35.56,,301.53,272.495,258.274,98.67,88.161,109.344
45.72,,,231.233,216.736,,89.893,105.722
48.26,,224.25,,,103.5
53.467,667.23
55.88,,,198.182,183.064,,90.714,101.81
60.96,,178.71,,,102.81
66.04,,,171.996,156.458,,90.928,98.366
73.66,,149.04,,,99.64
75.565,550.62
76.2,,,151.227,137.096,,90.562,95.641
86.36,,129.03,134.619,122.033,95.91,89.748,92.971
96.52,,,121.199,110.566,,88.651,90.418
97.663,336.72
99.06,,115.23,,,93.84
106.68,,,110.228,101.609,,87.389,87.941
111.76,,105.57,,,94.53
116.84,,,101.078,94.475,,86.064,85.808
119.761,142.14
124.46,,98.67,,,91.77
126.365,,,93.944,89.196,,85.015,84.152
130.81,41.4
135.89,,,42.049,46.699,,48.811,53.71
136.271,,52.23,,,55.96
146.05,,,47.672,53.047,,52.399,56.753
147.193,,54.37,,,57.55
147.32,41.4
