Test Section for the Analysis of Texas Data 
320,1045,149
3
0,1,0
AC
300000.,0.35,0.,0.,-0.0839,0.,22.,0.67 
BASE
10000.,0.4,0.20,0.15,0.34965,0.,0.,-0.0781,55.,7.1,0.6
SUBGRADE
7500.,0.40,0.,0.,-0.0723,40.,4.8,0.82
32,10,0,0.,0.
11.5,11.5,11.5,11.5,11.5,11.5,11.5,11.5,11.5,11.5,11.5,11.5,11.5,11.5,11.5,11.5,9.0,6.4,4.7,3.7,3.0,2.5,2.2,2.,
2.,2.,2.,2.,2.,1.4,1.3,1.3
2.275,2.275,2.6,3.2,4.2,5.8,8.19,9.82,9.82,9.82
1,240,3
241,290,2
291,320,1
0,0,0
4
231,241,281,291
5,10,0.3,0.3,0.15,0.33
2
2,2,480.,0.455,0.074,58.,1.237,-0.083,65.,0.917,0.017
3,4,7500.,6.,0.,0.,2.,21.,0.,0.,0.
0,0
2
311
0.,0.,0.,0.,0.,-100.,0.,0.
312
0.,0.,0.,0.,0.,-100.,0.,0.
0
1,1,1,0.,0.
2,1,1,0.,0.
3,1,1,0.,0.
4,1,1,0.,0.
5,1,1,0.,0.
6,1,1,0.,0.
7,1,1,0.,0.
8,1,1,0.,0.
9,1,1,0.,0.
10,1,1,0.,0.
11,1,1,0.,0.
12,1,1,0.,0.
13,1,1,0.,0.
14,1,1,0.,0.
15,1,1,0.,0.
16,1,1,0.,0.
17,1,1,0.,0.
18,1,1,0.,0.
19,1,1,0.,0.
20,1,1,0.,0.
21,1,1,0.,0.
22,1,0,0.,0.
32,1,0,0.,0.
33,1,0,0.,0.
53,1,0,0.,0.
54,1,0,0.,0.
64,1,0,0.,0.
65,1,0,0.,0.
85,1,0,0.,0.
86,1,0,0.,0.
96,1,0,0.,0.
97,1,0,0.,0.
117,1,0,0.,0.
118,1,0,0.,0.
128,1,0,0.,0.
129,1,0,0.,0.
149,1,0,0.,0.
150,1,0,0.,0.
160,1,0,0.,0.
161,1,0,0.,0.
181,1,0,0.,0.
182,1,0,0.,0.
192,1,0,0.,0.
193,1,0,0.,0.
213,1,0,0.,0.
214,1,0,0.,0.
224,1,0,0.,0.
225,1,0,0.,0.
245,1,0,0.,0.
246,1,0,0.,0.
256,1,0,0.,0.
257,1,0,0.,0.
277,1,0,0.,0.
278,1,0,0.,0.
288,1,0,0.,0.
289,1,0,0.,0.
309,1,0,0.,0.
310,1,0,0.,0.
320,1,0,0.,0.
321,1,0,0.,0.
341,1,0,0.,0.
342,1,0,0.,0.
352,1,0,0.,0.
353,1,0,0.,0.
373,1,0,0.,0.
374,1,0,0.,0.
384,1,0,0.,0.
385,1,0,0.,0.
405,1,0,0.,0.
406,1,0,0.,0.
416,1,0,0.,0.
417,1,0,0.,0.
437,1,0,0.,0.
438,1,0,0.,0.
448,1,0,0.,0.
449,1,0,0.,0.
469,1,0,0.,0.
470,1,0,0.,0.
480,1,0,0.,0.
481,1,0,0.,0.
501,1,0,0.,0.
502,1,0,0.,0.
512,1,0,0.,0.
513,1,0,0.,0.
533,1,0,0.,0.
534,1,0,0.,0.
544,1,0,0.,0.
545,1,0,0.,0.
565,1,0,0.,0.
566,1,0,0.,0.
576,1,0,0.,0.
577,1,0,0.,0.
597,1,0,0.,0.
598,1,0,0.,0.
608,1,0,0.,0.
609,1,0,0.,0.
629,1,0,0.,0.
630,1,0,0.,0.
640,1,0,0.,0.
641,1,0,0.,0.
661,1,0,0.,0.
662,1,0,0.,0.
672,1,0,0.,0.
673,1,0,0.,0.
693,1,0,0.,0.
694,1,0,0.,0.
704,1,0,0.,0.
705,1,0,0.,0.
725,1,0,0.,0.
726,1,0,0.,0.
736,1,0,0.,0.
737,1,0,0.,0.
757,1,0,0.,0.
758,1,0,0.,0.
768,1,0,0.,0.
769,1,0,0.,0.
789,1,0,0.,0.
790,1,0,0.,0.
800,1,0,0.,0.
801,1,0,0.,0.
821,1,0,0.,0.
822,1,0,0.,0.
832,1,0,0.,0.
833,1,0,0.,0.
853,1,0,0.,0.
854,1,0,0.,0.
864,1,0,0.,0.
865,1,0,0.,0.
885,1,0,0.,0.
886,1,0,0.,0.
896,1,0,0.,0.
897,1,0,0.,0.
917,1,0,0.,0.
918,1,0,0.,0.
928,1,0,0.,0.
929,1,0,0.,0.
949,1,0,0.,0.
950,1,0,0.,0.
960,1,0,0.,0.
961,1,0,0.,0.
981,1,0,0.,0.
982,1,0,0.,0.
992,1,0,0.,0.
993,1,0,0.,0.
1013,1,0,0.,0.
1014,1,0,0.,0.
1024,1,0,0.,0.
1025,1,0,0.,0.
1045,1,0,0.,0.
0
3
1,789,1,240
769,949,241,290
929,1045,291,320