95 24 1 0 0 11 23 7
0.0000	0.0000
0.5065	0.0000
1.0130	0.0000
1.5195	0.0000
2.0260	0.0000
2.5325	0.0000
3.0390	0.0000
0.0000	-0.7750
1.0130	-0.7750
2.0260	-0.7750
3.0390	-0.7750
0.0000	-1.5500
0.5065	-1.5500
1.0130	-1.5500
1.5195	-1.5500
2.0260	-1.5500
2.5325	-1.5500
3.0390	-1.5500
0.0000	-2.3250
1.0130	-2.3250
2.0260	-2.3250
3.0390	-2.3250
0.0000	-3.1000
0.5065	-3.1000
1.0130	-3.1000
1.5195	-3.1000
2.0260	-3.1000
2.5325	-3.1000
3.0390	-3.1000
0.0000	-3.8750
1.0130	-3.8750
2.0260	-3.8750
3.0390	-3.8750
0.0000	-4.6500
0.5065	-4.6500
1.0130	-4.6500
1.5195	-4.6500
2.0260	-4.6500
2.5325	-4.6500
3.0390	-4.6500
0.0000	-5.4250
1.0130	-5.4250
2.0260	-5.4250
3.0390	-5.4250
0.0000	-6.2000
0.5065	-6.2000
1.0130	-6.2000
1.5195	-6.2000
2.0260	-6.2000
2.5325	-6.2000
3.0390	-6.2000
0.0000	-6.9750
1.0130	-6.9750
2.0260	-6.9750
3.0390	-6.9750
0.0000	-7.7500
0.5065	-7.7500
1.0130	-7.7500
1.5195	-7.7500
2.0260	-7.7500
2.5325	-7.7500
3.0390	-7.7500
0.0000	-8.5250
1.0130	-8.5250
2.0260	-8.5250
3.0390	-8.5250
0.0000	-9.3000
0.5065	-9.3000
1.0130	-9.3000
1.5195	-9.3000
2.0260	-9.3000
2.5325	-9.3000
3.0390	-9.3000
0.0000	-10.0750
1.0130	-10.0750
2.0260	-10.0750
3.0390	-10.0750
0.0000	-10.8500
0.5065	-10.8500
1.0130	-10.8500
1.5195	-10.8500
2.0260	-10.8500
2.5325	-10.8500
3.0390	-10.8500
0.0000	-11.6250
1.0130	-11.6250
2.0260	-11.6250
3.0390	-11.6250
0.0000	-12.4000
0.5065	-12.4000
1.0130	-12.4000
1.5195	-12.4000
2.0260	-12.4000
2.5325	-12.4000
3.0390	-12.4000
0 23 0 1 0
4231.000000 0.645000 -0.056000 45000.000000 0.450000 0.000000 -0.0825 0.000006 0.000000 
8 11 13 2 0 12 8 1 7
8 13 15 4 2 14 9 3 8
8 15 17 6 4 16 10 5 9
8 22 24 13 11 23 19 12 18
8 24 26 15 13 25 20 14 19
8 26 28 17 15 27 21 16 20
8 33 35 24 22 34 30 23 29
8 35 37 26 24 36 31 25 30
8 37 39 28 26 38 32 27 31
8 44 46 35 33 45 41 34 40
8 46 48 37 35 47 42 36 41
8 48 50 39 37 49 43 38 42
8 55 57 46 44 56 52 45 51
8 57 59 48 46 58 53 47 52
8 59 61 50 48 60 54 49 53
8 66 68 57 55 67 63 56 62
8 68 70 59 57 69 64 58 63
8 70 72 61 59 71 65 60 64
8 77 79 68 66 78 74 67 73
8 79 81 70 68 80 75 69 74
8 81 83 72 70 82 76 71 75
8 88 90 79 77 89 85 78 84
8 90 92 81 79 91 86 80 85
8 92 94 83 81 93 87 82 86
0 2
0 -35
1 2
0 -35
2 2
0 -35
2 1
-15 0
5 1
-15 0
8 1
-15 0
11 1
-15 0
14 1
-15 0
17 1
-15 0
20 1
-15 0
23 1
-15 0
0 7 11 18 22 29 33 40 44 51 55 62 66 73 77 84 88 89 90 91 92 93 94 
0.00000 0.00000 0.00000 0.00000 0.00000 0.00000 0.00000 0.00000 0.00000 0.00000 0.00000 0.00000 0.00000 0.00000 0.00000 0.00000 0.00000 0.00000 0.00000 0.00000 0.00000 0.00000 0.00000 
88 89 90 91 92 93 94 
0.00000 0.00000 0.00000 0.00000 0.00000 0.00000 0.00000 