v 0 0
v 0.5 0
v 1 0
v 1.5 0
v 2 0
v 2.5 0
v 3 0
v 0 0.5
v 1 0.5
v 2 0.5
v 3 0.5
v 0 1
v 0.5 1
v 1 1
v 1.5 1
v 2 1
v 2.5 1
v 3 1
v 0 1.5
v 1 1.5
v 2 1.5
v 3 1.5
v 0 2
v 0.5 2
v 1 2
v 1.5 2
v 2 2
v 2.5 2
v 3 2
v 0 2.5
v 1 2.5
v 2 2.5
v 3 2.5
v 0 3
v 0.5 3
v 1 3
v 1.5 3
v 2 3
v 2.5 3
v 3 3
f 0 2 13 11 1 8 12 7
f 2 4 15 13 3 9 14 8
f 4 6 17 15 5 10 16 9
f 11 13 24 22 12 19 23 18
f 13 15 26 24 14 20 25 19
f 15 17 28 26 16 21 27 20
f 22 24 35 33 23 30 34 29
f 24 26 37 35 25 31 36 30
f 26 28 39 37 27 32 38 31
