40 9 1 0 3 0 19 7
0 0
3 0
6 0
9 0
12 0
15 0
18 0
0 3
6 3
12 3
18 3
0 6
3 6
6 6
9 6
12 6
15 6
18 6
0 9
6 9
12 9
18 9
0 12
3 12
6 12
9 12
12 12
15 12
18 12
0 15
6 15
12 15
18 15
0 18
3 18
6 18
9 18
12 18
15 18
18 18
0 2 13 11 1 8 12 7
2 4 15 13 3 9 14 8
4 6 17 15 5 10 16 9
11 13 24 22 12 19 23 18
13 15 26 24 14 20 25 19
15 17 28 26 16 21 27 20
22 24 35 33 23 30 34 29
24 26 37 35 25 31 36 30
26 28 39 37 27 32 38 31
0 1 2 3 4 5 6 7 8
30000 0.3
33 34 35
-30 -30 -30
0 0
0 1 2 3 4 5 6 7 11 18 22 29 33 10 17 21 28 32 39
0 0 0 0 0 0 0 0 0 0 0 0 0 0 0 0 0 0 0
0 1 2 3 4 5 6
0 0 0 0 0 0 0
