Test Section for the Analysis of BOEING 777-200A Wheel Load 
300,981,141
3
0,1,0
AC
200000.,0.35,0.,0.,-0.0839,0.,22.,0.67 
BASE
18000.,0.3,0.10,0.15,0.34965,0.,0.,-0.0781,40.,0.,0.6
SUBGRADE
6000.,0.45,0.,0.,-0.0694,0.,10.5,0.82
30,10,0,0.,0.
40.,40.,40.,40.,36.,30.,30.,25.,25.,20.,20.,12.,8.,6.,4.,4.,3.5,4.,4.,4.,4.,4.,4.,4.,4.,4.,4.,2.,3.,3.
2.62,3.,3.,5.,8.,12.,15.,20.,20.,20.
1,160,3
161,270,2
271,300,1
0,0,0
4
151,161,261,271
5,10,0.5,0.3,0.15,0.33
2
2,2,2318.,0.64,0.065,370.88,3.416,-2.808,880.84,0.834,-0.167
3,4,6000.,6.,1000.,200.,2.,21.,0.,0.,0.
0,0
3
291
0.,0.,0.,0.,0.,-182.,0.,0.
292
0.,0.,0.,0.,0.,-182.,0.,0.
293
0.,0.,0.,0.,0.,-182.,0.,0.
0
1,1,1,0.,0.
2,1,1,0.,0.
3,1,1,0.,0.
4,1,1,0.,0.
5,1,1,0.,0.
6,1,1,0.,0.
7,1,1,0.,0.
8,1,1,0.,0.
9,1,1,0.,0.
10,1,1,0.,0.
11,1,1,0.,0.
12,1,1,0.,0.
13,1,1,0.,0.
14,1,1,0.,0.
15,1,1,0.,0.
16,1,1,0.,0.
17,1,1,0.,0.
18,1,1,0.,0.
19,1,1,0.,0.
20,1,1,0.,0.
21,1,1,0.,0.
22,1,0,0.,0.
32,1,0,0.,0.
33,1,0,0.,0.
53,1,0,0.,0.
54,1,0,0.,0.
64,1,0,0.,0.
65,1,0,0.,0.
85,1,0,0.,0.
86,1,0,0.,0.
96,1,0,0.,0.
97,1,0,0.,0.
117,1,0,0.,0.
118,1,0,0.,0.
128,1,0,0.,0.
129,1,0,0.,0.
149,1,0,0.,0.
150,1,0,0.,0.
160,1,0,0.,0.
161,1,0,0.,0.
181,1,0,0.,0.
182,1,0,0.,0.
192,1,0,0.,0.
193,1,0,0.,0.
213,1,0,0.,0.
214,1,0,0.,0.
224,1,0,0.,0.
225,1,0,0.,0.
245,1,0,0.,0.
246,1,0,0.,0.
256,1,0,0.,0.
257,1,0,0.,0.
277,1,0,0.,0.
278,1,0,0.,0.
288,1,0,0.,0.
289,1,0,0.,0.
309,1,0,0.,0.
310,1,0,0.,0.
320,1,0,0.,0.
321,1,0,0.,0.
341,1,0,0.,0.
342,1,0,0.,0.
352,1,0,0.,0.
353,1,0,0.,0.
373,1,0,0.,0.
374,1,0,0.,0.
384,1,0,0.,0.
385,1,0,0.,0.
405,1,0,0.,0.
406,1,0,0.,0.
416,1,0,0.,0.
417,1,0,0.,0.
437,1,0,0.,0.
438,1,0,0.,0.
448,1,0,0.,0.
449,1,0,0.,0.
469,1,0,0.,0.
470,1,0,0.,0.
480,1,0,0.,0.
481,1,0,0.,0.
501,1,0,0.,0.
502,1,0,0.,0.
512,1,0,0.,0.
513,1,0,0.,0.
533,1,0,0.,0.
534,1,0,0.,0.
544,1,0,0.,0.
545,1,0,0.,0.
565,1,0,0.,0.
566,1,0,0.,0.
576,1,0,0.,0.
577,1,0,0.,0.
597,1,0,0.,0.
598,1,0,0.,0.
608,1,0,0.,0.
609,1,0,0.,0.
629,1,0,0.,0.
630,1,0,0.,0.
640,1,0,0.,0.
641,1,0,0.,0.
661,1,0,0.,0.
662,1,0,0.,0.
672,1,0,0.,0.
673,1,0,0.,0.
693,1,0,0.,0.
694,1,0,0.,0.
704,1,0,0.,0.
705,1,0,0.,0.
725,1,0,0.,0.
726,1,0,0.,0.
736,1,0,0.,0.
737,1,0,0.,0.
757,1,0,0.,0.
758,1,0,0.,0.
768,1,0,0.,0.
769,1,0,0.,0.
789,1,0,0.,0.
790,1,0,0.,0.
800,1,0,0.,0.
801,1,0,0.,0.
821,1,0,0.,0.
822,1,0,0.,0.
832,1,0,0.,0.
833,1,0,0.,0.
853,1,0,0.,0.
854,1,0,0.,0.
864,1,0,0.,0.
865,1,0,0.,0.
885,1,0,0.,0.
886,1,0,0.,0.
896,1,0,0.,0.
897,1,0,0.,0.
917,1,0,0.,0.
918,1,0,0.,0.
928,1,0,0.,0.
929,1,0,0.,0.
949,1,0,0.,0.
950,1,0,0.,0.
960,1,0,0.,0.
961,1,0,0.,0.
981,1,0,0.,0.
0
3
1,533,1,160
513,885,161,270
865,981,271,300
