79 20 1 0 0 9 19 11
0.0000 0.0000
7.5000 0.0000
15.0000 0.0000
22.5000 0.0000
30.0000 0.0000
37.5000 0.0000
45.0000 0.0000
52.5000 0.0000
60.0000 0.0000
67.5000 0.0000
75.0000 0.0000
0.0000 -18.7500
15.0000 -18.7500
30.0000 -18.7500
45.0000 -18.7500
60.0000 -18.7500
75.0000 -18.7500
0.0000 -37.5000
7.5000 -37.5000
15.0000 -37.5000
22.5000 -37.5000
30.0000 -37.5000
37.5000 -37.5000
45.0000 -37.5000
52.5000 -37.5000
60.0000 -37.5000
67.5000 -37.5000
75.0000 -37.5000
0.0000 -56.2500
15.0000 -56.2500
30.0000 -56.2500
45.0000 -56.2500
60.0000 -56.2500
75.0000 -56.2500
0.0000 -75.0000
7.5000 -75.0000
15.0000 -75.0000
22.5000 -75.0000
30.0000 -75.0000
37.5000 -75.0000
45.0000 -75.0000
52.5000 -75.0000
60.0000 -75.0000
67.5000 -75.0000
75.0000 -75.0000
0.0000 -93.7500
15.0000 -93.7500
30.0000 -93.7500
45.0000 -93.7500
60.0000 -93.7500
75.0000 -93.7500
0.0000 -112.5000
7.5000 -112.5000
15.0000 -112.5000
22.5000 -112.5000
30.0000 -112.5000
37.5000 -112.5000
45.0000 -112.5000
52.5000 -112.5000
60.0000 -112.5000
67.5000 -112.5000
75.0000 -112.5000
0.0000 -131.2500
15.0000 -131.2500
30.0000 -131.2500
45.0000 -131.2500
60.0000 -131.2500
75.0000 -131.2500
0.0000 -150.0000
7.5000 -150.0000
15.0000 -150.0000
22.5000 -150.0000
30.0000 -150.0000
37.5000 -150.0000
45.0000 -150.0000
52.5000 -150.0000
60.0000 -150.0000
67.5000 -150.0000
75.0000 -150.0000
0 19 0 1 0
45000.000000 0.450000 0.000000 -0.0825 0.000006 0.000000 
2
4231.000000 0.645000 -0.056000
5 10 0.3 0.3
8 17 19 2 0 18 12 1 11
8 19 21 4 2 20 13 3 12
8 21 23 6 4 22 14 5 13
8 23 25 8 6 24 15 7 14
8 25 27 10 8 26 16 9 15
8 34 36 19 17 35 29 18 28
8 36 38 21 19 37 30 20 29
8 38 40 23 21 39 31 22 30
8 40 42 25 23 41 32 24 31
8 42 44 27 25 43 33 26 32
8 51 53 36 34 52 46 35 45
8 53 55 38 36 54 47 37 46
8 55 57 40 38 56 48 39 47
8 57 59 42 40 58 49 41 48
8 59 61 44 42 60 50 43 49
8 68 70 53 51 69 63 52 62
8 70 72 55 53 71 64 54 63
8 72 74 57 55 73 65 56 64
8 74 76 59 57 75 66 58 65
8 76 78 61 59 77 67 60 66
0 2
0 80
1 2
0 80
2 2
0 80
3 2
0 80
4 2
0 80
4 1
-10 0
9 1
-10 0
14 1
-10 0
19 1
-10 0
0 11 17 28 34 45 51 62 68 69 70 71 72 73 74 75 76 77 78 
0.00000 0.00000 0.00000 0.00000 0.00000 0.00000 0.00000 0.00000 0.00000 0.00000 0.00000 0.00000 0.00000 0.00000 0.00000 0.00000 0.00000 0.00000 0.00000 
68 69 70 71 72 73 74 75 76 77 78 
0.00000 0.00000 0.00000 0.00000 0.00000 0.00000 0.00000 0.00000 0.00000 0.00000 0.00000 