"s1,(psi)","eps1","s1,exp,(psi)","eps1, exp","s1,(psi)","eps1","s1,exp","eps1,exp","s1,(psi)","eps1","s1,exp","eps1,exp","s1, (psi)","eps1","s1,calc.","eps1, calc","s1,(psi)","eps1","s1,exp","eps1"
0,0,2.807,0.0001476,0,0,10.035,0.0002001,0,0,15.43,0.0002584,0,0,0,0,0,0,10.22,0.0002423
3,0.0001477,6.323,0.0002764,5,0.0001013,15.353,0.000311,5,0.0000851,20.669,0.0003362,10,0.0001346,10,0.0001379,5,0.0001275,20.347,0.0004503
6,0.0002727,9.095,0.000372,10,0.0002019,30.281,0.0005394,10,0.0001727,40.16,0.0006134,20,0.000271,20,0.0002696,10,0.0002504,30.901,0.0006684
9,0.0003714,,,15,0.0002984,,,15,0.0002565,,,30,0.0003979,30,0.0003911,15,0.0003556
12,0.0004666,,,20,0.0003848,,,20,0.0003345,,,40,0.000514,40,0.0005033,20,0.0004574
,,,,25,0.0004638,,,25,0.0004119,,,50,0.0006205,50,0.0006073,25,0.0005461
,,,,30,0.0005461,,,30,0.0004845,,,60,0.0007286,60,0.0007042,30,0.000638
,,,,35,0.0006203,,,35,0.0005523,,,,,,,35,0.0007187
,,,,,,,,40,0.0006109
,,,,,,,,45,0.0006716
,,,,,,,,50,0.0007281
,,,,,,,,55,0.000777
