GEORGIA TECH TEST PIT GRID (cement-stabilized subbase/subgrade)
210,705,135
7
0,1,1,1,0,0,0
AC
250000,0.35,0.,0.,-0.0856
BASE
53960,18867,0.15,0.43,0.79577,0.34965,0.,0.,-0.0804
BASE
38000,13287,0.15,0.43,0.79577,0.34965,0.,0.,-0.0804
BASE
31084,10719,0.10,0.45,0.79577,0.34483,0.,0.,-0.0804
SUBGRADE
3000.,0.40,0.,0.,-0.0607
SUBGRADE
6000.,0.40,0.,0.,-0.0607
SUBGRADE
15000.,0.40,0.,0.,-0.0607
30,7,0,0.,0.
20.,20.,20.,20.,20.,20.,20.,20.,10.,10.,5.,4.,4.,2.6,2.,2.,0.9,2.,2.,2.,2.,2.,2.,2.,2.,2.,0.6,2.8,2.8,2.8
1.4,3.15,5.,8.,15.,20.,25.
1,63,7
64,105,6
106,112,5
113,140,4
141,161,3
162,182,2
183,210,1
0,0,0
4
106,113,176,183
5,10,0.3,0.3,0.15
1,4867,0.80,-0.05,9067.,0.89,-0.4525,2740.,2.1
0,0
2
204
0.,0.,0.,0.,0.,-100.,0.,0.
205
0.,0.,0.,0.,0.,-100.,0.,0.
0
1,1,1,0.,0.
2,1,1,0.,0.
3,1,1,0.,0.
4,1,1,0.,0.
5,1,1,0.,0.
6,1,1,0.,0.
7,1,1,0.,0.
8,1,1,0.,0.
9,1,1,0.,0.
10,1,1,0.,0.
11,1,1,0.,0.
12,1,1,0.,0.
13,1,1,0.,0.
14,1,1,0.,0.
15,1,1,0.,0.
16,1,0,0.,0.
23,1,0,0.,0.
24,1,0,0.,0.
38,1,0,0.,0.
39,1,0,0.,0.
46,1,0,0.,0.
47,1,0,0.,0.
61,1,0,0.,0.
62,1,0,0.,0.
69,1,0,0.,0.
70,1,0,0.,0.
84,1,0,0.,0.
85,1,0,0.,0.
92,1,0,0.,0.
93,1,0,0.,0.
107,1,0,0.,0.
108,1,0,0.,0.
115,1,0,0.,0.
116,1,0,0.,0.
130,1,0,0.,0.
131,1,0,0.,0.
138,1,0,0.,0.
139,1,0,0.,0.
153,1,0,0.,0.
154,1,0,0.,0.
161,1,0,0.,0.
162,1,0,0.,0.
176,1,0,0.,0.
177,1,0,0.,0.
184,1,0,0.,0.
185,1,0,0.,0.
199,1,0,0.,0.
200,1,0,0.,0.
207,1,0,0.,0.
208,1,0,0.,0.
222,1,0,0.,0.
223,1,0,0.,0.
230,1,0,0.,0.
231,1,0,0.,0.
245,1,0,0.,0.
246,1,0,0.,0.
253,1,0,0.,0.
254,1,0,0.,0.
268,1,0,0.,0.
269,1,0,0.,0.
276,1,0,0.,0.
277,1,0,0.,0.
291,1,0,0.,0.
292,1,0,0.,0.
299,1,0,0.,0.
300,1,0,0.,0.
314,1,0,0.,0.
315,1,0,0.,0.
322,1,0,0.,0.
323,1,0,0.,0.
337,1,0,0.,0.
338,1,0,0.,0.
345,1,0,0.,0.
346,1,0,0.,0.
360,1,0,0.,0.
361,1,0,0.,0.
368,1,0,0.,0.
369,1,0,0.,0.
383,1,0,0.,0.
384,1,0,0.,0.
391,1,0,0.,0.
392,1,0,0.,0.
406,1,0,0.,0.
407,1,0,0.,0.
414,1,0,0.,0.
415,1,0,0.,0.
429,1,0,0.,0.
430,1,0,0.,0.
437,1,0,0.,0.
438,1,0,0.,0.
452,1,0,0.,0.
453,1,0,0.,0.
460,1,0,0.,0.
461,1,0,0.,0.
475,1,0,0.,0.
476,1,0,0.,0.
483,1,0,0.,0.
484,1,0,0.,0.
498,1,0,0.,0.
499,1,0,0.,0.
506,1,0,0.,0.
507,1,0,0.,0.
521,1,0,0.,0.
522,1,0,0.,0.
529,1,0,0.,0.
530,1,0,0.,0.
544,1,0,0.,0.
545,1,0,0.,0.
552,1,0,0.,0.
553,1,0,0.,0.
567,1,0,0.,0.
568,1,0,0.,0.
575,1,0,0.,0.
576,1,0,0.,0.
590,1,0,0.,0.
591,1,0,0.,0.
598,1,0,0.,0.
599,1,0,0.,0.
613,1,0,0.,0.
614,1,0,0.,0.
621,1,0,0.,0.
622,1,0,0.,0.
636,1,0,0.,0.
637,1,0,0.,0.
644,1,0,0.,0.
645,1,0,0.,0.
659,1,0,0.,0.
660,1,0,0.,0.
667,1,0,0.,0.
668,1,0,0.,0.
682,1,0,0.,0.
683,1,0,0.,0.
690,1,0,0.,0.
691,1,0,0.,0.
705,1,0,0.,0.
0