454 135 3 0 0 5 79 19
0.0000 0.0000
0.5000 0.0000
1.0000 0.0000
1.5000 0.0000
2.0000 0.0000
2.5000 0.0000
3.0000 0.0000
3.5000 0.0000
4.0000 0.0000
4.5000 0.0000
5.0000 0.0000
6.9457 0.0000
8.8914 0.0000
12.3514 0.0000
15.8114 0.0000
21.9642 0.0000
28.1171 0.0000
39.0585 0.0000
50.0000 0.0000
0.0000 -0.4000
1.0000 -0.4000
2.0000 -0.4000
3.0000 -0.4000
4.0000 -0.4000
5.0000 -0.4000
8.8914 -0.4000
15.8114 -0.4000
28.1171 -0.4000
50.0000 -0.4000
0.0000 -0.8000
0.5000 -0.8000
1.0000 -0.8000
1.5000 -0.8000
2.0000 -0.8000
2.5000 -0.8000
3.0000 -0.8000
3.5000 -0.8000
4.0000 -0.8000
4.5000 -0.8000
5.0000 -0.8000
6.9457 -0.8000
8.8914 -0.8000
12.3514 -0.8000
15.8114 -0.8000
21.9642 -0.8000
28.1171 -0.8000
39.0585 -0.8000
50.0000 -0.8000
0.0000 -1.2000
1.0000 -1.2000
2.0000 -1.2000
3.0000 -1.2000
4.0000 -1.2000
5.0000 -1.2000
8.8914 -1.2000
15.8114 -1.2000
28.1171 -1.2000
50.0000 -1.2000
0.0000 -1.6000
0.5000 -1.6000
1.0000 -1.6000
1.5000 -1.6000
2.0000 -1.6000
2.5000 -1.6000
3.0000 -1.6000
3.5000 -1.6000
4.0000 -1.6000
4.5000 -1.6000
5.0000 -1.6000
6.9457 -1.6000
8.8914 -1.6000
12.3514 -1.6000
15.8114 -1.6000
21.9642 -1.6000
28.1171 -1.6000
39.0585 -1.6000
50.0000 -1.6000
0.0000 -2.0000
1.0000 -2.0000
2.0000 -2.0000
3.0000 -2.0000
4.0000 -2.0000
5.0000 -2.0000
8.8914 -2.0000
15.8114 -2.0000
28.1171 -2.0000
50.0000 -2.0000
0.0000 -2.4000
0.5000 -2.4000
1.0000 -2.4000
1.5000 -2.4000
2.0000 -2.4000
2.5000 -2.4000
3.0000 -2.4000
3.5000 -2.4000
4.0000 -2.4000
4.5000 -2.4000
5.0000 -2.4000
6.9457 -2.4000
8.8914 -2.4000
12.3514 -2.4000
15.8114 -2.4000
21.9642 -2.4000
28.1171 -2.4000
39.0585 -2.4000
50.0000 -2.4000
0.0000 -2.8000
1.0000 -2.8000
2.0000 -2.8000
3.0000 -2.8000
4.0000 -2.8000
5.0000 -2.8000
8.8914 -2.8000
15.8114 -2.8000
28.1171 -2.8000
50.0000 -2.8000
0.0000 -3.2000
0.5000 -3.2000
1.0000 -3.2000
1.5000 -3.2000
2.0000 -3.2000
2.5000 -3.2000
3.0000 -3.2000
3.5000 -3.2000
4.0000 -3.2000
4.5000 -3.2000
5.0000 -3.2000
6.9457 -3.2000
8.8914 -3.2000
12.3514 -3.2000
15.8114 -3.2000
21.9642 -3.2000
28.1171 -3.2000
39.0585 -3.2000
50.0000 -3.2000
0.0000 -3.6000
1.0000 -3.6000
2.0000 -3.6000
3.0000 -3.6000
4.0000 -3.6000
5.0000 -3.6000
8.8914 -3.6000
15.8114 -3.6000
28.1171 -3.6000
50.0000 -3.6000
0.0000 -4.0000
0.5000 -4.0000
1.0000 -4.0000
1.5000 -4.0000
2.0000 -4.0000
2.5000 -4.0000
3.0000 -4.0000
3.5000 -4.0000
4.0000 -4.0000
4.5000 -4.0000
5.0000 -4.0000
6.9457 -4.0000
8.8914 -4.0000
12.3514 -4.0000
15.8114 -4.0000
21.9642 -4.0000
28.1171 -4.0000
39.0585 -4.0000
50.0000 -4.0000
0.0000 -5.1000
1.0000 -5.1000
2.0000 -5.1000
3.0000 -5.1000
4.0000 -5.1000
5.0000 -5.1000
8.8914 -5.1000
15.8114 -5.1000
28.1171 -5.1000
50.0000 -5.1000
0.0000 -6.2000
0.5000 -6.2000
1.0000 -6.2000
1.5000 -6.2000
2.0000 -6.2000
2.5000 -6.2000
3.0000 -6.2000
3.5000 -6.2000
4.0000 -6.2000
4.5000 -6.2000
5.0000 -6.2000
6.9457 -6.2000
8.8914 -6.2000
12.3514 -6.2000
15.8114 -6.2000
21.9642 -6.2000
28.1171 -6.2000
39.0585 -6.2000
50.0000 -6.2000
0.0000 -7.3000
1.0000 -7.3000
2.0000 -7.3000
3.0000 -7.3000
4.0000 -7.3000
5.0000 -7.3000
8.8914 -7.3000
15.8114 -7.3000
28.1171 -7.3000
50.0000 -7.3000
0.0000 -8.4000
0.5000 -8.4000
1.0000 -8.4000
1.5000 -8.4000
2.0000 -8.4000
2.5000 -8.4000
3.0000 -8.4000
3.5000 -8.4000
4.0000 -8.4000
4.5000 -8.4000
5.0000 -8.4000
6.9457 -8.4000
8.8914 -8.4000
12.3514 -8.4000
15.8114 -8.4000
21.9642 -8.4000
28.1171 -8.4000
39.0585 -8.4000
50.0000 -8.4000
0.0000 -9.5000
1.0000 -9.5000
2.0000 -9.5000
3.0000 -9.5000
4.0000 -9.5000
5.0000 -9.5000
8.8914 -9.5000
15.8114 -9.5000
28.1171 -9.5000
50.0000 -9.5000
0.0000 -10.6000
0.5000 -10.6000
1.0000 -10.6000
1.5000 -10.6000
2.0000 -10.6000
2.5000 -10.6000
3.0000 -10.6000
3.5000 -10.6000
4.0000 -10.6000
4.5000 -10.6000
5.0000 -10.6000
6.9457 -10.6000
8.8914 -10.6000
12.3514 -10.6000
15.8114 -10.6000
21.9642 -10.6000
28.1171 -10.6000
39.0585 -10.6000
50.0000 -10.6000
0.0000 -11.7000
1.0000 -11.7000
2.0000 -11.7000
3.0000 -11.7000
4.0000 -11.7000
5.0000 -11.7000
8.8914 -11.7000
15.8114 -11.7000
28.1171 -11.7000
50.0000 -11.7000
0.0000 -12.8000
0.5000 -12.8000
1.0000 -12.8000
1.5000 -12.8000
2.0000 -12.8000
2.5000 -12.8000
3.0000 -12.8000
3.5000 -12.8000
4.0000 -12.8000
4.5000 -12.8000
5.0000 -12.8000
6.9457 -12.8000
8.8914 -12.8000
12.3514 -12.8000
15.8114 -12.8000
21.9642 -12.8000
28.1171 -12.8000
39.0585 -12.8000
50.0000 -12.8000
0.0000 -13.9000
1.0000 -13.9000
2.0000 -13.9000
3.0000 -13.9000
4.0000 -13.9000
5.0000 -13.9000
8.8914 -13.9000
15.8114 -13.9000
28.1171 -13.9000
50.0000 -13.9000
0.0000 -15.0000
0.5000 -15.0000
1.0000 -15.0000
1.5000 -15.0000
2.0000 -15.0000
2.5000 -15.0000
3.0000 -15.0000
3.5000 -15.0000
4.0000 -15.0000
4.5000 -15.0000
5.0000 -15.0000
6.9457 -15.0000
8.8914 -15.0000
12.3514 -15.0000
15.8114 -15.0000
21.9642 -15.0000
28.1171 -15.0000
39.0585 -15.0000
50.0000 -15.0000
0.0000 -23.5000
1.0000 -23.5000
2.0000 -23.5000
3.0000 -23.5000
4.0000 -23.5000
5.0000 -23.5000
8.8914 -23.5000
15.8114 -23.5000
28.1171 -23.5000
50.0000 -23.5000
0.0000 -32.0000
0.5000 -32.0000
1.0000 -32.0000
1.5000 -32.0000
2.0000 -32.0000
2.5000 -32.0000
3.0000 -32.0000
3.5000 -32.0000
4.0000 -32.0000
4.5000 -32.0000
5.0000 -32.0000
6.9457 -32.0000
8.8914 -32.0000
12.3514 -32.0000
15.8114 -32.0000
21.9642 -32.0000
28.1171 -32.0000
39.0585 -32.0000
50.0000 -32.0000
0.0000 -40.5000
1.0000 -40.5000
2.0000 -40.5000
3.0000 -40.5000
4.0000 -40.5000
5.0000 -40.5000
8.8914 -40.5000
15.8114 -40.5000
28.1171 -40.5000
50.0000 -40.5000
0.0000 -49.0000
0.5000 -49.0000
1.0000 -49.0000
1.5000 -49.0000
2.0000 -49.0000
2.5000 -49.0000
3.0000 -49.0000
3.5000 -49.0000
4.0000 -49.0000
4.5000 -49.0000
5.0000 -49.0000
6.9457 -49.0000
8.8914 -49.0000
12.3514 -49.0000
15.8114 -49.0000
21.9642 -49.0000
28.1171 -49.0000
39.0585 -49.0000
50.0000 -49.0000
0.0000 -57.5000
1.0000 -57.5000
2.0000 -57.5000
3.0000 -57.5000
4.0000 -57.5000
5.0000 -57.5000
8.8914 -57.5000
15.8114 -57.5000
28.1171 -57.5000
50.0000 -57.5000
0.0000 -66.0000
0.5000 -66.0000
1.0000 -66.0000
1.5000 -66.0000
2.0000 -66.0000
2.5000 -66.0000
3.0000 -66.0000
3.5000 -66.0000
4.0000 -66.0000
4.5000 -66.0000
5.0000 -66.0000
6.9457 -66.0000
8.8914 -66.0000
12.3514 -66.0000
15.8114 -66.0000
21.9642 -66.0000
28.1171 -66.0000
39.0585 -66.0000
50.0000 -66.0000
0.0000 -74.5000
1.0000 -74.5000
2.0000 -74.5000
3.0000 -74.5000
4.0000 -74.5000
5.0000 -74.5000
8.8914 -74.5000
15.8114 -74.5000
28.1171 -74.5000
50.0000 -74.5000
0.0000 -83.0000
0.5000 -83.0000
1.0000 -83.0000
1.5000 -83.0000
2.0000 -83.0000
2.5000 -83.0000
3.0000 -83.0000
3.5000 -83.0000
4.0000 -83.0000
4.5000 -83.0000
5.0000 -83.0000
6.9457 -83.0000
8.8914 -83.0000
12.3514 -83.0000
15.8114 -83.0000
21.9642 -83.0000
28.1171 -83.0000
39.0585 -83.0000
50.0000 -83.0000
0.0000 -91.5000
1.0000 -91.5000
2.0000 -91.5000
3.0000 -91.5000
4.0000 -91.5000
5.0000 -91.5000
8.8914 -91.5000
15.8114 -91.5000
28.1171 -91.5000
50.0000 -91.5000
0.0000 -100.0000
0.5000 -100.0000
1.0000 -100.0000
1.5000 -100.0000
2.0000 -100.0000
2.5000 -100.0000
3.0000 -100.0000
3.5000 -100.0000
4.0000 -100.0000
4.5000 -100.0000
5.0000 -100.0000
6.9457 -100.0000
8.8914 -100.0000
12.3514 -100.0000
15.8114 -100.0000
21.9642 -100.0000
28.1171 -100.0000
39.0585 -100.0000
50.0000 -100.0000
0 44
300000.000000 0.350000 0.000000 0.000000 6.5e-6 0.000000
45 89
45000.000000 0.450000 0.000000 0.000000 6.5e-6 0.000000
90 134
7500.000000 0.400000 0.000000 0.000000 6.5e-6 0.000000
8 29 31 2 0 30 20 1 19
8 31 33 4 2 32 21 3 20
8 33 35 6 4 34 22 5 21
8 35 37 8 6 36 23 7 22
8 37 39 10 8 38 24 9 23
8 39 41 12 10 40 25 11 24
8 41 43 14 12 42 26 13 25
8 43 45 16 14 44 27 15 26
8 45 47 18 16 46 28 17 27
8 58 60 31 29 59 49 30 48
8 60 62 33 31 61 50 32 49
8 62 64 35 33 63 51 34 50
8 64 66 37 35 65 52 36 51
8 66 68 39 37 67 53 38 52
8 68 70 41 39 69 54 40 53
8 70 72 43 41 71 55 42 54
8 72 74 45 43 73 56 44 55
8 74 76 47 45 75 57 46 56
8 87 89 60 58 88 78 59 77
8 89 91 62 60 90 79 61 78
8 91 93 64 62 92 80 63 79
8 93 95 66 64 94 81 65 80
8 95 97 68 66 96 82 67 81
8 97 99 70 68 98 83 69 82
8 99 101 72 70 100 84 71 83
8 101 103 74 72 102 85 73 84
8 103 105 76 74 104 86 75 85
8 116 118 89 87 117 107 88 106
8 118 120 91 89 119 108 90 107
8 120 122 93 91 121 109 92 108
8 122 124 95 93 123 110 94 109
8 124 126 97 95 125 111 96 110
8 126 128 99 97 127 112 98 111
8 128 130 101 99 129 113 100 112
8 130 132 103 101 131 114 102 113
8 132 134 105 103 133 115 104 114
8 145 147 118 116 146 136 117 135
8 147 149 120 118 148 137 119 136
8 149 151 122 120 150 138 121 137
8 151 153 124 122 152 139 123 138
8 153 155 126 124 154 140 125 139
8 155 157 128 126 156 141 127 140
8 157 159 130 128 158 142 129 141
8 159 161 132 130 160 143 131 142
8 161 163 134 132 162 144 133 143
8 174 176 147 145 175 165 146 164
8 176 178 149 147 177 166 148 165
8 178 180 151 149 179 167 150 166
8 180 182 153 151 181 168 152 167
8 182 184 155 153 183 169 154 168
8 184 186 157 155 185 170 156 169
8 186 188 159 157 187 171 158 170
8 188 190 161 159 189 172 160 171
8 190 192 163 161 191 173 162 172
8 203 205 176 174 204 194 175 193
8 205 207 178 176 206 195 177 194
8 207 209 180 178 208 196 179 195
8 209 211 182 180 210 197 181 196
8 211 213 184 182 212 198 183 197
8 213 215 186 184 214 199 185 198
8 215 217 188 186 216 200 187 199
8 217 219 190 188 218 201 189 200
8 219 221 192 190 220 202 191 201
8 232 234 205 203 233 223 204 222
8 234 236 207 205 235 224 206 223
8 236 238 209 207 237 225 208 224
8 238 240 211 209 239 226 210 225
8 240 242 213 211 241 227 212 226
8 242 244 215 213 243 228 214 227
8 244 246 217 215 245 229 216 228
8 246 248 219 217 247 230 218 229
8 248 250 221 219 249 231 220 230
8 261 263 234 232 262 252 233 251
8 263 265 236 234 264 253 235 252
8 265 267 238 236 266 254 237 253
8 267 269 240 238 268 255 239 254
8 269 271 242 240 270 256 241 255
8 271 273 244 242 272 257 243 256
8 273 275 246 244 274 258 245 257
8 275 277 248 246 276 259 247 258
8 277 279 250 248 278 260 249 259
8 290 292 263 261 291 281 262 280
8 292 294 265 263 293 282 264 281
8 294 296 267 265 295 283 266 282
8 296 298 269 267 297 284 268 283
8 298 300 271 269 299 285 270 284
8 300 302 273 271 301 286 272 285
8 302 304 275 273 303 287 274 286
8 304 306 277 275 305 288 276 287
8 306 308 279 277 307 289 278 288
8 319 321 292 290 320 310 291 309
8 321 323 294 292 322 311 293 310
8 323 325 296 294 324 312 295 311
8 325 327 298 296 326 313 297 312
8 327 329 300 298 328 314 299 313
8 329 331 302 300 330 315 301 314
8 331 333 304 302 332 316 303 315
8 333 335 306 304 334 317 305 316
8 335 337 308 306 336 318 307 317
8 348 350 321 319 349 339 320 338
8 350 352 323 321 351 340 322 339
8 352 354 325 323 353 341 324 340
8 354 356 327 325 355 342 326 341
8 356 358 329 327 357 343 328 342
8 358 360 331 329 359 344 330 343
8 360 362 333 331 361 345 332 344
8 362 364 335 333 363 346 334 345
8 364 366 337 335 365 347 336 346
8 377 379 350 348 378 368 349 367
8 379 381 352 350 380 369 351 368
8 381 383 354 352 382 370 353 369
8 383 385 356 354 384 371 355 370
8 385 387 358 356 386 372 357 371
8 387 389 360 358 388 373 359 372
8 389 391 362 360 390 374 361 373
8 391 393 364 362 392 375 363 374
8 393 395 366 364 394 376 365 375
8 406 408 379 377 407 397 378 396
8 408 410 381 379 409 398 380 397
8 410 412 383 381 411 399 382 398
8 412 414 385 383 413 400 384 399
8 414 416 387 385 415 401 386 400
8 416 418 389 387 417 402 388 401
8 418 420 391 389 419 403 390 402
8 420 422 393 391 421 404 392 403
8 422 424 395 393 423 405 394 404
8 435 437 408 406 436 426 407 425
8 437 439 410 408 438 427 409 426
8 439 441 412 410 440 428 411 427
8 441 443 414 412 442 429 413 428
8 443 445 416 414 444 430 415 429
8 445 447 418 416 446 431 417 430
8 447 449 420 418 448 432 419 431
8 449 451 422 420 450 433 421 432
8 451 453 424 422 452 434 423 433
0 2
0 -15
1 2
0 -15
2 2
0 -15
3 2
0 -15
4 2
0 -15
435 436 437 438 439 440 441 442 443 444 445 446 447 448 449 450 451 452 453 0 18 19 28 29 47 48 57 58 76 77 86 87 105 106 115 116 134 135 144 145 163 164 173 174 192 193 202 203 221 222 231 232 250 251 260 261 279 280 289 290 308 309 318 319 337 338 347 348 366 367 376 377 395 396 405 406 424 425 434 
0.00000 0.00000 0.00000 0.00000 0.00000 0.00000 0.00000 0.00000 0.00000 0.00000 0.00000 0.00000 0.00000 0.00000 0.00000 0.00000 0.00000 0.00000 0.00000 0.00000 0.00000 0.00000 0.00000 0.00000 0.00000 0.00000 0.00000 0.00000 0.00000 0.00000 0.00000 0.00000 0.00000 0.00000 0.00000 0.00000 0.00000 0.00000 0.00000 0.00000 0.00000 0.00000 0.00000 0.00000 0.00000 0.00000 0.00000 0.00000 0.00000 0.00000 0.00000 0.00000 0.00000 0.00000 0.00000 0.00000 0.00000 0.00000 0.00000 0.00000 0.00000 0.00000 0.00000 0.00000 0.00000 0.00000 0.00000 0.00000 0.00000 0.00000 0.00000 0.00000 0.00000 0.00000 0.00000 0.00000 0.00000 0.00000 0.00000 
435 436 437 438 439 440 441 442 443 444 445 446 447 448 449 450 451 452 453 
0.00000 0.00000 0.00000 0.00000 0.00000 0.00000 0.00000 0.00000 0.00000 0.00000 0.00000 0.00000 0.00000 0.00000 0.00000 0.00000 0.00000 0.00000 0.00000 