

%-------------------------------------------------------------------------------------------------------%
                  2D Axisymmetric Finite Element Analysis (Linear Elastic version)
%-------------------------------------------------------------------------------------------------------%


%---------------------------------------------------------------%
                 FEM Program Standard Output
%---------------------------------------------------------------%

                     Nodal Displacements (in.): 

              Nodal Index  |      Displacement (R, Z)
            --------------------------------------------------
                  00       |      (0.000e+00, 0.000e+00)
                  01       |      (0.000e+00, 0.000e+00)
                  02       |      (0.000e+00, 0.000e+00)
                  03       |      (0.000e+00, 0.000e+00)
                  04       |      (0.000e+00, 0.000e+00)
                  05       |      (0.000e+00, 0.000e+00)
                  06       |      (0.000e+00, 0.000e+00)
                  07       |      (0.000e+00, 3.621e-03)
                  08       |      (2.439e-19, 3.621e-03)
                  09       |      (4.879e-19, 3.621e-03)
                  10       |      (0.000e+00, 3.621e-03)
                  11       |      (0.000e+00, 7.243e-03)
                  12       |      (-1.355e-19, 7.243e-03)
                  13       |      (1.274e-18, 7.243e-03)
                  14       |      (2.819e-18, 7.243e-03)
                  15       |      (3.795e-18, 7.243e-03)
                  16       |      (2.277e-18, 7.243e-03)
                  17       |      (0.000e+00, 7.243e-03)
                  18       |      (0.000e+00, 1.086e-02)
                  19       |      (1.301e-18, 1.086e-02)
                  20       |      (4.581e-18, 1.086e-02)
                  21       |      (0.000e+00, 1.086e-02)
                  22       |      (0.000e+00, 1.449e-02)
                  23       |      (-7.060e-19, 1.449e-02)
                  24       |      (5.649e-18, 1.449e-02)
                  25       |      (6.632e-18, 1.449e-02)
                  26       |      (3.029e-18, 1.449e-02)
                  27       |      (2.812e-18, 1.449e-02)
                  28       |      (0.000e+00, 1.449e-02)
                  29       |      (0.000e+00, 1.811e-02)
                  30       |      (3.578e-18, 1.811e-02)
                  31       |      (1.943e-18, 1.811e-02)
                  32       |      (0.000e+00, 1.811e-02)
                  33       |      (0.000e+00, 2.173e-02)
                  34       |      (1.928e-19, 2.173e-02)
                  35       |      (-2.660e-18, 2.173e-02)
                  36       |      (-5.888e-18, 2.173e-02)
                  37       |      (-3.030e-18, 2.173e-02)
                  38       |      (-4.283e-18, 2.173e-02)
                  39       |      (0.000e+00, 2.173e-02)
            --------------------------------------------------


%-------------------------------------------------------------------------------------------------------%
                                         FEM Program Standard Output
%-------------------------------------------------------------------------------------------------------%

                                            Averaged Nodal Strain (no unit): 

              Nodal Index  |                     Strain (R, TH, Z, RZ) 
            --------------------------------------------------------------------------------------
                  00       |      (1.203706e-34, 6.018531e-36, 1.207143e-03, 8.432684e-20)
                  01       |      (-2.046301e-34, -4.814825e-35, 1.207143e-03, -7.687054e-20)
                  02       |      (7.071774e-35, 1.484324e-21, 1.207143e-03, 1.291770e-19)
                  03       |      (-4.212972e-35, -1.979099e-21, 1.207143e-03, -2.198459e-19)
                  04       |      (-1.128475e-36, -5.952109e-22, 1.207143e-03, -2.260229e-19)
                  05       |      (6.018531e-35, 2.772714e-21, 1.207143e-03, -2.778632e-19)
                  06       |      (-9.027797e-35, -4.159071e-21, 1.207143e-03, 2.826844e-19)
                  07       |      (-2.168404e-19, -2.168404e-19, 1.207143e-03, -1.761100e-19)
                  08       |      (2.168404e-19, 4.117387e-20, 1.207143e-03, -2.619426e-19)
                  09       |      (-4.517509e-21, 4.072360e-20, 1.207143e-03, 7.019625e-19)
                  10       |      (-2.078054e-19, 2.209877e-21, 1.207143e-03, -1.887517e-18)
                  11       |      (-3.026731e-19, -3.026731e-19, 1.207143e-03, 4.264914e-19)
                  12       |      (2.123229e-19, -4.517509e-20, 1.207143e-03, -1.135698e-18)
                  13       |      (6.685913e-19, 2.111902e-19, 1.207143e-03, 4.439161e-20)
                  14       |      (4.201283e-19, 3.209388e-19, 1.207143e-03, 6.320961e-19)
                  15       |      (-7.453890e-20, 3.076130e-19, 1.207143e-03, 1.185532e-18)
                  16       |      (-6.324513e-19, 1.520249e-19, 1.207143e-03, -7.926042e-19)
                  17       |      (-8.854318e-19, 5.976009e-23, 1.207143e-03, -4.787865e-18)
                  18       |      (-1.217556e-18, -1.217556e-18, 1.207143e-03, -1.021103e-18)
                  19       |      (1.528413e-18, 2.418066e-19, 1.207143e-03, 3.542236e-19)
                  20       |      (-2.583896e-19, 3.820403e-19, 1.207143e-03, 1.745762e-18)
                  21       |      (-1.322491e-18, -3.462073e-21, 1.207143e-03, -7.574839e-19)
                  22       |      (-1.412238e-18, -1.412238e-18, 1.207143e-03, -5.371148e-18)
                  23       |      (9.415586e-19, -2.353399e-19, 1.207143e-03, -7.308182e-18)
                  24       |      (2.193423e-18, 9.509871e-19, 1.207143e-03, -4.621707e-19)
                  25       |      (-4.367176e-19, 7.420211e-19, 1.207143e-03, 2.301197e-18)
                  26       |      (-8.023407e-19, 2.471801e-19, 1.207143e-03, 3.010549e-18)
                  27       |      (-5.048410e-19, 1.844154e-19, 1.207143e-03, 2.899766e-19)
                  28       |      (-1.369925e-18, 5.743164e-22, 1.207143e-03, -3.267768e-18)
                  29       |      (-7.308873e-20, -7.308873e-20, 1.207143e-03, -1.135541e-17)
                  30       |      (3.714549e-19, 5.818999e-19, 1.207143e-03, 3.369911e-19)
                  31       |      (-4.180102e-19, 1.587021e-19, 1.207143e-03, 1.766856e-18)
                  32       |      (1.661994e-19, 4.520672e-22, 1.207143e-03, 1.582149e-18)
                  33       |      (5.717686e-19, 5.717686e-19, 1.207143e-03, -2.246999e-17)
                  34       |      (-4.432598e-19, 6.425439e-20, 1.207143e-03, -1.256181e-17)
                  35       |      (-1.774401e-18, -4.671434e-19, 1.207143e-03, -1.613346e-18)
                  36       |      (-6.170460e-20, -6.612650e-19, 1.207143e-03, 9.488227e-19)
                  37       |      (3.134664e-19, -2.375687e-19, 1.207143e-03, -2.051070e-18)
                  38       |      (5.049644e-19, -2.893295e-19, 1.207143e-03, -3.522199e-19)
                  39       |      (2.350101e-18, 1.617806e-20, 1.207143e-03, -1.361421e-18)
            --------------------------------------------------------------------------------------


%-------------------------------------------------------------------------------------------------------%
                                         FEM Program Standard Output
%-------------------------------------------------------------------------------------------------------%

                                            Averaged Nodal Stress (psi.): 

              Nodal Index  |                     Stress (R, TH, Z, RZ) 
            --------------------------------------------------------------------------------------
                  00       |      (-2.785714e+01, -2.785714e+01, -1.314504e-13, 9.730019e-16)
                  01       |      (-2.785714e+01, -2.785714e+01, -2.096101e-13, -8.869677e-16)
                  02       |      (-2.785714e+01, -2.785714e+01, -1.474376e-13, 1.490504e-15)
                  03       |      (-2.785714e+01, -2.785714e+01, -2.202682e-13, -2.536684e-15)
                  04       |      (-2.785714e+01, -2.785714e+01, -1.492140e-13, -2.607956e-15)
                  05       |      (-2.785714e+01, -2.785714e+01, -2.273737e-13, -3.206114e-15)
                  06       |      (-2.785714e+01, -2.785714e+01, -2.380318e-13, 3.261743e-15)
                  07       |      (-2.785714e+01, -2.785714e+01, -1.811884e-13, -2.032038e-15)
                  08       |      (-2.785714e+01, -2.785714e+01, -1.794120e-13, -3.022415e-15)
                  09       |      (-2.785714e+01, -2.785714e+01, -1.723066e-13, 8.099567e-15)
                  10       |      (-2.785714e+01, -2.785714e+01, -1.953993e-13, -2.177904e-14)
                  11       |      (-2.785714e+01, -2.785714e+01, -9.769963e-14, 4.921055e-15)
                  12       |      (-2.785714e+01, -2.785714e+01, -1.350031e-13, -1.310421e-14)
                  13       |      (-2.785714e+01, -2.785714e+01, -1.305622e-13, 5.122109e-16)
                  14       |      (-2.785714e+01, -2.785714e+01, -2.042810e-13, 7.293417e-15)
                  15       |      (-2.785714e+01, -2.785714e+01, -2.069456e-13, 1.367921e-14)
                  16       |      (-2.785714e+01, -2.785714e+01, -1.811884e-13, -9.145433e-15)
                  17       |      (-2.785714e+01, -2.785714e+01, -1.154632e-13, -5.524460e-14)
                  18       |      (-2.785714e+01, -2.785714e+01, -3.907985e-14, -1.178196e-14)
                  19       |      (-2.785714e+01, -2.785714e+01, -2.327027e-13, 4.087195e-15)
                  20       |      (-2.785714e+01, -2.785714e+01, -1.580958e-13, 2.014341e-14)
                  21       |      (-2.785714e+01, -2.785714e+01, -7.460699e-14, -8.740199e-15)
                  22       |      (-2.785714e+01, -2.785714e+01, 1.953993e-14, -6.197479e-14)
                  23       |      (-2.785714e+01, -2.785714e+01, -1.563194e-13, -8.432518e-14)
                  24       |      (-2.785714e+01, -2.785714e+01, -7.727152e-14, -5.332739e-15)
                  25       |      (-2.785714e+01, -2.785714e+01, -5.861978e-14, 2.655227e-14)
                  26       |      (-2.785714e+01, -2.785714e+01, -6.128431e-14, 3.473711e-14)
                  27       |      (-2.785714e+01, -2.785714e+01, -9.059420e-14, 3.345884e-15)
                  28       |      (-2.785714e+01, -2.785714e+01, -5.684342e-14, -3.770501e-14)
                  29       |      (-2.785714e+01, -2.785714e+01, 6.750156e-14, -1.310240e-13)
                  30       |      (-2.785714e+01, -2.785714e+01, -3.375078e-14, 3.888359e-15)
                  31       |      (-2.785714e+01, -2.785714e+01, 1.421085e-14, 2.038680e-14)
                  32       |      (-2.785714e+01, -2.785714e+01, 4.618528e-14, 1.825556e-14)
                  33       |      (-2.785714e+01, -2.785714e+01, 2.735590e-13, -2.592691e-13)
                  34       |      (-2.785714e+01, -2.785714e+01, 3.197442e-14, -1.449439e-13)
                  35       |      (-2.785714e+01, -2.785714e+01, -3.055334e-13, -1.861553e-14)
                  36       |      (-2.785714e+01, -2.785714e+01, 1.136868e-13, 1.094795e-14)
                  37       |      (-2.785714e+01, -2.785714e+01, 7.283063e-14, -2.366619e-14)
                  38       |      (-2.785714e+01, -2.785714e+01, 1.421085e-13, -4.064076e-15)
                  39       |      (-2.785714e+01, -2.785714e+01, -1.243450e-13, -1.570870e-14)
            --------------------------------------------------------------------------------------
