

%-------------------------------------------------------------------------------------------------------%
                  2D Axisymmetric Finite Element Analysis (Linear Elastic version)
%-------------------------------------------------------------------------------------------------------%


%---------------------------------------------------------------%
                 FEM Program Standard Output
%---------------------------------------------------------------%

                     Nodal Displacements (in.): 

              Nodal Index  |      Displacement (R, Z)
            --------------------------------------------------
                  000      |      (0.000e+00, -9.263e-01)
                  001      |      (-2.965e-02, -9.188e-01)
                  002      |      (-5.945e-02, -8.968e-01)
                  003      |      (-9.314e-02, -8.598e-01)
                  004      |      (-1.234e-01, -7.959e-01)
                  005      |      (-1.408e-01, -7.024e-01)
                  006      |      (-1.375e-01, -5.381e-01)
                  007      |      (-8.966e-02, -2.195e-01)
                  008      |      (-4.169e-02, -1.383e-01)
                  009      |      (-1.731e-02, -6.634e-02)
                  010      |      (0.000e+00, -5.440e-02)
                  011      |      (0.000e+00, -8.751e-01)
                  012      |      (-3.816e-02, -8.477e-01)
                  013      |      (-6.457e-02, -7.446e-01)
                  014      |      (-8.010e-02, -5.281e-01)
                  015      |      (-3.813e-02, -1.377e-01)
                  016      |      (0.000e+00, -5.419e-02)
                  017      |      (0.000e+00, -8.227e-01)
                  018      |      (-9.310e-03, -8.155e-01)
                  019      |      (-1.715e-02, -7.927e-01)
                  020      |      (-2.466e-02, -7.541e-01)
                  021      |      (-2.981e-02, -6.972e-01)
                  022      |      (-2.724e-02, -6.114e-01)
                  023      |      (-3.530e-02, -5.169e-01)
                  024      |      (-4.988e-02, -2.213e-01)
                  025      |      (-3.397e-02, -1.373e-01)
                  026      |      (-1.440e-02, -6.623e-02)
                  027      |      (0.000e+00, -5.393e-02)
                  028      |      (0.000e+00, -7.669e-01)
                  029      |      (-3.424e-03, -7.387e-01)
                  030      |      (-2.754e-03, -6.470e-01)
                  031      |      (-9.571e-03, -4.997e-01)
                  032      |      (-2.970e-02, -1.368e-01)
                  033      |      (0.000e+00, -5.375e-02)
                  034      |      (0.000e+00, -7.125e-01)
                  035      |      (3.174e-03, -7.056e-01)
                  036      |      (6.552e-03, -6.849e-01)
                  037      |      (1.012e-02, -6.510e-01)
                  038      |      (1.292e-02, -6.028e-01)
                  039      |      (1.257e-02, -5.435e-01)
                  040      |      (8.932e-03, -4.810e-01)
                  041      |      (-2.022e-02, -2.233e-01)
                  042      |      (-2.529e-02, -1.364e-01)
                  043      |      (-1.175e-02, -6.613e-02)
                  044      |      (0.000e+00, -5.355e-02)
                  045      |      (0.000e+00, -6.598e-01)
                  046      |      (1.248e-02, -6.349e-01)
                  047      |      (2.180e-02, -5.630e-01)
                  048      |      (1.982e-02, -4.610e-01)
                  049      |      (-2.074e-02, -1.360e-01)
                  050      |      (0.000e+00, -5.341e-02)
                  051      |      (0.000e+00, -6.105e-01)
                  052      |      (8.084e-03, -6.048e-01)
                  053      |      (1.555e-02, -5.887e-01)
                  054      |      (2.224e-02, -5.620e-01)
                  055      |      (2.683e-02, -5.273e-01)
                  056      |      (2.818e-02, -4.849e-01)
                  057      |      (2.632e-02, -4.402e-01)
                  058      |      (-5.087e-04, -2.230e-01)
                  059      |      (-1.625e-02, -1.357e-01)
                  060      |      (-9.319e-03, -6.605e-02)
                  061      |      (0.000e+00, -5.328e-02)
                  062      |      (0.000e+00, -4.962e-01)
                  063      |      (1.704e-02, -4.818e-01)
                  064      |      (2.953e-02, -4.419e-01)
                  065      |      (3.485e-02, -3.893e-01)
                  066      |      (-5.528e-03, -1.353e-01)
                  067      |      (0.000e+00, -5.283e-02)
                  068      |      (0.000e+00, -4.104e-01)
                  069      |      (7.460e-03, -4.078e-01)
                  070      |      (1.443e-02, -4.010e-01)
                  071      |      (2.061e-02, -3.900e-01)
                  072      |      (2.567e-02, -3.759e-01)
                  073      |      (2.908e-02, -3.575e-01)
                  074      |      (3.135e-02, -3.374e-01)
                  075      |      (2.201e-02, -2.104e-01)
                  076      |      (3.595e-03, -1.341e-01)
                  077      |      (-3.323e-03, -6.597e-02)
                  078      |      (0.000e+00, -5.271e-02)
                  079      |      (0.000e+00, -3.457e-01)
                  080      |      (1.185e-02, -3.397e-01)
                  081      |      (2.174e-02, -3.225e-01)
                  082      |      (2.835e-02, -2.985e-01)
                  083      |      (9.283e-03, -1.326e-01)
                  084      |      (0.000e+00, -5.219e-02)
                  085      |      (0.000e+00, -2.965e-01)
                  086      |      (4.815e-03, -2.953e-01)
                  087      |      (9.475e-03, -2.922e-01)
                  088      |      (1.371e-02, -2.873e-01)
                  089      |      (1.751e-02, -2.807e-01)
                  090      |      (2.074e-02, -2.719e-01)
                  091      |      (2.331e-02, -2.620e-01)
                  092      |      (2.393e-02, -1.886e-01)
                  093      |      (1.347e-02, -1.302e-01)
                  094      |      (1.597e-03, -6.601e-02)
                  095      |      (0.000e+00, -5.202e-02)
                  096      |      (0.000e+00, -2.580e-01)
                  097      |      (7.496e-03, -2.550e-01)
                  098      |      (1.424e-02, -2.465e-01)
                  099      |      (1.949e-02, -2.341e-01)
                  100      |      (1.521e-02, -1.270e-01)
                  101      |      (0.000e+00, -5.154e-02)
                  102      |      (0.000e+00, -2.278e-01)
                  103      |      (2.893e-03, -2.270e-01)
                  104      |      (5.735e-03, -2.254e-01)
                  105      |      (8.406e-03, -2.226e-01)
                  106      |      (1.094e-02, -2.192e-01)
                  107      |      (1.322e-02, -2.144e-01)
                  108      |      (1.530e-02, -2.092e-01)
                  109      |      (1.955e-02, -1.661e-01)
                  110      |      (1.598e-02, -1.231e-01)
                  111      |      (5.346e-03, -6.580e-02)
                  112      |      (0.000e+00, -5.130e-02)
                  113      |      (0.000e+00, -1.120e-01)
                  114      |      (2.126e-03, -1.119e-01)
                  115      |      (4.183e-03, -1.113e-01)
                  116      |      (6.075e-03, -1.102e-01)
                  117      |      (1.293e-02, -9.203e-02)
                  118      |      (0.000e+00, -5.036e-02)
                  119      |      (0.000e+00, -7.103e-02)
                  120      |      (3.107e-04, -7.084e-02)
                  121      |      (6.287e-04, -7.072e-02)
                  122      |      (9.339e-04, -7.038e-02)
                  123      |      (1.256e-03, -7.010e-02)
                  124      |      (1.567e-03, -6.956e-02)
                  125      |      (1.901e-03, -6.906e-02)
                  126      |      (2.965e-03, -6.636e-02)
                  127      |      (4.358e-03, -6.184e-02)
                  128      |      (4.597e-03, -5.010e-02)
                  129      |      (0.000e+00, -4.341e-02)
                  130      |      (0.000e+00, -4.575e-02)
                  131      |      (3.480e-04, -4.569e-02)
                  132      |      (6.760e-04, -4.559e-02)
                  133      |      (9.720e-04, -4.545e-02)
                  134      |      (2.208e-03, -4.291e-02)
                  135      |      (0.000e+00, -3.556e-02)
                  136      |      (0.000e+00, -2.857e-02)
                  137      |      (4.852e-05, -2.858e-02)
                  138      |      (9.444e-05, -2.857e-02)
                  139      |      (1.494e-04, -2.857e-02)
                  140      |      (1.983e-04, -2.855e-02)
                  141      |      (2.631e-04, -2.852e-02)
                  142      |      (3.195e-04, -2.847e-02)
                  143      |      (9.038e-04, -2.782e-02)
                  144      |      (1.191e-03, -2.723e-02)
                  145      |      (7.349e-04, -2.529e-02)
                  146      |      (0.000e+00, -2.449e-02)
                  147      |      (0.000e+00, -1.363e-02)
                  148      |      (6.272e-05, -1.363e-02)
                  149      |      (1.251e-04, -1.361e-02)
                  150      |      (1.839e-04, -1.357e-02)
                  151      |      (4.744e-04, -1.339e-02)
                  152      |      (0.000e+00, -1.249e-02)
                  153      |      (0.000e+00, 0.000e+00)
                  154      |      (0.000e+00, 0.000e+00)
                  155      |      (0.000e+00, 0.000e+00)
                  156      |      (0.000e+00, 0.000e+00)
                  157      |      (0.000e+00, 0.000e+00)
                  158      |      (0.000e+00, 0.000e+00)
                  159      |      (0.000e+00, 0.000e+00)
                  160      |      (0.000e+00, 0.000e+00)
                  161      |      (0.000e+00, 0.000e+00)
                  162      |      (0.000e+00, 0.000e+00)
                  163      |      (0.000e+00, 0.000e+00)
            --------------------------------------------------


%-------------------------------------------------------------------------------------------------------%
                                         FEM Program Standard Output
%-------------------------------------------------------------------------------------------------------%

                                            Averaged Nodal Strain (no unit): 

              Nodal Index  |                     Strain (R, TH, Z, RZ) 
            --------------------------------------------------------------------------------------
                  000      |      (-3.549542e-02, -3.549542e-02, -7.591145e-02, 3.716351e-04)
                  001      |      (-3.566830e-02, -3.558186e-02, -7.214785e-02, 2.272699e-03)
                  002      |      (-3.917157e-02, -3.585615e-02, -6.913008e-02, -5.305740e-04)
                  003      |      (-3.835424e-02, -3.712057e-02, -7.768367e-02, -9.065642e-03)
                  004      |      (-3.376221e-02, -3.710217e-02, -7.969854e-02, -2.488729e-02)
                  005      |      (-8.495212e-03, -3.384556e-02, -7.020679e-02, 4.198007e-02)
                  006      |      (1.258964e-02, -2.614583e-02, -1.415758e-02, 6.464712e-02)
                  007      |      (8.864941e-03, -8.685980e-03, 2.154820e-03, -1.866186e-03)
                  008      |      (5.258523e-03, -2.820271e-03, -9.744898e-04, -5.377998e-03)
                  009      |      (1.219297e-03, -5.249327e-04, -1.669147e-04, 7.272607e-04)
                  010      |      (8.056407e-04, -9.594697e-05, -2.787610e-04, -1.057612e-03)
                  011      |      (-2.369186e-02, -2.369186e-02, -7.767117e-02, -1.508548e-03)
                  012      |      (-2.071313e-02, -2.282983e-02, -7.803713e-02, 2.802882e-03)
                  013      |      (-1.385383e-02, -1.934456e-02, -7.399332e-02, 1.546740e-02)
                  014      |      (-1.120541e-03, -1.554636e-02, -1.589799e-02, 5.095181e-02)
                  015      |      (4.092739e-03, -2.477028e-03, -7.307796e-04, -5.547040e-03)
                  016      |      (7.573036e-04, -8.466357e-05, -3.519878e-04, -1.032228e-03)
                  017      |      (-1.205348e-02, -1.205348e-02, -8.206121e-02, -5.291760e-04)
                  018      |      (-1.029231e-02, -1.117284e-02, -8.319229e-02, 4.409995e-03)
                  019      |      (-9.469535e-03, -1.037419e-02, -8.406022e-02, 8.594067e-03)
                  020      |      (-7.596453e-03, -9.784010e-03, -8.145623e-02, 2.201663e-02)
                  021      |      (2.346909e-03, -8.889892e-03, -7.410967e-02, 4.688691e-02)
                  022      |      (-3.293260e-03, -6.575990e-03, -6.032441e-02, 5.743049e-02)
                  023      |      (-1.079313e-02, -7.073965e-03, -2.123924e-02, 4.554857e-02)
                  024      |      (1.236666e-04, -4.848298e-03, 1.546188e-03, 1.092854e-02)
                  025      |      (3.530254e-03, -1.976592e-03, -6.827814e-04, -5.563178e-03)
                  026      |      (9.934981e-04, -4.369631e-04, -6.078097e-05, 1.865336e-04)
                  027      |      (6.912795e-04, -7.681017e-05, -3.366084e-04, -1.000662e-03)
                  028      |      (-3.056967e-03, -3.056967e-03, -8.269739e-02, -5.854994e-04)
                  029      |      (-8.001327e-04, -2.038589e-03, -8.084380e-02, 1.718064e-02)
                  030      |      (2.807756e-03, -7.931499e-04, -7.079790e-02, 4.586300e-02)
                  031      |      (-9.678000e-03, -2.214648e-03, -2.696912e-02, 4.908399e-02)
                  032      |      (2.129279e-03, -1.718879e-03, -7.295063e-04, -4.495082e-03)
                  033      |      (6.654469e-04, -6.416636e-05, -2.855935e-04, -9.769751e-04)
                  034      |      (3.686249e-03, 3.686249e-03, -8.111770e-02, 2.381143e-05)
                  035      |      (3.931161e-03, 3.808712e-03, -8.109387e-02, 1.035122e-02)
                  036      |      (4.453789e-03, 3.940481e-03, -7.915171e-02, 2.093585e-02)
                  037      |      (3.821994e-03, 4.052029e-03, -7.262156e-02, 3.483014e-02)
                  038      |      (2.225927e-03, 3.884547e-03, -6.225691e-02, 5.223163e-02)
                  039      |      (-2.393786e-03, 3.002534e-03, -4.691104e-02, 5.621498e-02)
                  040      |      (-6.974610e-03, 1.430336e-03, -2.918288e-02, 4.929900e-02)
                  041      |      (-3.165193e-03, -1.974999e-03, 4.443205e-04, 1.434334e-02)
                  042      |      (1.067570e-03, -1.370984e-03, -5.237729e-04, -3.772644e-03)
                  043      |      (7.396643e-04, -3.570042e-04, -4.404056e-05, 4.350297e-04)
                  044      |      (6.350766e-04, -5.285098e-05, -2.707967e-04, -9.496481e-04)
                  045      |      (7.741577e-03, 7.741577e-03, -7.645077e-02, 4.690017e-04)
                  046      |      (7.273101e-03, 7.496534e-03, -7.216250e-02, 2.280405e-02)
                  047      |      (3.291087e-03, 6.532459e-03, -5.663644e-02, 4.678706e-02)
                  048      |      (-6.046352e-03, 3.528620e-03, -3.058938e-02, 4.818478e-02)
                  049      |      (4.557294e-05, -1.128198e-03, -4.615706e-04, -2.779370e-03)
                  050      |      (6.241273e-04, -4.015010e-05, -2.014840e-04, -9.336686e-04)
                  051      |      (1.007541e-02, 1.007541e-02, -7.076832e-02, 6.955317e-04)
                  052      |      (9.327017e-03, 9.701193e-03, -6.944385e-02, 1.187294e-02)
                  053      |      (8.938741e-03, 9.354410e-03, -6.599112e-02, 2.415098e-02)
                  054      |      (6.768508e-03, 8.885843e-03, -6.008168e-02, 3.357686e-02)
                  055      |      (3.900363e-03, 8.050026e-03, -5.112962e-02, 4.403908e-02)
                  056      |      (-3.051795e-04, 6.764836e-03, -4.063296e-02, 4.684406e-02)
                  057      |      (-5.080775e-03, 4.883359e-03, -2.968820e-02, 4.644167e-02)
                  058      |      (-3.937129e-03, -9.203657e-05, -1.922797e-03, 1.750737e-02)
                  059      |      (-7.754146e-04, -8.217098e-04, -2.616847e-04, -1.560021e-03)
                  060      |      (4.752691e-04, -2.846133e-04, 1.075475e-05, 4.876972e-04)
                  061      |      (6.149798e-04, -2.534165e-05, -2.597951e-04, -9.179116e-04)
                  062      |      (1.088827e-02, 1.088827e-02, -5.458300e-02, -3.988346e-05)
                  063      |      (9.493498e-03, 1.022641e-02, -5.119453e-02, 1.758272e-02)
                  064      |      (5.681234e-03, 8.855387e-03, -4.129796e-02, 3.017896e-02)
                  065      |      (-1.669865e-03, 6.571474e-03, -2.802163e-02, 3.573785e-02)
                  066      |      (-1.878379e-03, -2.671164e-04, -4.365518e-04, 8.164927e-04)
                  067      |      (5.310786e-04, -2.131618e-06, -1.550552e-04, -8.593929e-04)
                  068      |      (9.243849e-03, 9.243849e-03, -3.928178e-02, 6.895236e-04)
                  069      |      (8.659944e-03, 8.951879e-03, -3.873877e-02, 6.690196e-03)
                  070      |      (8.079378e-03, 8.667937e-03, -3.706003e-02, 1.299859e-02)
                  071      |      (6.740144e-03, 8.241205e-03, -3.471340e-02, 1.766669e-02)
                  072      |      (5.082789e-03, 7.695267e-03, -3.150175e-02, 2.284429e-02)
                  073      |      (3.412274e-03, 6.982461e-03, -2.844772e-02, 2.629326e-02)
                  074      |      (5.841987e-04, 6.080815e-03, -2.523932e-02, 2.980742e-02)
                  075      |      (-2.567514e-03, 2.080077e-03, -5.130961e-03, 1.684883e-02)
                  076      |      (-2.475652e-03, 2.831130e-04, -7.073981e-04, 3.475827e-03)
                  077      |      (-1.051658e-04, -1.036303e-04, 1.747825e-05, 9.068982e-04)
                  078      |      (4.939032e-04, 2.956147e-05, -1.765534e-04, -8.303227e-04)
                  079      |      (7.494089e-03, 7.494089e-03, -3.107673e-02, -1.250192e-04)
                  080      |      (6.794820e-03, 7.116271e-03, -2.966786e-02, 8.694972e-03)
                  081      |      (5.017958e-03, 6.524738e-03, -2.595232e-02, 1.515259e-02)
                  082      |      (1.500103e-03, 5.509446e-03, -2.058522e-02, 2.099635e-02)
                  083      |      (-2.249315e-03, 5.733178e-04, -1.080398e-03, 4.649138e-03)
                  084      |      (3.286759e-04, 3.417233e-05, -1.892400e-04, -7.221975e-04)
                  085      |      (5.871927e-03, 5.871927e-03, -2.292958e-02, 1.360913e-04)
                  086      |      (5.685099e-03, 5.778507e-03, -2.282772e-02, 3.181301e-03)
                  087      |      (5.418843e-03, 5.683909e-03, -2.225861e-02, 6.084305e-03)
                  088      |      (4.821842e-03, 5.487014e-03, -2.134251e-02, 8.591676e-03)
                  089      |      (4.279700e-03, 5.249466e-03, -2.009687e-02, 1.147868e-02)
                  090      |      (3.481648e-03, 4.978685e-03, -1.895460e-02, 1.368330e-02)
                  091      |      (1.922428e-03, 4.577567e-03, -1.764992e-02, 1.646809e-02)
                  092      |      (-9.101783e-04, 2.295027e-03, -6.146535e-03, 1.282706e-02)
                  093      |      (-1.976317e-03, 8.132064e-04, -1.560461e-03, 5.775794e-03)
                  094      |      (-3.941079e-04, 4.642933e-05, -3.165188e-05, 1.176845e-03)
                  095      |      (2.072272e-04, 4.814884e-05, -1.603718e-04, -6.494677e-04)
                  096      |      (4.621344e-03, 4.621344e-03, -1.872629e-02, 1.331244e-04)
                  097      |      (4.379029e-03, 4.500363e-03, -1.820839e-02, 4.558896e-03)
                  098      |      (3.678830e-03, 4.273175e-03, -1.678482e-02, 8.270574e-03)
                  099      |      (1.998848e-03, 3.839069e-03, -1.439359e-02, 1.208663e-02)
                  100      |      (-1.520880e-03, 9.099785e-04, -1.943132e-03, 6.036218e-03)
                  101      |      (1.052381e-05, 4.220451e-05, -1.960689e-04, -5.124681e-04)
                  102      |      (3.502354e-03, 3.502354e-03, -1.249655e-02, 5.624961e-04)
                  103      |      (3.440976e-03, 3.471663e-03, -1.249970e-02, 1.733391e-03)
                  104      |      (3.332308e-03, 3.439184e-03, -1.231114e-02, 3.233108e-03)
                  105      |      (3.125256e-03, 3.364792e-03, -1.198733e-02, 4.689463e-03)
                  106      |      (2.904919e-03, 3.280410e-03, -1.150531e-02, 6.153932e-03)
                  107      |      (2.615448e-03, 3.173674e-03, -1.124934e-02, 7.433035e-03)
                  108      |      (1.946880e-03, 3.016279e-03, -1.089502e-02, 8.916914e-03)
                  109      |      (6.267235e-05, 1.896716e-03, -5.547132e-03, 9.028756e-03)
                  110      |      (-1.079366e-03, 9.458950e-04, -2.268275e-03, 6.208900e-03)
                  111      |      (-4.674181e-04, 1.568883e-04, -2.766142e-04, 1.634779e-03)
                  112      |      (-1.580071e-04, 4.919768e-05, 3.660496e-05, -4.021762e-04)
                  113      |      (1.301834e-03, 1.301834e-03, -5.532953e-03, -3.227832e-04)
                  114      |      (1.276438e-03, 1.277492e-03, -5.460366e-03, 4.279327e-04)
                  115      |      (1.200409e-03, 1.256642e-03, -5.261392e-03, 9.028570e-04)
                  116      |      (1.179941e-03, 1.248453e-03, -4.945634e-03, 1.712352e-03)
                  117      |      (-2.247043e-04, 7.861140e-04, -2.160292e-03, 2.639305e-03)
                  118      |      (-3.648320e-04, 1.623932e-05, -2.783613e-04, -1.794533e-04)
                  119      |      (3.684533e-04, 3.684533e-04, -1.164022e-03, 2.653826e-04)
                  120      |      (3.772303e-04, 3.728421e-04, -1.189220e-03, 1.977690e-04)
                  121      |      (3.709222e-04, 3.761674e-04, -1.202351e-03, 2.993561e-04)
                  122      |      (3.765645e-04, 3.745260e-04, -1.242799e-03, 4.166237e-04)
                  123      |      (3.785718e-04, 3.757097e-04, -1.272043e-03, 5.438477e-04)
                  124      |      (3.867075e-04, 3.768540e-04, -1.330301e-03, 7.043247e-04)
                  125      |      (2.899816e-04, 3.579620e-04, -1.379325e-03, 5.524540e-04)
                  126      |      (2.273067e-04, 3.031731e-04, -1.577715e-03, 1.029304e-03)
                  127      |      (2.217856e-04, 2.677009e-04, -1.776240e-03, 1.415562e-03)
                  128      |      (-1.274794e-04, 1.359270e-04, -8.064392e-04, 7.378191e-04)
                  129      |      (-4.103121e-04, 5.421533e-06, -5.710033e-04, 2.432470e-04)
                  130      |      (2.060009e-04, 2.060009e-04, -1.498752e-03, 5.766730e-05)
                  131      |      (2.008626e-04, 2.084843e-04, -1.487658e-03, 6.567311e-05)
                  132      |      (1.863544e-04, 2.025458e-04, -1.466630e-03, 1.056648e-04)
                  133      |      (1.486075e-04, 1.912517e-04, -1.432361e-03, 1.285033e-04)
                  134      |      (1.011299e-04, 1.417461e-04, -1.221729e-03, 5.092224e-04)
                  135      |      (-2.141354e-04, 1.640292e-06, -6.677740e-04, 3.364118e-05)
                  136      |      (5.979137e-05, 5.979137e-05, -1.013979e-03, -3.961943e-05)
                  137      |      (5.666000e-05, 5.822559e-05, -1.014077e-03, 2.324880e-07)
                  138      |      (6.156941e-05, 5.694596e-05, -1.015366e-03, 1.669003e-05)
                  139      |      (6.232046e-05, 5.959440e-05, -1.017416e-03, 2.880782e-05)
                  140      |      (6.893851e-05, 5.974152e-05, -1.020493e-03, 5.058166e-05)
                  141      |      (7.271896e-05, 6.296914e-05, -1.025675e-03, 6.251050e-05)
                  142      |      (9.908046e-05, 6.765710e-05, -1.031481e-03, 1.180779e-04)
                  143      |      (8.061775e-05, 8.629609e-05, -1.028074e-03, 1.461181e-04)
                  144      |      (3.563403e-06, 7.095078e-05, -9.924727e-04, 1.714274e-04)
                  145      |      (-3.483880e-05, 2.351495e-05, -8.830561e-04, 1.453801e-04)
                  146      |      (-5.113990e-05, 5.335748e-08, -8.628847e-04, 1.347947e-05)
                  147      |      (3.920097e-05, 3.920097e-05, -1.008191e-03, -1.713366e-05)
                  148      |      (3.857669e-05, 3.766169e-05, -1.008440e-03, 1.087922e-05)
                  149      |      (3.704899e-05, 3.746677e-05, -1.007494e-03, 2.574941e-05)
                  150      |      (4.225998e-05, 3.739602e-05, -1.004947e-03, 3.843228e-05)
                  151      |      (-3.165369e-06, 2.848059e-05, -9.609635e-04, 7.794275e-05)
                  152      |      (-2.202531e-05, 1.092443e-06, -8.644239e-04, -6.906852e-06)
                  153      |      (4.823086e-14, 1.205987e-14, -9.159405e-04, 1.386446e-14)
                  154      |      (-3.215391e-14, -8.039930e-15, -9.162704e-04, 2.807062e-06)
                  155      |      (2.411541e-14, 4.318634e-08, -9.155595e-04, 5.522235e-06)
                  156      |      (-3.557538e-20, -5.758178e-08, -9.149950e-04, 8.201189e-06)
                  157      |      (-2.907024e-15, 9.580904e-08, -9.134909e-04, 1.066577e-05)
                  158      |      (3.876006e-15, -7.016361e-08, -9.126979e-04, 1.282171e-05)
                  159      |      (-2.907017e-15, 5.611898e-07, -9.112106e-04, 1.467951e-05)
                  160      |      (-2.371692e-20, -6.780895e-07, -9.192258e-04, 2.504680e-05)
                  161      |      (-4.150461e-20, 1.963758e-07, -9.291106e-04, 2.492966e-05)
                  162      |      (-2.710505e-20, 4.162550e-07, -8.937059e-04, 1.738226e-05)
                  163      |      (-1.355253e-20, -6.243826e-07, -8.984382e-04, 8.830827e-17)
            --------------------------------------------------------------------------------------


%-------------------------------------------------------------------------------------------------------%
                                         FEM Program Standard Output
%-------------------------------------------------------------------------------------------------------%

                                            Averaged Nodal Stress (psi.): 

              Nodal Index  |                     Stress (R, TH, Z, RZ) 
            --------------------------------------------------------------------------------------
                  000      |      (-3.519285e+03, -3.519285e+03, -5.203287e+03, 7.742397e+00)
                  001      |      (-3.477818e+03, -3.474217e+03, -4.997799e+03, 4.734790e+01)
                  002      |      (-3.634340e+03, -3.496198e+03, -4.882611e+03, -1.105362e+01)
                  003      |      (-3.725294e+03, -3.673892e+03, -5.364021e+03, -1.888675e+02)
                  004      |      (-3.497911e+03, -3.637076e+03, -5.411924e+03, -5.184852e+02)
                  005      |      (-1.917128e+03, -2.973392e+03, -4.488444e+03, 8.745847e+02)
                  006      |      (1.396550e+02, -1.474323e+03, -9.748127e+02, 1.346815e+03)
                  007      |      (4.017862e+02, -3.295022e+02, 1.221978e+02, -3.887888e+01)
                  008      |      (2.394352e+02, -9.718126e+01, -2.027371e+01, -1.120416e+02)
                  009      |      (5.812976e+01, -1.454650e+01, 3.709173e-01, 1.515126e+01)
                  010      |      (3.955354e+01, 1.987386e+00, -5.629864e+00, -2.203359e+01)
                  011      |      (-2.724034e+03, -2.724034e+03, -4.973172e+03, -3.142809e+01)
                  012      |      (-2.551659e+03, -2.639855e+03, -4.940159e+03, 5.839338e+01)
                  013      |      (-2.066017e+03, -2.294797e+03, -4.571829e+03, 3.222374e+02)
                  014      |      (-4.989795e+02, -1.100055e+03, -1.114707e+03, 1.061496e+03)
                  015      |      (1.828215e+02, -9.091880e+01, -1.815844e+01, -1.155633e+02)
                  016      |      (3.600782e+01, 9.258559e-01, -1.021265e+01, -2.150475e+01)
                  017      |      (-1.976786e+03, -1.976786e+03, -4.893775e+03, -1.102450e+01)
                  018      |      (-1.882422e+03, -1.919111e+03, -4.919921e+03, 9.187489e+01)
                  019      |      (-1.837674e+03, -1.875368e+03, -4.945620e+03, 1.790431e+02)
                  020      |      (-1.689251e+03, -1.780399e+03, -4.766741e+03, 4.586799e+02)
                  021      |      (-1.022388e+03, -1.490588e+03, -4.208079e+03, 9.768106e+02)
                  022      |      (-1.112131e+03, -1.248911e+03, -3.488429e+03, 1.196469e+03)
                  023      |      (-9.928571e+02, -8.378920e+02, -1.428112e+03, 9.489285e+02)
                  024      |      (-3.899227e+01, -2.461574e+02, 2.027944e+01, 2.276780e+02)
                  025      |      (1.591895e+02, -7.026241e+01, -1.635365e+01, -1.158995e+02)
                  026      |      (4.828122e+01, -1.132132e+01, 4.352932e+00, 3.886117e+00)
                  027      |      (3.266249e+01, 6.587562e-01, -1.016617e+01, -2.084712e+01)
                  028      |      (-1.360864e+03, -1.360864e+03, -4.679215e+03, -1.219790e+01)
                  029      |      (-1.195596e+03, -1.247199e+03, -4.530749e+03, 3.579299e+02)
                  030      |      (-8.383337e+02, -9.883714e+02, -3.905236e+03, 9.554792e+02)
                  031      |      (-9.429968e+02, -6.320238e+02, -1.663460e+03, 1.022583e+03)
                  032      |      (8.428791e+01, -7.605201e+01, -3.482813e+01, -9.364755e+01)
                  033      |      (3.211150e+01, 1.710943e+00, -7.515189e+00, -2.035365e+01)
                  034      |      (-8.706451e+02, -8.706451e+02, -4.404143e+03, 4.960715e-01)
                  035      |      (-8.550072e+02, -8.601092e+02, -4.397717e+03, 2.156504e+02)
                  036      |      (-7.971677e+02, -8.185555e+02, -4.280730e+03, 4.361636e+02)
                  037      |      (-7.400216e+02, -7.304368e+02, -3.925170e+03, 7.256280e+02)
                  038      |      (-6.870647e+02, -6.179556e+02, -3.373850e+03, 1.088159e+03)
                  039      |      (-7.428284e+02, -5.179818e+02, -2.597714e+03, 1.171145e+03)
                  040      |      (-7.729303e+02, -4.227242e+02, -1.698275e+03, 1.027063e+03)
                  041      |      (-1.971035e+02, -1.475121e+02, -4.670708e+01, 2.988196e+02)
                  042      |      (3.299338e+01, -6.861303e+01, -3.331258e+01, -7.859675e+01)
                  043      |      (3.552239e+01, -1.017213e+01, 2.868025e+00, 9.063118e+00)
                  044      |      (3.078693e+01, 2.123278e+00, -6.957792e+00, -1.978433e+01)
                  045      |      (-5.242068e+02, -5.242068e+02, -4.032221e+03, 9.770870e+00)
                  046      |      (-4.940773e+02, -4.847675e+02, -3.803894e+03, 4.750844e+02)
                  047      |      (-5.130505e+02, -3.779934e+02, -3.010031e+03, 9.747303e+02)
                  048      |      (-7.117523e+02, -3.127951e+02, -1.734378e+03, 1.003850e+03)
                  049      |      (-1.954828e+01, -6.845539e+01, -4.067926e+01, -5.790354e+01)
                  050      |      (3.131771e+01, 3.639485e+00, -3.082763e+00, -1.945143e+01)
                  051      |      (-2.832118e+02, -2.832118e+02, -3.651701e+03, 1.449024e+01)
                  052      |      (-3.115915e+02, -2.960008e+02, -3.593711e+03, 2.473528e+02)
                  053      |      (-2.900243e+02, -2.727048e+02, -3.412102e+03, 5.031454e+02)
                  054      |      (-3.350250e+02, -2.468027e+02, -3.120449e+03, 6.995178e+02)
                  055      |      (-3.816409e+02, -2.087382e+02, -2.674557e+03, 9.174808e+02)
                  056      |      (-4.873450e+02, -1.927610e+02, -2.167669e+03, 9.759179e+02)
                  057      |      (-6.267770e+02, -2.116047e+02, -1.652087e+03, 9.675347e+02)
                  058      |      (-2.467132e+02, -8.650101e+01, -1.627827e+02, 3.647369e+02)
                  059      |      (-5.812574e+01, -6.005470e+01, -3.672032e+01, -3.250045e+01)
                  060      |      (2.260025e+01, -9.061521e+00, 3.245483e+00, 1.016036e+01)
                  061      |      (3.020531e+01, 3.525252e+00, -6.243642e+00, -1.912316e+01)
                  062      |      (-1.967528e+00, -1.967527e+00, -2.729937e+03, -8.309055e-01)
                  063      |      (-4.158502e+01, -1.104693e+01, -2.570253e+03, 3.663067e+02)
                  064      |      (-1.349671e+02, -2.710727e+00, -2.092433e+03, 6.287284e+02)
                  065      |      (-3.906891e+02, -4.729993e+01, -1.488679e+03, 7.445384e+02)
                  066      |      (-1.141275e+02, -4.699161e+01, -5.405142e+01, 1.701026e+01)
                  067      |      (2.732122e+01, 5.104124e+00, -1.267693e+00, -1.790402e+01)
                  068      |      (9.635365e+01, 9.635365e+01, -1.925548e+03, 1.436508e+01)
                  069      |      (6.740121e+01, 7.956517e+01, -1.907545e+03, 1.393791e+02)
                  070      |      (5.451972e+01, 7.904299e+01, -1.826289e+03, 2.708040e+02)
                  071      |      (6.783044e+00, 6.932725e+01, -1.720448e+03, 3.680561e+02)
                  072      |      (-4.826846e+01, 6.058480e+01, -1.572624e+03, 4.759227e+02)
                  073      |      (-1.085579e+02, 4.019993e+01, -1.436058e+03, 5.477762e+02)
                  074      |      (-2.336349e+02, -4.609261e+00, -1.309615e+03, 6.209880e+02)
                  075      |      (-1.850131e+02, 8.636563e+00, -2.918234e+02, 3.510172e+02)
                  076      |      (-1.434291e+02, -2.848054e+01, -6.975183e+01, 7.241306e+01)
                  077      |      (-7.039099e+00, -6.975122e+00, -1.928932e+00, 1.889371e+01)
                  078      |      (2.539751e+01, 6.049939e+00, -2.538180e+00, -1.729839e+01)
                  079      |      (8.880158e+01, 8.880158e+01, -1.518316e+03, -2.604567e+00)
                  080      |      (6.427350e+01, 7.766729e+01, -1.455005e+03, 1.811452e+02)
                  081      |      (8.947911e+00, 7.173041e+01, -1.281480e+03, 3.156789e+02)
                  082      |      (-1.260466e+02, 4.100933e+01, -1.046268e+03, 4.374239e+02)
                  083      |      (-1.320047e+02, -1.439501e+01, -8.329982e+01, 9.685705e+01)
                  084      |      (1.610606e+01, 3.835073e+00, -5.473772e+00, -1.504578e+01)
                  085      |      (8.930635e+01, 8.930635e+01, -1.110756e+03, 2.835236e+00)
                  086      |      (7.904422e+01, 8.293623e+01, -1.108990e+03, 6.627710e+01)
                  087      |      (7.084261e+01, 8.188702e+01, -1.082385e+03, 1.267564e+02)
                  088      |      (4.766491e+01, 7.538039e+01, -1.042516e+03, 1.789933e+02)
                  089      |      (3.154722e+01, 7.195412e+01, -9.841431e+02, 2.391391e+02)
                  090      |      (-6.849905e-01, 6.169158e+01, -9.355284e+02, 2.850687e+02)
                  091      |      (-7.475889e+01, 3.587188e+01, -8.902734e+02, 3.430852e+02)
                  092      |      (-1.040586e+02, 2.949160e+01, -3.222402e+02, 2.672304e+02)
                  093      |      (-1.201739e+02, -3.943780e+00, -1.028466e+02, 1.203290e+02)
                  094      |      (-2.168964e+01, -3.333923e+00, -6.587307e+00, 2.451760e+01)
                  095      |      (9.953967e+00, 3.325704e+00, -5.362656e+00, -1.353058e+01)
                  096      |      (6.083932e+01, 6.083932e+01, -9.119787e+02, 2.773425e+00)
                  097      |      (5.289009e+01, 5.794567e+01, -8.882525e+02, 9.497700e+01)
                  098      |      (3.060661e+01, 5.537099e+01, -8.220454e+02, 1.723036e+02)
                  099      |      (-3.554352e+01, 4.113238e+01, -7.185618e+02, 2.518048e+02)
                  100      |      (-9.884268e+01, 2.443087e+00, -1.164365e+02, 1.257545e+02)
                  101      |      (-1.552350e+00, -2.323209e-01, -1.016038e+01, -1.067642e+01)
                  102      |      (6.965586e+01, 6.965586e+01, -5.969652e+02, 1.171867e+01)
                  103      |      (6.577592e+01, 6.705457e+01, -5.984189e+02, 3.611231e+01)
                  104      |      (6.190663e+01, 6.635982e+01, -5.899036e+02, 6.735642e+01)
                  105      |      (5.386789e+01, 6.384856e+01, -5.758232e+02, 9.769714e+01)
                  106      |      (4.714960e+01, 6.279509e+01, -5.532767e+02, 1.282069e+02)
                  107      |      (3.314060e+01, 5.640001e+01, -5.445590e+02, 1.548549e+02)
                  108      |      (-1.266951e+00, 4.329131e+01, -5.363462e+02, 1.857690e+02)
                  109      |      (-4.721842e+01, 2.920005e+01, -2.809602e+02, 1.880991e+02)
                  110      |      (-7.833118e+01, 6.054704e+00, -1.278690e+02, 1.293521e+02)
                  111      |      (-2.763053e+01, -1.617763e+00, -1.968037e+01, 3.405789e+01)
                  112      |      (-7.586469e+00, 1.047064e+00, 5.223670e-01, -8.378672e+00)
                  113      |      (1.355858e+01, 1.355858e+01, -2.712242e+02, -6.724650e+00)
                  114      |      (1.281776e+01, 1.286168e+01, -2.678824e+02, 8.915264e+00)
                  115      |      (1.106784e+01, 1.341089e+01, -2.581738e+02, 1.880952e+01)
                  116      |      (1.420253e+01, 1.705722e+01, -2.410298e+02, 3.567401e+01)
                  117      |      (-3.156937e+01, 1.054806e+01, -1.122189e+02, 5.498553e+01)
                  118      |      (-2.390903e+01, -8.031055e+00, -2.030608e+01, -3.738611e+00)
                  119      |      (9.420065e+00, 9.420065e+00, -5.443306e+01, 5.528805e+00)
                  120      |      (9.618663e+00, 9.435818e+00, -5.565009e+01, 4.120187e+00)
                  121      |      (9.132011e+00, 9.350562e+00, -5.642105e+01, 6.236586e+00)
                  122      |      (8.860908e+00, 8.775969e+00, -5.861255e+01, 8.679660e+00)
                  123      |      (8.582691e+00, 8.463437e+00, -6.019293e+01, 1.133016e+01)
                  124      |      (8.241423e+00, 7.830860e+00, -6.330061e+01, 1.467343e+01)
                  125      |      (1.924499e+00, 4.757016e+00, -6.762992e+01, 1.150946e+01)
                  126      |      (-5.073825e+00, -1.912725e+00, -8.028307e+01, 2.144384e+01)
                  127      |      (-8.630509e+00, -6.717375e+00, -9.188158e+01, 2.949088e+01)
                  128      |      (-1.639486e+01, -5.419594e+00, -4.468485e+01, 1.537123e+01)
                  129      |      (-3.065042e+01, -1.332818e+01, -3.734589e+01, 5.067646e+00)
                  130      |      (-6.510376e+00, -6.510376e+00, -7.754174e+01, 1.201402e+00)
                  131      |      (-6.607270e+00, -6.289699e+00, -7.696231e+01, 1.368190e+00)
                  132      |      (-7.203709e+00, -6.529063e+00, -7.607807e+01, 2.201349e+00)
                  133      |      (-8.981659e+00, -7.204818e+00, -7.485536e+01, 2.677153e+00)
                  134      |      (-9.381435e+00, -7.689092e+00, -6.450056e+01, 1.060880e+01)
                  135      |      (-2.114827e+01, -1.215762e+01, -4.004988e+01, 7.008579e-01)
                  136      |      (-9.930858e+00, -9.930858e+00, -5.467127e+01, -8.254048e-01)
                  137      |      (-1.012793e+01, -1.006270e+01, -5.474197e+01, 4.843499e-03)
                  138      |      (-9.890868e+00, -1.008351e+01, -5.476318e+01, 3.477090e-01)
                  139      |      (-9.840831e+00, -9.954416e+00, -5.482985e+01, 6.001629e-01)
                  140      |      (-9.513856e+00, -9.897064e+00, -5.490684e+01, 1.053785e+00)
                  141      |      (-9.330975e+00, -9.737218e+00, -5.509740e+01, 1.302302e+00)
                  142      |      (-7.881967e+00, -9.191274e+00, -5.498868e+01, 2.459957e+00)
                  143      |      (-8.601485e+00, -8.364887e+00, -5.479697e+01, 3.044126e+00)
                  144      |      (-1.260095e+01, -9.793141e+00, -5.410245e+01, 3.571405e+00)
                  145      |      (-1.387356e+01, -1.144215e+01, -4.921595e+01, 3.028752e+00)
                  146      |      (-1.482487e+01, -1.269182e+01, -4.864757e+01, 2.808222e-01)
                  147      |      (-1.128037e+01, -1.128037e+01, -5.492172e+01, -3.569512e-01)
                  148      |      (-1.133988e+01, -1.137801e+01, -5.496557e+01, 2.266505e-01)
                  149      |      (-1.141433e+01, -1.139692e+01, -5.493696e+01, 5.364461e-01)
                  150      |      (-1.109043e+01, -1.129309e+01, -5.472404e+01, 8.006725e-01)
                  151      |      (-1.312701e+01, -1.180842e+01, -5.303526e+01, 1.623807e+00)
                  152      |      (-1.321434e+01, -1.225110e+01, -4.831428e+01, -1.438928e-01)
                  153      |      (-1.272140e+01, -1.272140e+01, -5.088558e+01, 2.888429e-10)
                  154      |      (-1.272598e+01, -1.272598e+01, -5.090391e+01, 5.848046e-02)
                  155      |      (-1.271550e+01, -1.271370e+01, -5.086382e+01, 1.150466e-01)
                  156      |      (-1.270906e+01, -1.271146e+01, -5.083386e+01, 1.708581e-01)
                  157      |      (-1.268604e+01, -1.268205e+01, -5.074816e+01, 2.222036e-01)
                  158      |      (-1.267733e+01, -1.268026e+01, -5.070641e+01, 2.671190e-01)
                  159      |      (-1.264791e+01, -1.262453e+01, -5.061502e+01, 3.058232e-01)
                  160      |      (-1.277644e+01, -1.280470e+01, -5.107752e+01, 5.218084e-01)
                  161      |      (-1.290159e+01, -1.289340e+01, -5.161453e+01, 5.193679e-01)
                  162      |      (-1.240680e+01, -1.238946e+01, -4.964455e+01, 3.621303e-01)
                  163      |      (-1.248698e+01, -1.251300e+01, -4.992191e+01, 1.839756e-12)
            --------------------------------------------------------------------------------------
