 TITLE = "HD1 Triaxial Test Specimen (Allen, 1973)                                        "
 VARIABLES = "R","Z","DISP_R","DISP_Z","EPSR","EPSTH","EPSZ","EPSRZ","SIGMAR","SIGMATH","SIGMAZ","SIGMARZ","SIGMA1","SIGMA2","SIGMA3","E_VERT","E_HORIZ","G_MOD","MRRATIO","G_RATIO"
 ZONE T="GEOM & DISP 1", N=   95, E=   24, F=FEPOINT, ET=QUADRILATERAL
 0.00000E+00 0.00000E+00 0.00000E+00 0.00000E+00 0.000000E+00 0.000000E+00 0.000000E+00 0.000000E+00 0.000000E+00 0.000000E+00 0.000000E+00 0.000000E+00 0.000000E+00 0.000000E+00 0.000000E+00 0.000000E+00 0.000000E+00 0.000000E+00 0.00000E+00 0.00000E+00
 0.50000E+00 0.00000E+00 0.00000E+00 0.00000E+00 0.000000E+00 0.000000E+00 0.000000E+00 0.000000E+00 0.000000E+00 0.000000E+00 0.000000E+00 0.000000E+00 0.000000E+00 0.000000E+00 0.000000E+00 0.000000E+00 0.000000E+00 0.000000E+00 0.00000E+00 0.00000E+00
 0.10000E+01 0.00000E+00 0.00000E+00 0.00000E+00 0.000000E+00 0.000000E+00 0.000000E+00 0.000000E+00 0.000000E+00 0.000000E+00 0.000000E+00 0.000000E+00 0.000000E+00 0.000000E+00 0.000000E+00 0.000000E+00 0.000000E+00 0.000000E+00 0.00000E+00 0.00000E+00
 0.15000E+01 0.00000E+00 0.00000E+00 0.00000E+00 0.000000E+00 0.000000E+00 0.000000E+00 0.000000E+00 0.000000E+00 0.000000E+00 0.000000E+00 0.000000E+00 0.000000E+00 0.000000E+00 0.000000E+00 0.000000E+00 0.000000E+00 0.000000E+00 0.00000E+00 0.00000E+00
 0.20000E+01 0.00000E+00 0.00000E+00 0.00000E+00 0.000000E+00 0.000000E+00 0.000000E+00 0.000000E+00 0.000000E+00 0.000000E+00 0.000000E+00 0.000000E+00 0.000000E+00 0.000000E+00 0.000000E+00 0.000000E+00 0.000000E+00 0.000000E+00 0.00000E+00 0.00000E+00
 0.25000E+01 0.00000E+00 0.00000E+00 0.00000E+00 0.000000E+00 0.000000E+00 0.000000E+00 0.000000E+00 0.000000E+00 0.000000E+00 0.000000E+00 0.000000E+00 0.000000E+00 0.000000E+00 0.000000E+00 0.000000E+00 0.000000E+00 0.000000E+00 0.00000E+00 0.00000E+00
 0.30000E+01 0.00000E+00 0.00000E+00 0.00000E+00 0.000000E+00 0.000000E+00 0.000000E+00 0.000000E+00 0.000000E+00 0.000000E+00 0.000000E+00 0.000000E+00 0.000000E+00 0.000000E+00 0.000000E+00 0.000000E+00 0.000000E+00 0.000000E+00 0.00000E+00 0.00000E+00
 0.00000E+00 0.75000E+00 0.00000E+00 -.82222E-03 0.000000E+00 0.000000E+00 0.000000E+00 0.000000E+00 0.000000E+00 0.000000E+00 0.000000E+00 0.000000E+00 0.000000E+00 0.000000E+00 0.000000E+00 0.000000E+00 0.000000E+00 0.000000E+00 0.00000E+00 0.00000E+00
 0.10000E+01 0.75000E+00 -.73127E-04 -.81723E-03 0.000000E+00 0.000000E+00 0.000000E+00 0.000000E+00 0.000000E+00 0.000000E+00 0.000000E+00 0.000000E+00 0.000000E+00 0.000000E+00 0.000000E+00 0.000000E+00 0.000000E+00 0.000000E+00 0.00000E+00 0.00000E+00
 0.20000E+01 0.75000E+00 -.16465E-03 -.81888E-03 0.000000E+00 0.000000E+00 0.000000E+00 0.000000E+00 0.000000E+00 0.000000E+00 0.000000E+00 0.000000E+00 0.000000E+00 0.000000E+00 0.000000E+00 0.000000E+00 0.000000E+00 0.000000E+00 0.00000E+00 0.00000E+00
 0.30000E+01 0.75000E+00 -.42208E-03 -.73541E-03 0.000000E+00 0.000000E+00 0.000000E+00 0.000000E+00 0.000000E+00 0.000000E+00 0.000000E+00 0.000000E+00 0.000000E+00 0.000000E+00 0.000000E+00 0.000000E+00 0.000000E+00 0.000000E+00 0.00000E+00 0.00000E+00
 0.00000E+00 0.15000E+01 0.00000E+00 -.16185E-02 0.000000E+00 0.000000E+00 0.000000E+00 0.000000E+00 0.000000E+00 0.000000E+00 0.000000E+00 0.000000E+00 0.000000E+00 0.000000E+00 0.000000E+00 0.000000E+00 0.000000E+00 0.000000E+00 0.00000E+00 0.00000E+00
 0.50000E+00 0.15000E+01 -.66770E-04 -.16185E-02 0.000000E+00 0.000000E+00 0.000000E+00 0.000000E+00 0.000000E+00 0.000000E+00 0.000000E+00 0.000000E+00 0.000000E+00 0.000000E+00 0.000000E+00 0.000000E+00 0.000000E+00 0.000000E+00 0.00000E+00 0.00000E+00
 0.10000E+01 0.15000E+01 -.13802E-03 -.16168E-02 0.000000E+00 0.000000E+00 0.000000E+00 0.000000E+00 0.000000E+00 0.000000E+00 0.000000E+00 0.000000E+00 0.000000E+00 0.000000E+00 0.000000E+00 0.000000E+00 0.000000E+00 0.000000E+00 0.00000E+00 0.00000E+00
 0.15000E+01 0.15000E+01 -.22552E-03 -.16094E-02 0.000000E+00 0.000000E+00 0.000000E+00 0.000000E+00 0.000000E+00 0.000000E+00 0.000000E+00 0.000000E+00 0.000000E+00 0.000000E+00 0.000000E+00 0.000000E+00 0.000000E+00 0.000000E+00 0.00000E+00 0.00000E+00
 0.20000E+01 0.15000E+01 -.33800E-03 -.15855E-02 0.000000E+00 0.000000E+00 0.000000E+00 0.000000E+00 0.000000E+00 0.000000E+00 0.000000E+00 0.000000E+00 0.000000E+00 0.000000E+00 0.000000E+00 0.000000E+00 0.000000E+00 0.000000E+00 0.00000E+00 0.00000E+00
 0.25000E+01 0.15000E+01 -.45475E-03 -.15581E-02 0.000000E+00 0.000000E+00 0.000000E+00 0.000000E+00 0.000000E+00 0.000000E+00 0.000000E+00 0.000000E+00 0.000000E+00 0.000000E+00 0.000000E+00 0.000000E+00 0.000000E+00 0.000000E+00 0.00000E+00 0.00000E+00
 0.30000E+01 0.15000E+01 -.60151E-03 -.14835E-02 0.000000E+00 0.000000E+00 0.000000E+00 0.000000E+00 0.000000E+00 0.000000E+00 0.000000E+00 0.000000E+00 0.000000E+00 0.000000E+00 0.000000E+00 0.000000E+00 0.000000E+00 0.000000E+00 0.00000E+00 0.00000E+00
 0.00000E+00 0.22500E+01 0.00000E+00 -.23942E-02 0.000000E+00 0.000000E+00 0.000000E+00 0.000000E+00 0.000000E+00 0.000000E+00 0.000000E+00 0.000000E+00 0.000000E+00 0.000000E+00 0.000000E+00 0.000000E+00 0.000000E+00 0.000000E+00 0.00000E+00 0.00000E+00
 0.10000E+01 0.22500E+01 -.19638E-03 -.23860E-02 0.000000E+00 0.000000E+00 0.000000E+00 0.000000E+00 0.000000E+00 0.000000E+00 0.000000E+00 0.000000E+00 0.000000E+00 0.000000E+00 0.000000E+00 0.000000E+00 0.000000E+00 0.000000E+00 0.00000E+00 0.00000E+00
 0.20000E+01 0.22500E+01 -.42904E-03 -.23444E-02 0.000000E+00 0.000000E+00 0.000000E+00 0.000000E+00 0.000000E+00 0.000000E+00 0.000000E+00 0.000000E+00 0.000000E+00 0.000000E+00 0.000000E+00 0.000000E+00 0.000000E+00 0.000000E+00 0.00000E+00 0.00000E+00
 0.30000E+01 0.22500E+01 -.69678E-03 -.22559E-02 0.000000E+00 0.000000E+00 0.000000E+00 0.000000E+00 0.000000E+00 0.000000E+00 0.000000E+00 0.000000E+00 0.000000E+00 0.000000E+00 0.000000E+00 0.000000E+00 0.000000E+00 0.000000E+00 0.00000E+00 0.00000E+00
 0.00000E+00 0.30000E+01 0.00000E+00 -.31456E-02 0.000000E+00 0.000000E+00 0.000000E+00 0.000000E+00 0.000000E+00 0.000000E+00 0.000000E+00 0.000000E+00 0.000000E+00 0.000000E+00 0.000000E+00 0.000000E+00 0.000000E+00 0.000000E+00 0.00000E+00 0.00000E+00
 0.50000E+00 0.30000E+01 -.11304E-03 -.31436E-02 0.000000E+00 0.000000E+00 0.000000E+00 0.000000E+00 0.000000E+00 0.000000E+00 0.000000E+00 0.000000E+00 0.000000E+00 0.000000E+00 0.000000E+00 0.000000E+00 0.000000E+00 0.000000E+00 0.00000E+00 0.00000E+00
 0.10000E+01 0.30000E+01 -.22924E-03 -.31338E-02 0.000000E+00 0.000000E+00 0.000000E+00 0.000000E+00 0.000000E+00 0.000000E+00 0.000000E+00 0.000000E+00 0.000000E+00 0.000000E+00 0.000000E+00 0.000000E+00 0.000000E+00 0.000000E+00 0.00000E+00 0.00000E+00
 0.15000E+01 0.30000E+01 -.35088E-03 -.31140E-02 0.000000E+00 0.000000E+00 0.000000E+00 0.000000E+00 0.000000E+00 0.000000E+00 0.000000E+00 0.000000E+00 0.000000E+00 0.000000E+00 0.000000E+00 0.000000E+00 0.000000E+00 0.000000E+00 0.00000E+00 0.00000E+00
 0.20000E+01 0.30000E+01 -.47469E-03 -.30896E-02 0.000000E+00 0.000000E+00 0.000000E+00 0.000000E+00 0.000000E+00 0.000000E+00 0.000000E+00 0.000000E+00 0.000000E+00 0.000000E+00 0.000000E+00 0.000000E+00 0.000000E+00 0.000000E+00 0.00000E+00 0.00000E+00
 0.25000E+01 0.30000E+01 -.60564E-03 -.30541E-02 0.000000E+00 0.000000E+00 0.000000E+00 0.000000E+00 0.000000E+00 0.000000E+00 0.000000E+00 0.000000E+00 0.000000E+00 0.000000E+00 0.000000E+00 0.000000E+00 0.000000E+00 0.000000E+00 0.00000E+00 0.00000E+00
 0.30000E+01 0.30000E+01 -.73271E-03 -.30286E-02 0.000000E+00 0.000000E+00 0.000000E+00 0.000000E+00 0.000000E+00 0.000000E+00 0.000000E+00 0.000000E+00 0.000000E+00 0.000000E+00 0.000000E+00 0.000000E+00 0.000000E+00 0.000000E+00 0.00000E+00 0.00000E+00
 0.00000E+00 0.37500E+01 0.00000E+00 -.38834E-02 0.000000E+00 0.000000E+00 0.000000E+00 0.000000E+00 0.000000E+00 0.000000E+00 0.000000E+00 0.000000E+00 0.000000E+00 0.000000E+00 0.000000E+00 0.000000E+00 0.000000E+00 0.000000E+00 0.00000E+00 0.00000E+00
 0.10000E+01 0.37500E+01 -.24456E-03 -.38682E-02 0.000000E+00 0.000000E+00 0.000000E+00 0.000000E+00 0.000000E+00 0.000000E+00 0.000000E+00 0.000000E+00 0.000000E+00 0.000000E+00 0.000000E+00 0.000000E+00 0.000000E+00 0.000000E+00 0.00000E+00 0.00000E+00
 0.20000E+01 0.37500E+01 -.49402E-03 -.38258E-02 0.000000E+00 0.000000E+00 0.000000E+00 0.000000E+00 0.000000E+00 0.000000E+00 0.000000E+00 0.000000E+00 0.000000E+00 0.000000E+00 0.000000E+00 0.000000E+00 0.000000E+00 0.000000E+00 0.00000E+00 0.00000E+00
 0.30000E+01 0.37500E+01 -.74620E-03 -.37893E-02 0.000000E+00 0.000000E+00 0.000000E+00 0.000000E+00 0.000000E+00 0.000000E+00 0.000000E+00 0.000000E+00 0.000000E+00 0.000000E+00 0.000000E+00 0.000000E+00 0.000000E+00 0.000000E+00 0.00000E+00 0.00000E+00
 0.00000E+00 0.45000E+01 0.00000E+00 -.46102E-02 0.000000E+00 0.000000E+00 0.000000E+00 0.000000E+00 0.000000E+00 0.000000E+00 0.000000E+00 0.000000E+00 0.000000E+00 0.000000E+00 0.000000E+00 0.000000E+00 0.000000E+00 0.000000E+00 0.00000E+00 0.00000E+00
 0.50000E+00 0.45000E+01 -.12451E-03 -.46065E-02 0.000000E+00 0.000000E+00 0.000000E+00 0.000000E+00 0.000000E+00 0.000000E+00 0.000000E+00 0.000000E+00 0.000000E+00 0.000000E+00 0.000000E+00 0.000000E+00 0.000000E+00 0.000000E+00 0.00000E+00 0.00000E+00
 0.10000E+01 0.45000E+01 -.24896E-03 -.45964E-02 0.000000E+00 0.000000E+00 0.000000E+00 0.000000E+00 0.000000E+00 0.000000E+00 0.000000E+00 0.000000E+00 0.000000E+00 0.000000E+00 0.000000E+00 0.000000E+00 0.000000E+00 0.000000E+00 0.00000E+00 0.00000E+00
 0.15000E+01 0.45000E+01 -.37391E-03 -.45821E-02 0.000000E+00 0.000000E+00 0.000000E+00 0.000000E+00 0.000000E+00 0.000000E+00 0.000000E+00 0.000000E+00 0.000000E+00 0.000000E+00 0.000000E+00 0.000000E+00 0.000000E+00 0.000000E+00 0.00000E+00 0.00000E+00
 0.20000E+01 0.45000E+01 -.49907E-03 -.45646E-02 0.000000E+00 0.000000E+00 0.000000E+00 0.000000E+00 0.000000E+00 0.000000E+00 0.000000E+00 0.000000E+00 0.000000E+00 0.000000E+00 0.000000E+00 0.000000E+00 0.000000E+00 0.000000E+00 0.00000E+00 0.00000E+00
 0.25000E+01 0.45000E+01 -.62369E-03 -.45495E-02 0.000000E+00 0.000000E+00 0.000000E+00 0.000000E+00 0.000000E+00 0.000000E+00 0.000000E+00 0.000000E+00 0.000000E+00 0.000000E+00 0.000000E+00 0.000000E+00 0.000000E+00 0.000000E+00 0.00000E+00 0.00000E+00
 0.30000E+01 0.45000E+01 -.74870E-03 -.45440E-02 0.000000E+00 0.000000E+00 0.000000E+00 0.000000E+00 0.000000E+00 0.000000E+00 0.000000E+00 0.000000E+00 0.000000E+00 0.000000E+00 0.000000E+00 0.000000E+00 0.000000E+00 0.000000E+00 0.00000E+00 0.00000E+00
 0.00000E+00 0.52500E+01 0.00000E+00 -.53381E-02 0.000000E+00 0.000000E+00 0.000000E+00 0.000000E+00 0.000000E+00 0.000000E+00 0.000000E+00 0.000000E+00 0.000000E+00 0.000000E+00 0.000000E+00 0.000000E+00 0.000000E+00 0.000000E+00 0.00000E+00 0.00000E+00
 0.10000E+01 0.52500E+01 -.24956E-03 -.53282E-02 0.000000E+00 0.000000E+00 0.000000E+00 0.000000E+00 0.000000E+00 0.000000E+00 0.000000E+00 0.000000E+00 0.000000E+00 0.000000E+00 0.000000E+00 0.000000E+00 0.000000E+00 0.000000E+00 0.00000E+00 0.00000E+00
 0.20000E+01 0.52500E+01 -.49907E-03 -.53064E-02 0.000000E+00 0.000000E+00 0.000000E+00 0.000000E+00 0.000000E+00 0.000000E+00 0.000000E+00 0.000000E+00 0.000000E+00 0.000000E+00 0.000000E+00 0.000000E+00 0.000000E+00 0.000000E+00 0.00000E+00 0.00000E+00
 0.30000E+01 0.52500E+01 -.74729E-03 -.52940E-02 0.000000E+00 0.000000E+00 0.000000E+00 0.000000E+00 0.000000E+00 0.000000E+00 0.000000E+00 0.000000E+00 0.000000E+00 0.000000E+00 0.000000E+00 0.000000E+00 0.000000E+00 0.000000E+00 0.00000E+00 0.00000E+00
 0.00000E+00 0.60000E+01 0.00000E+00 -.60711E-02 0.000000E+00 0.000000E+00 0.000000E+00 0.000000E+00 0.000000E+00 0.000000E+00 0.000000E+00 0.000000E+00 0.000000E+00 0.000000E+00 0.000000E+00 0.000000E+00 0.000000E+00 0.000000E+00 0.00000E+00 0.00000E+00
 0.50000E+00 0.60000E+01 -.12449E-03 -.60693E-02 0.000000E+00 0.000000E+00 0.000000E+00 0.000000E+00 0.000000E+00 0.000000E+00 0.000000E+00 0.000000E+00 0.000000E+00 0.000000E+00 0.000000E+00 0.000000E+00 0.000000E+00 0.000000E+00 0.00000E+00 0.00000E+00
 0.10000E+01 0.60000E+01 -.24899E-03 -.60646E-02 0.000000E+00 0.000000E+00 0.000000E+00 0.000000E+00 0.000000E+00 0.000000E+00 0.000000E+00 0.000000E+00 0.000000E+00 0.000000E+00 0.000000E+00 0.000000E+00 0.000000E+00 0.000000E+00 0.00000E+00 0.00000E+00
 0.15000E+01 0.60000E+01 -.37347E-03 -.60573E-02 0.000000E+00 0.000000E+00 0.000000E+00 0.000000E+00 0.000000E+00 0.000000E+00 0.000000E+00 0.000000E+00 0.000000E+00 0.000000E+00 0.000000E+00 0.000000E+00 0.000000E+00 0.000000E+00 0.00000E+00 0.00000E+00
 0.20000E+01 0.60000E+01 -.49768E-03 -.60501E-02 0.000000E+00 0.000000E+00 0.000000E+00 0.000000E+00 0.000000E+00 0.000000E+00 0.000000E+00 0.000000E+00 0.000000E+00 0.000000E+00 0.000000E+00 0.000000E+00 0.000000E+00 0.000000E+00 0.00000E+00 0.00000E+00
 0.25000E+01 0.60000E+01 -.62174E-03 -.60447E-02 0.000000E+00 0.000000E+00 0.000000E+00 0.000000E+00 0.000000E+00 0.000000E+00 0.000000E+00 0.000000E+00 0.000000E+00 0.000000E+00 0.000000E+00 0.000000E+00 0.000000E+00 0.000000E+00 0.00000E+00 0.00000E+00
 0.30000E+01 0.60000E+01 -.74539E-03 -.60431E-02 0.000000E+00 0.000000E+00 0.000000E+00 0.000000E+00 0.000000E+00 0.000000E+00 0.000000E+00 0.000000E+00 0.000000E+00 0.000000E+00 0.000000E+00 0.000000E+00 0.000000E+00 0.000000E+00 0.00000E+00 0.00000E+00
 0.00000E+00 0.67500E+01 0.00000E+00 -.68094E-02 0.000000E+00 0.000000E+00 0.000000E+00 0.000000E+00 0.000000E+00 0.000000E+00 0.000000E+00 0.000000E+00 0.000000E+00 0.000000E+00 0.000000E+00 0.000000E+00 0.000000E+00 0.000000E+00 0.00000E+00 0.00000E+00
 0.10000E+01 0.67500E+01 -.24832E-03 -.68050E-02 0.000000E+00 0.000000E+00 0.000000E+00 0.000000E+00 0.000000E+00 0.000000E+00 0.000000E+00 0.000000E+00 0.000000E+00 0.000000E+00 0.000000E+00 0.000000E+00 0.000000E+00 0.000000E+00 0.00000E+00 0.00000E+00
 0.20000E+01 0.67500E+01 -.49624E-03 -.67959E-02 0.000000E+00 0.000000E+00 0.000000E+00 0.000000E+00 0.000000E+00 0.000000E+00 0.000000E+00 0.000000E+00 0.000000E+00 0.000000E+00 0.000000E+00 0.000000E+00 0.000000E+00 0.000000E+00 0.00000E+00 0.00000E+00
 0.30000E+01 0.67500E+01 -.74342E-03 -.67926E-02 0.000000E+00 0.000000E+00 0.000000E+00 0.000000E+00 0.000000E+00 0.000000E+00 0.000000E+00 0.000000E+00 0.000000E+00 0.000000E+00 0.000000E+00 0.000000E+00 0.000000E+00 0.000000E+00 0.00000E+00 0.00000E+00
 0.00000E+00 0.75000E+01 0.00000E+00 -.75521E-02 0.000000E+00 0.000000E+00 0.000000E+00 0.000000E+00 0.000000E+00 0.000000E+00 0.000000E+00 0.000000E+00 0.000000E+00 0.000000E+00 0.000000E+00 0.000000E+00 0.000000E+00 0.000000E+00 0.00000E+00 0.00000E+00
 0.50000E+00 0.75000E+01 -.12383E-03 -.75512E-02 0.000000E+00 0.000000E+00 0.000000E+00 0.000000E+00 0.000000E+00 0.000000E+00 0.000000E+00 0.000000E+00 0.000000E+00 0.000000E+00 0.000000E+00 0.000000E+00 0.000000E+00 0.000000E+00 0.00000E+00 0.00000E+00
 0.10000E+01 0.75000E+01 -.24760E-03 -.75492E-02 0.000000E+00 0.000000E+00 0.000000E+00 0.000000E+00 0.000000E+00 0.000000E+00 0.000000E+00 0.000000E+00 0.000000E+00 0.000000E+00 0.000000E+00 0.000000E+00 0.000000E+00 0.000000E+00 0.00000E+00 0.00000E+00
 0.15000E+01 0.75000E+01 -.37128E-03 -.75464E-02 0.000000E+00 0.000000E+00 0.000000E+00 0.000000E+00 0.000000E+00 0.000000E+00 0.000000E+00 0.000000E+00 0.000000E+00 0.000000E+00 0.000000E+00 0.000000E+00 0.000000E+00 0.000000E+00 0.00000E+00 0.00000E+00
 0.20000E+01 0.75000E+01 -.49483E-03 -.75437E-02 0.000000E+00 0.000000E+00 0.000000E+00 0.000000E+00 0.000000E+00 0.000000E+00 0.000000E+00 0.000000E+00 0.000000E+00 0.000000E+00 0.000000E+00 0.000000E+00 0.000000E+00 0.000000E+00 0.00000E+00 0.00000E+00
 0.25000E+01 0.75000E+01 -.61818E-03 -.75421E-02 0.000000E+00 0.000000E+00 0.000000E+00 0.000000E+00 0.000000E+00 0.000000E+00 0.000000E+00 0.000000E+00 0.000000E+00 0.000000E+00 0.000000E+00 0.000000E+00 0.000000E+00 0.000000E+00 0.00000E+00 0.00000E+00
 0.30000E+01 0.75000E+01 -.74150E-03 -.75424E-02 0.000000E+00 0.000000E+00 0.000000E+00 0.000000E+00 0.000000E+00 0.000000E+00 0.000000E+00 0.000000E+00 0.000000E+00 0.000000E+00 0.000000E+00 0.000000E+00 0.000000E+00 0.000000E+00 0.00000E+00 0.00000E+00
 0.00000E+00 0.82500E+01 0.00000E+00 -.82981E-02 0.000000E+00 0.000000E+00 0.000000E+00 0.000000E+00 0.000000E+00 0.000000E+00 0.000000E+00 0.000000E+00 0.000000E+00 0.000000E+00 0.000000E+00 0.000000E+00 0.000000E+00 0.000000E+00 0.00000E+00 0.00000E+00
 0.10000E+01 0.82500E+01 -.24691E-03 -.82964E-02 0.000000E+00 0.000000E+00 0.000000E+00 0.000000E+00 0.000000E+00 0.000000E+00 0.000000E+00 0.000000E+00 0.000000E+00 0.000000E+00 0.000000E+00 0.000000E+00 0.000000E+00 0.000000E+00 0.00000E+00 0.00000E+00
 0.20000E+01 0.82500E+01 -.49354E-03 -.82934E-02 0.000000E+00 0.000000E+00 0.000000E+00 0.000000E+00 0.000000E+00 0.000000E+00 0.000000E+00 0.000000E+00 0.000000E+00 0.000000E+00 0.000000E+00 0.000000E+00 0.000000E+00 0.000000E+00 0.00000E+00 0.00000E+00
 0.30000E+01 0.82500E+01 -.73981E-03 -.82931E-02 0.000000E+00 0.000000E+00 0.000000E+00 0.000000E+00 0.000000E+00 0.000000E+00 0.000000E+00 0.000000E+00 0.000000E+00 0.000000E+00 0.000000E+00 0.000000E+00 0.000000E+00 0.000000E+00 0.00000E+00 0.00000E+00
 0.00000E+00 0.90000E+01 0.00000E+00 -.90472E-02 0.000000E+00 0.000000E+00 0.000000E+00 0.000000E+00 0.000000E+00 0.000000E+00 0.000000E+00 0.000000E+00 0.000000E+00 0.000000E+00 0.000000E+00 0.000000E+00 0.000000E+00 0.000000E+00 0.00000E+00 0.00000E+00
 0.50000E+00 0.90000E+01 -.12316E-03 -.90469E-02 0.000000E+00 0.000000E+00 0.000000E+00 0.000000E+00 0.000000E+00 0.000000E+00 0.000000E+00 0.000000E+00 0.000000E+00 0.000000E+00 0.000000E+00 0.000000E+00 0.000000E+00 0.000000E+00 0.00000E+00 0.00000E+00
 0.10000E+01 0.90000E+01 -.24630E-03 -.90463E-02 0.000000E+00 0.000000E+00 0.000000E+00 0.000000E+00 0.000000E+00 0.000000E+00 0.000000E+00 0.000000E+00 0.000000E+00 0.000000E+00 0.000000E+00 0.000000E+00 0.000000E+00 0.000000E+00 0.00000E+00 0.00000E+00
 0.15000E+01 0.90000E+01 -.36938E-03 -.90454E-02 0.000000E+00 0.000000E+00 0.000000E+00 0.000000E+00 0.000000E+00 0.000000E+00 0.000000E+00 0.000000E+00 0.000000E+00 0.000000E+00 0.000000E+00 0.000000E+00 0.000000E+00 0.000000E+00 0.00000E+00 0.00000E+00
 0.20000E+01 0.90000E+01 -.49240E-03 -.90448E-02 0.000000E+00 0.000000E+00 0.000000E+00 0.000000E+00 0.000000E+00 0.000000E+00 0.000000E+00 0.000000E+00 0.000000E+00 0.000000E+00 0.000000E+00 0.000000E+00 0.000000E+00 0.000000E+00 0.00000E+00 0.00000E+00
 0.25000E+01 0.90000E+01 -.61537E-03 -.90446E-02 0.000000E+00 0.000000E+00 0.000000E+00 0.000000E+00 0.000000E+00 0.000000E+00 0.000000E+00 0.000000E+00 0.000000E+00 0.000000E+00 0.000000E+00 0.000000E+00 0.000000E+00 0.000000E+00 0.00000E+00 0.00000E+00
 0.30000E+01 0.90000E+01 -.73829E-03 -.90451E-02 0.000000E+00 0.000000E+00 0.000000E+00 0.000000E+00 0.000000E+00 0.000000E+00 0.000000E+00 0.000000E+00 0.000000E+00 0.000000E+00 0.000000E+00 0.000000E+00 0.000000E+00 0.000000E+00 0.00000E+00 0.00000E+00
 0.00000E+00 0.97500E+01 0.00000E+00 -.97988E-02 0.000000E+00 0.000000E+00 0.000000E+00 0.000000E+00 0.000000E+00 0.000000E+00 0.000000E+00 0.000000E+00 0.000000E+00 0.000000E+00 0.000000E+00 0.000000E+00 0.000000E+00 0.000000E+00 0.00000E+00 0.00000E+00
 0.10000E+01 0.97500E+01 -.24576E-03 -.97982E-02 0.000000E+00 0.000000E+00 0.000000E+00 0.000000E+00 0.000000E+00 0.000000E+00 0.000000E+00 0.000000E+00 0.000000E+00 0.000000E+00 0.000000E+00 0.000000E+00 0.000000E+00 0.000000E+00 0.00000E+00 0.00000E+00
 0.20000E+01 0.97500E+01 -.49139E-03 -.97977E-02 0.000000E+00 0.000000E+00 0.000000E+00 0.000000E+00 0.000000E+00 0.000000E+00 0.000000E+00 0.000000E+00 0.000000E+00 0.000000E+00 0.000000E+00 0.000000E+00 0.000000E+00 0.000000E+00 0.00000E+00 0.00000E+00
 0.30000E+01 0.97500E+01 -.73690E-03 -.97984E-02 0.000000E+00 0.000000E+00 0.000000E+00 0.000000E+00 0.000000E+00 0.000000E+00 0.000000E+00 0.000000E+00 0.000000E+00 0.000000E+00 0.000000E+00 0.000000E+00 0.000000E+00 0.000000E+00 0.00000E+00 0.00000E+00
 0.00000E+00 0.10500E+02 0.00000E+00 -.10552E-01 0.000000E+00 0.000000E+00 0.000000E+00 0.000000E+00 0.000000E+00 0.000000E+00 0.000000E+00 0.000000E+00 0.000000E+00 0.000000E+00 0.000000E+00 0.000000E+00 0.000000E+00 0.000000E+00 0.00000E+00 0.00000E+00
 0.50000E+00 0.10500E+02 -.12266E-03 -.10552E-01 0.000000E+00 0.000000E+00 0.000000E+00 0.000000E+00 0.000000E+00 0.000000E+00 0.000000E+00 0.000000E+00 0.000000E+00 0.000000E+00 0.000000E+00 0.000000E+00 0.000000E+00 0.000000E+00 0.00000E+00 0.00000E+00
 0.10000E+01 0.10500E+02 -.24530E-03 -.10552E-01 0.000000E+00 0.000000E+00 0.000000E+00 0.000000E+00 0.000000E+00 0.000000E+00 0.000000E+00 0.000000E+00 0.000000E+00 0.000000E+00 0.000000E+00 0.000000E+00 0.000000E+00 0.000000E+00 0.00000E+00 0.00000E+00
 0.15000E+01 0.10500E+02 -.36790E-03 -.10552E-01 0.000000E+00 0.000000E+00 0.000000E+00 0.000000E+00 0.000000E+00 0.000000E+00 0.000000E+00 0.000000E+00 0.000000E+00 0.000000E+00 0.000000E+00 0.000000E+00 0.000000E+00 0.000000E+00 0.00000E+00 0.00000E+00
 0.20000E+01 0.10500E+02 -.49046E-03 -.10552E-01 0.000000E+00 0.000000E+00 0.000000E+00 0.000000E+00 0.000000E+00 0.000000E+00 0.000000E+00 0.000000E+00 0.000000E+00 0.000000E+00 0.000000E+00 0.000000E+00 0.000000E+00 0.000000E+00 0.00000E+00 0.00000E+00
 0.25000E+01 0.10500E+02 -.61303E-03 -.10553E-01 0.000000E+00 0.000000E+00 0.000000E+00 0.000000E+00 0.000000E+00 0.000000E+00 0.000000E+00 0.000000E+00 0.000000E+00 0.000000E+00 0.000000E+00 0.000000E+00 0.000000E+00 0.000000E+00 0.00000E+00 0.00000E+00
 0.30000E+01 0.10500E+02 -.73559E-03 -.10553E-01 0.000000E+00 0.000000E+00 0.000000E+00 0.000000E+00 0.000000E+00 0.000000E+00 0.000000E+00 0.000000E+00 0.000000E+00 0.000000E+00 0.000000E+00 0.000000E+00 0.000000E+00 0.000000E+00 0.00000E+00 0.00000E+00
 0.00000E+00 0.11250E+02 0.00000E+00 -.11308E-01 0.000000E+00 0.000000E+00 0.000000E+00 0.000000E+00 0.000000E+00 0.000000E+00 0.000000E+00 0.000000E+00 0.000000E+00 0.000000E+00 0.000000E+00 0.000000E+00 0.000000E+00 0.000000E+00 0.00000E+00 0.00000E+00
 0.10000E+01 0.11250E+02 -.24501E-03 -.11307E-01 0.000000E+00 0.000000E+00 0.000000E+00 0.000000E+00 0.000000E+00 0.000000E+00 0.000000E+00 0.000000E+00 0.000000E+00 0.000000E+00 0.000000E+00 0.000000E+00 0.000000E+00 0.000000E+00 0.00000E+00 0.00000E+00
 0.20000E+01 0.11250E+02 -.48986E-03 -.11308E-01 0.000000E+00 0.000000E+00 0.000000E+00 0.000000E+00 0.000000E+00 0.000000E+00 0.000000E+00 0.000000E+00 0.000000E+00 0.000000E+00 0.000000E+00 0.000000E+00 0.000000E+00 0.000000E+00 0.00000E+00 0.00000E+00
 0.30000E+01 0.11250E+02 -.73448E-03 -.11309E-01 0.000000E+00 0.000000E+00 0.000000E+00 0.000000E+00 0.000000E+00 0.000000E+00 0.000000E+00 0.000000E+00 0.000000E+00 0.000000E+00 0.000000E+00 0.000000E+00 0.000000E+00 0.000000E+00 0.00000E+00 0.00000E+00
 0.00000E+00 0.12000E+02 0.00000E+00 -.12066E-01 0.000000E+00 0.000000E+00 0.000000E+00 0.000000E+00 0.000000E+00 0.000000E+00 0.000000E+00 0.000000E+00 0.000000E+00 0.000000E+00 0.000000E+00 0.000000E+00 0.000000E+00 0.000000E+00 0.00000E+00 0.00000E+00
 0.50000E+00 0.12000E+02 -.12247E-03 -.12066E-01 0.000000E+00 0.000000E+00 0.000000E+00 0.000000E+00 0.000000E+00 0.000000E+00 0.000000E+00 0.000000E+00 0.000000E+00 0.000000E+00 0.000000E+00 0.000000E+00 0.000000E+00 0.000000E+00 0.00000E+00 0.00000E+00
 0.10000E+01 0.12000E+02 -.24490E-03 -.12066E-01 0.000000E+00 0.000000E+00 0.000000E+00 0.000000E+00 0.000000E+00 0.000000E+00 0.000000E+00 0.000000E+00 0.000000E+00 0.000000E+00 0.000000E+00 0.000000E+00 0.000000E+00 0.000000E+00 0.00000E+00 0.00000E+00
 0.15000E+01 0.12000E+02 -.36721E-03 -.12066E-01 0.000000E+00 0.000000E+00 0.000000E+00 0.000000E+00 0.000000E+00 0.000000E+00 0.000000E+00 0.000000E+00 0.000000E+00 0.000000E+00 0.000000E+00 0.000000E+00 0.000000E+00 0.000000E+00 0.00000E+00 0.00000E+00
 0.20000E+01 0.12000E+02 -.48942E-03 -.12066E-01 0.000000E+00 0.000000E+00 0.000000E+00 0.000000E+00 0.000000E+00 0.000000E+00 0.000000E+00 0.000000E+00 0.000000E+00 0.000000E+00 0.000000E+00 0.000000E+00 0.000000E+00 0.000000E+00 0.00000E+00 0.00000E+00
 0.25000E+01 0.12000E+02 -.61163E-03 -.12067E-01 0.000000E+00 0.000000E+00 0.000000E+00 0.000000E+00 0.000000E+00 0.000000E+00 0.000000E+00 0.000000E+00 0.000000E+00 0.000000E+00 0.000000E+00 0.000000E+00 0.000000E+00 0.000000E+00 0.00000E+00 0.00000E+00
 0.30000E+01 0.12000E+02 -.73379E-03 -.12067E-01 0.000000E+00 0.000000E+00 0.000000E+00 0.000000E+00 0.000000E+00 0.000000E+00 0.000000E+00 0.000000E+00 0.000000E+00 0.000000E+00 0.000000E+00 0.000000E+00 0.000000E+00 0.000000E+00 0.00000E+00 0.00000E+00
           1           3          14          12
           3           5          16          14
           5           7          18          16
          12          14          25          23
          14          16          27          25
          16          18          29          27
          23          25          36          34
          25          27          38          36
          27          29          40          38
          34          36          47          45
          36          38          49          47
          38          40          51          49
          45          47          58          56
          47          49          60          58
          49          51          62          60
          56          58          69          67
          58          60          71          69
          60          62          73          71
          67          69          80          78
          69          71          82          80
          71          73          84          82
          78          80          91          89
          80          82          93          91
          82          84          95          93
 ZONE T="STRESS 1", I=  216, F=POINT
 0.11270E+00 0.16905E+00 0.00000E+00 0.00000E+00 -.164197E-04 -.163059E-04 -.110493E-02 -.919496E-05 -.370001E+00 -.369823E+00 -.212537E+02 -.514717E-01 -.212538E+02 -.369875E+00 -.369823E+00 0.197302E+05 0.209395E+04 0.614457E+04 0.10613E+00 0.29203E+00
 0.11270E+00 0.75000E+00 0.00000E+00 0.00000E+00 -.696568E-04 -.691519E-04 -.107912E-02 -.613367E-05 -.550799E+00 -.549958E+00 -.204753E+02 -.340379E-01 -.204754E+02 -.550741E+00 -.549958E+00 0.194223E+05 0.222757E+04 0.608858E+04 0.11469E+00 0.29404E+00
 0.11270E+00 0.13309E+01 0.00000E+00 0.00000E+00 -.117953E-03 -.117057E-03 -.105332E-02 -.799296E-05 -.746731E+00 -.745121E+00 -.197812E+02 -.441377E-01 -.197813E+02 -.746628E+00 -.745121E+00 0.191795E+05 0.240069E+04 0.605639E+04 0.12517E+00 0.29626E+00
 0.50000E+00 0.16905E+00 0.00000E+00 0.00000E+00 -.172020E-04 -.166970E-04 -.110154E-02 -.469242E-04 -.369478E+00 -.368691E+00 -.210851E+02 -.261459E+00 -.210884E+02 -.368691E+00 -.366178E+00 0.196319E+05 0.208502E+04 0.611452E+04 0.10621E+00 0.29211E+00
 0.50000E+00 0.75000E+00 0.00000E+00 0.00000E+00 -.731274E-04 -.708872E-04 -.107901E-02 -.395207E-04 -.562787E+00 -.559039E+00 -.205028E+02 -.219651E+00 -.205052E+02 -.560368E+00 -.559039E+00 0.194490E+05 0.223752E+04 0.609838E+04 0.11505E+00 0.29410E+00
 0.50000E+00 0.13309E+01 0.00000E+00 0.00000E+00 -.124112E-03 -.120137E-03 -.105649E-02 -.370377E-04 -.776632E+00 -.769393E+00 -.200069E+02 -.206216E+00 -.200091E+02 -.774421E+00 -.769393E+00 0.193392E+05 0.243417E+04 0.610911E+04 0.12587E+00 0.29629E+00
 0.88730E+00 0.16905E+00 0.00000E+00 0.00000E+00 -.179843E-04 -.170882E-04 -.109745E-02 -.864456E-04 -.367847E+00 -.366460E+00 -.208798E+02 -.478859E+00 -.208910E+02 -.366460E+00 -.356674E+00 0.195109E+05 0.207103E+04 0.607698E+04 0.10615E+00 0.29218E+00
 0.88730E+00 0.75000E+00 0.00000E+00 0.00000E+00 -.765980E-04 -.726224E-04 -.107820E-02 -.746999E-04 -.573541E+00 -.566872E+00 -.204926E+02 -.415313E+00 -.205013E+02 -.566872E+00 -.564886E+00 0.194524E+05 0.224312E+04 0.610067E+04 0.11531E+00 0.29415E+00
 0.88730E+00 0.13309E+01 0.00000E+00 0.00000E+00 -.130271E-03 -.123216E-03 -.105896E-02 -.678747E-04 -.805867E+00 -.792861E+00 -.201980E+02 -.380601E+00 -.202055E+02 -.798400E+00 -.792861E+00 0.194772E+05 0.246467E+04 0.615507E+04 0.12654E+00 0.29632E+00
 0.11127E+01 0.16905E+00 0.00000E+00 0.00000E+00 -.147896E-04 -.168934E-04 -.110000E-02 -.116514E-03 -.360322E+00 -.363571E+00 -.209885E+02 -.646929E+00 -.210087E+02 -.363571E+00 -.340053E+00 0.195696E+05 0.206517E+04 0.609252E+04 0.10553E+00 0.29200E+00
 0.11127E+01 0.75000E+00 0.00000E+00 0.00000E+00 -.721738E-04 -.727457E-04 -.107769E-02 -.118161E-03 -.556996E+00 -.557946E+00 -.204304E+02 -.654989E+00 -.204520E+02 -.557946E+00 -.535433E+00 0.194044E+05 0.221981E+04 0.608225E+04 0.11440E+00 0.29399E+00
 0.11127E+01 0.13309E+01 0.00000E+00 0.00000E+00 -.139721E-03 -.125187E-03 -.105539E-02 -.990873E-04 -.837496E+00 -.810500E+00 -.201032E+02 -.555175E+00 -.201192E+02 -.821511E+00 -.810500E+00 0.194461E+05 0.248330E+04 0.615021E+04 0.12770E+00 0.29656E+00
 0.15000E+01 0.16905E+00 0.00000E+00 0.00000E+00 -.191506E-04 -.169132E-04 -.110905E-02 -.153492E-03 -.376643E+00 -.373151E+00 -.214754E+02 -.864028E+00 -.215107E+02 -.373151E+00 -.341319E+00 0.198651E+05 0.208823E+04 0.618228E+04 0.10512E+00 0.29172E+00
 0.15000E+01 0.75000E+00 0.00000E+00 0.00000E+00 -.915216E-04 -.750958E-04 -.107293E-02 -.151998E-03 -.611447E+00 -.583807E+00 -.203210E+02 -.842447E+00 -.203570E+02 -.583807E+00 -.575504E+00 0.193785E+05 0.225003E+04 0.608215E+04 0.11611E+00 0.29436E+00
 0.15000E+01 0.13309E+01 0.00000E+00 0.00000E+00 -.174055E-03 -.133372E-03 -.103681E-02 -.129782E-03 -.958826E+00 -.880840E+00 -.195305E+02 -.721119E+00 -.195585E+02 -.930868E+00 -.880840E+00 0.192044E+05 0.256225E+04 0.609673E+04 0.13342E+00 0.29776E+00
 0.18873E+01 0.16905E+00 0.00000E+00 0.00000E+00 -.235117E-04 -.178198E-04 -.111150E-02 -.200462E-03 -.387855E+00 -.378967E+00 -.216328E+02 -.113346E+01 -.216931E+02 -.378967E+00 -.327553E+00 0.199675E+05 0.208916E+04 0.621160E+04 0.10463E+00 0.29154E+00
 0.18873E+01 0.75000E+00 0.00000E+00 0.00000E+00 -.110869E-03 -.804518E-04 -.106156E-02 -.195826E-03 -.662448E+00 -.610951E+00 -.199115E+02 -.107621E+01 -.199714E+02 -.610951E+00 -.602464E+00 0.191786E+05 0.226335E+04 0.602806E+04 0.11801E+00 0.29488E+00
 0.18873E+01 0.13309E+01 0.00000E+00 0.00000E+00 -.208390E-03 -.145244E-03 -.101163E-02 -.170468E-03 -.109617E+01 -.970299E+00 -.187443E+02 -.935188E+00 -.187938E+02 -.104675E+01 -.970299E+00 0.188549E+05 0.266367E+04 0.601485E+04 0.14127E+00 0.29936E+00
 0.21127E+01 0.16905E+00 0.00000E+00 0.00000E+00 -.747286E-04 -.211524E-04 -.110205E-02 -.245171E-03 -.517190E+00 -.430976E+00 -.214208E+02 -.138689E+01 -.215124E+02 -.430976E+00 -.425576E+00 0.199273E+05 0.215308E+04 0.621782E+04 0.10805E+00 0.29231E+00
 0.21127E+01 0.75000E+00 0.00000E+00 0.00000E+00 -.234182E-03 -.902448E-04 -.105565E-02 -.194279E-03 -.110786E+01 -.828655E+00 -.206154E+02 -.111519E+01 -.206790E+02 -.104431E+01 -.828655E+00 0.199226E+05 0.259504E+04 0.631077E+04 0.13026E+00 0.29670E+00
 0.21127E+01 0.13309E+01 0.00000E+00 0.00000E+00 -.242819E-03 -.153764E-03 -.100925E-02 -.182338E-03 -.128266E+01 -.109309E+01 -.190769E+02 -.102198E+01 -.191354E+02 -.122416E+01 -.109309E+01 0.192123E+05 0.284572E+04 0.615059E+04 0.14812E+00 0.30024E+00
 0.25000E+01 0.16905E+00 0.00000E+00 0.00000E+00 -.799700E-04 -.298584E-04 -.105919E-02 -.399496E-03 -.473632E+00 -.400523E+00 -.192300E+02 -.211191E+01 -.194649E+02 -.400523E+00 -.238779E+00 0.186007E+05 0.195043E+04 0.580078E+04 0.10486E+00 0.29249E+00
 0.25000E+01 0.75000E+00 0.00000E+00 0.00000E+00 -.257435E-03 -.114345E-03 -.103876E-02 -.219696E-03 -.124638E+01 -.954871E+00 -.202030E+02 -.125983E+01 -.202863E+02 -.116302E+01 -.954871E+00 0.198113E+05 0.272520E+04 0.630444E+04 0.13756E+00 0.29807E+00
 0.25000E+01 0.13309E+01 0.00000E+00 0.00000E+00 -.284085E-03 -.170757E-03 -.101833E-02 -.788496E-04 -.163680E+01 -.136034E+01 -.203474E+02 -.468100E+00 -.203591E+02 -.162509E+01 -.136034E+01 0.202713E+05 0.326348E+04 0.652387E+04 0.16099E+00 0.30154E+00
 0.28873E+01 0.16905E+00 0.00000E+00 0.00000E+00 -.852114E-04 -.369318E-04 -.997431E-03 -.565828E-03 -.403953E+00 -.343693E+00 -.164286E+02 -.271263E+01 -.168754E+02 -.343693E+00 0.427817E-01 0.168588E+05 0.166846E+04 0.524529E+04 0.98967E-01 0.29240E+00
 0.28873E+01 0.75000E+00 0.00000E+00 0.00000E+00 -.280689E-03 -.135098E-03 -.100297E-02 -.257122E-03 -.137171E+01 -.106331E+01 -.189638E+02 -.144044E+01 -.190810E+02 -.125454E+01 -.106331E+01 0.192131E+05 0.283258E+04 0.615025E+04 0.14743E+00 0.30013E+00
 0.28873E+01 0.13309E+01 0.00000E+00 0.00000E+00 -.325350E-03 -.188726E-03 -.100851E-02 0.126310E-04 -.210608E+01 -.171536E+01 -.210073E+02 0.785212E-01 -.210076E+02 -.210575E+01 -.171536E+01 0.210653E+05 0.383057E+04 0.683881E+04 0.18184E+00 0.30397E+00
 0.11270E+00 0.16691E+01 0.00000E+00 0.00000E+00 -.146692E-03 -.145715E-03 -.104276E-02 -.103167E-04 -.895454E+00 -.893584E+00 -.196885E+02 -.574556E-01 -.196887E+02 -.895278E+00 -.893584E+00 0.192551E+05 0.256041E+04 0.610993E+04 0.13297E+00 0.29764E+00
 0.11270E+00 0.22500E+01 0.00000E+00 0.00000E+00 -.190466E-03 -.189605E-03 -.101811E-02 -.630657E-05 -.118450E+01 -.118263E+01 -.193420E+02 -.355715E-01 -.193421E+02 -.118443E+01 -.118263E+01 0.193124E+05 0.290546E+04 0.618805E+04 0.15044E+00 0.30055E+00
 0.11270E+00 0.28309E+01 0.00000E+00 0.00000E+00 -.218938E-03 -.218194E-03 -.993474E-03 -.390260E-05 -.146241E+01 -.146058E+01 -.189484E+02 -.222461E-01 -.189484E+02 -.146238E+01 -.146058E+01 0.193272E+05 0.329217E+04 0.625501E+04 0.17034E+00 0.30353E+00
 0.50000E+00 0.16691E+01 0.00000E+00 0.00000E+00 -.153401E-03 -.149070E-03 -.104031E-02 -.405704E-04 -.925752E+00 -.917365E+00 -.196528E+02 -.226184E+00 -.196556E+02 -.923020E+00 -.917365E+00 0.192603E+05 0.258824E+04 0.611709E+04 0.13438E+00 0.29789E+00
 0.50000E+00 0.22500E+01 0.00000E+00 0.00000E+00 -.196379E-03 -.192562E-03 -.101674E-02 -.227280E-04 -.122430E+01 -.121587E+01 -.193812E+02 -.128695E+00 -.193822E+02 -.122339E+01 -.121587E+01 0.193718E+05 0.295156E+04 0.621318E+04 0.15236E+00 0.30081E+00
 0.50000E+00 0.28309E+01 0.00000E+00 0.00000E+00 -.224055E-03 -.220752E-03 -.993175E-03 -.649177E-05 -.151450E+01 -.150620E+01 -.190643E+02 -.372614E-01 -.190644E+02 -.151443E+01 -.150620E+01 0.194445E+05 0.336194E+04 0.629973E+04 0.17290E+00 0.30381E+00
 0.88730E+00 0.16691E+01 0.00000E+00 0.00000E+00 -.160111E-03 -.152425E-03 -.103545E-02 -.702934E-04 -.953442E+00 -.938433E+00 -.195030E+02 -.391025E+00 -.195112E+02 -.945203E+00 -.938433E+00 0.191963E+05 0.260998E+04 0.610297E+04 0.13596E+00 0.29821E+00
 0.88730E+00 0.22500E+01 0.00000E+00 0.00000E+00 -.202292E-03 -.195519E-03 -.101295E-02 -.386187E-04 -.126308E+01 -.124789E+01 -.193122E+02 -.218887E+00 -.193149E+02 -.126043E+01 -.124789E+01 0.193668E+05 0.299593E+04 0.621911E+04 0.15469E+00 0.30118E+00
 0.88730E+00 0.28309E+01 0.00000E+00 0.00000E+00 -.229173E-03 -.223311E-03 -.990455E-03 -.855024E-05 -.156914E+01 -.155407E+01 -.190822E+02 -.492997E-01 -.190823E+02 -.156901E+01 -.155407E+01 0.195064E+05 0.343787E+04 0.632900E+04 0.17624E+00 0.30424E+00
 0.11127E+01 0.16691E+01 0.00000E+00 0.00000E+00 -.174369E-03 -.155013E-03 -.103011E-02 -.851831E-04 -.101140E+01 -.972927E+00 -.193996E+02 -.474245E+00 -.194118E+02 -.999179E+00 -.972927E+00 0.191830E+05 0.265655E+04 0.610760E+04 0.13848E+00 0.29866E+00
 0.11127E+01 0.22500E+01 0.00000E+00 0.00000E+00 -.211633E-03 -.197614E-03 -.100881E-02 -.419559E-04 -.131980E+01 -.128773E+01 -.192651E+02 -.238418E+00 -.192683E+02 -.131663E+01 -.128773E+01 0.193883E+05 0.305711E+04 0.623517E+04 0.15768E+00 0.30163E+00
 0.11127E+01 0.28309E+01 0.00000E+00 0.00000E+00 -.236970E-03 -.225255E-03 -.987519E-03 -.333752E-05 -.164555E+01 -.161454E+01 -.191349E+02 -.193735E-01 -.191349E+02 -.164553E+01 -.161454E+01 0.196062E+05 0.353913E+04 0.637294E+04 0.18051E+00 0.30475E+00
 0.15000E+01 0.16691E+01 0.00000E+00 0.00000E+00 -.209082E-03 -.164492E-03 -.102126E-02 -.859347E-04 -.118604E+01 -.109178E+01 -.194251E+02 -.484344E+00 -.194380E+02 -.117318E+01 -.109178E+01 0.193472E+05 0.282513E+04 0.618492E+04 0.14602E+00 0.29981E+00
 0.15000E+01 0.22500E+01 0.00000E+00 0.00000E+00 -.232657E-03 -.203948E-03 -.100304E-02 -.419790E-04 -.147568E+01 -.140610E+01 -.193878E+02 -.241917E+00 -.193910E+02 -.147242E+01 -.140610E+01 0.195997E+05 0.323968E+04 0.632526E+04 0.16529E+00 0.30262E+00
 0.15000E+01 0.28309E+01 0.00000E+00 0.00000E+00 -.244306E-03 -.229227E-03 -.984819E-03 -.263221E-05 -.174304E+01 -.170155E+01 -.192613E+02 -.154407E-01 -.192613E+02 -.174303E+01 -.170155E+01 0.197739E+05 0.368019E+04 0.644148E+04 0.18611E+00 0.30538E+00
 0.18873E+01 0.16691E+01 0.00000E+00 0.00000E+00 -.243794E-03 -.177204E-03 -.101723E-02 -.775609E-04 -.141720E+01 -.126393E+01 -.197995E+02 -.448378E+00 -.198104E+02 -.140627E+01 -.126393E+01 0.197682E+05 0.307701E+04 0.635009E+04 0.15565E+00 0.30106E+00
 0.18873E+01 0.22500E+01 0.00000E+00 0.00000E+00 -.253682E-03 -.211997E-03 -.100208E-02 -.328768E-04 -.167809E+01 -.156921E+01 -.198257E+02 -.194264E+00 -.198278E+02 -.167601E+01 -.156921E+01 0.200369E+05 0.349279E+04 0.649175E+04 0.17432E+00 0.30361E+00
 0.18873E+01 0.28309E+01 0.00000E+00 0.00000E+00 -.251643E-03 -.233074E-03 -.986934E-03 0.719845E-05 -.184853E+01 -.179541E+01 -.196091E+02 0.429198E-01 -.196092E+02 -.184843E+01 -.179541E+01 0.200767E+05 0.382802E+04 0.655059E+04 0.19067E+00 0.30577E+00
 0.21127E+01 0.16691E+01 0.00000E+00 0.00000E+00 -.225095E-03 -.183266E-03 -.101077E-02 -.106756E-03 -.132645E+01 -.123246E+01 -.193629E+02 -.607618E+00 -.193834E+02 -.130600E+01 -.123246E+01 0.194563E+05 0.300366E+04 0.624613E+04 0.15438E+00 0.30107E+00
 0.21127E+01 0.22500E+01 0.00000E+00 0.00000E+00 -.247492E-03 -.216120E-03 -.998147E-03 -.355550E-04 -.165701E+01 -.157510E+01 -.196411E+02 -.209074E+00 -.196435E+02 -.165458E+01 -.157510E+01 0.199237E+05 0.349112E+04 0.645724E+04 0.17522E+00 0.30382E+00
 0.21127E+01 0.28309E+01 0.00000E+00 0.00000E+00 -.261511E-03 -.235639E-03 -.985524E-03 0.272418E-04 -.198612E+01 -.190841E+01 -.198587E+02 0.164929E+00 -.198602E+02 -.198460E+01 -.190841E+01 0.203434E+05 0.401970E+04 0.665505E+04 0.19759E+00 0.30646E+00
 0.25000E+01 0.16691E+01 0.00000E+00 0.00000E+00 -.265685E-03 -.192890E-03 -.100429E-02 -.544750E-04 -.163426E+01 -.145171E+01 -.198011E+02 -.320104E+00 -.198068E+02 -.162863E+01 -.145171E+01 0.199811E+05 0.335378E+04 0.645300E+04 0.16785E+00 0.30274E+00
 0.25000E+01 0.22500E+01 0.00000E+00 0.00000E+00 -.267748E-03 -.222549E-03 -.997272E-03 -.120743E-04 -.188748E+01 -.175948E+01 -.201293E+02 -.729640E-01 -.201296E+02 -.188719E+01 -.175948E+01 0.204095E+05 0.378934E+04 0.664308E+04 0.18567E+00 0.30490E+00
 0.25000E+01 0.28309E+01 0.00000E+00 0.00000E+00 -.261433E-03 -.239641E-03 -.990251E-03 0.219223E-04 -.202322E+01 -.195680E+01 -.201559E+02 0.134039E+00 -.201569E+02 -.202223E+01 -.195680E+01 0.205511E+05 0.408127E+04 0.672574E+04 0.19859E+00 0.30644E+00
 0.28873E+01 0.16691E+01 0.00000E+00 0.00000E+00 -.306275E-03 -.205377E-03 -.102074E-02 0.113616E-04 -.208243E+01 -.179004E+01 -.215613E+02 0.715888E-01 -.215615E+02 -.208217E+01 -.179004E+01 0.213727E+05 0.387870E+04 0.693714E+04 0.18148E+00 0.30373E+00
 0.28873E+01 0.22500E+01 0.00000E+00 0.00000E+00 -.288004E-03 -.229971E-03 -.101932E-02 0.249621E-04 -.216069E+01 -.198231E+01 -.217499E+02 0.159273E+00 -.217512E+02 -.215939E+01 -.198231E+01 0.215701E+05 0.411483E+04 0.702925E+04 0.19077E+00 0.30481E+00
 0.28873E+01 0.28309E+01 0.00000E+00 0.00000E+00 -.261356E-03 -.242559E-03 -.101790E-02 0.301587E-04 -.201483E+01 -.195830E+01 -.213909E+02 0.189626E+00 -.213928E+02 -.201297E+01 -.195830E+01 0.212508E+05 0.402621E+04 0.692379E+04 0.18946E+00 0.30485E+00
 0.11270E+00 0.31691E+01 0.00000E+00 0.00000E+00 -.229320E-03 -.228691E-03 -.986722E-03 -.204252E-05 -.161103E+01 -.160938E+01 -.190114E+02 -.117933E-01 -.190114E+02 -.161103E+01 -.160938E+01 0.194962E+05 0.351909E+04 0.633794E+04 0.18050E+00 0.30482E+00
 0.11270E+00 0.37500E+01 0.00000E+00 0.00000E+00 -.242171E-03 -.241823E-03 -.976039E-03 0.233698E-05 -.187501E+01 -.187399E+01 -.191598E+02 0.138106E-01 -.191598E+02 -.187500E+01 -.187399E+01 0.198146E+05 0.395454E+04 0.649153E+04 0.19958E+00 0.30706E+00
 0.11270E+00 0.43309E+01 0.00000E+00 0.00000E+00 -.248465E-03 -.248399E-03 -.965357E-03 0.382381E-05 -.210248E+01 -.210226E+01 -.191822E+02 0.229710E-01 -.191822E+02 -.210244E+01 -.210226E+01 0.200151E+05 0.437236E+04 0.660584E+04 0.21845E+00 0.30914E+00
 0.50000E+00 0.31691E+01 0.00000E+00 0.00000E+00 -.233643E-03 -.230853E-03 -.983982E-03 -.324969E-06 -.166549E+01 -.165798E+01 -.190270E+02 -.188475E-02 -.190270E+02 -.166549E+01 -.165798E+01 0.195565E+05 0.359927E+04 0.636688E+04 0.18404E+00 0.30525E+00
 0.50000E+00 0.37500E+01 0.00000E+00 0.00000E+00 -.244559E-03 -.243017E-03 -.975228E-03 0.753757E-05 -.191905E+01 -.191441E+01 -.192243E+02 0.447542E-01 -.192244E+02 -.191893E+01 -.191441E+01 0.198920E+05 0.402405E+04 0.652400E+04 0.20229E+00 0.30733E+00
 0.50000E+00 0.43309E+01 0.00000E+00 0.00000E+00 -.248920E-03 -.248626E-03 -.966473E-03 0.125074E-04 -.210665E+01 -.210570E+01 -.192367E+02 0.752517E-01 -.192370E+02 -.210632E+01 -.210570E+01 0.200500E+05 0.437466E+04 0.661671E+04 0.21819E+00 0.30908E+00
 0.88730E+00 0.31691E+01 0.00000E+00 0.00000E+00 -.237966E-03 -.233014E-03 -.981834E-03 0.268208E-05 -.172451E+01 -.171086E+01 -.190813E+02 0.156467E-01 -.190813E+02 -.172449E+01 -.171086E+01 0.196451E+05 0.368699E+04 0.640479E+04 0.18768E+00 0.30567E+00
 0.88730E+00 0.37500E+01 0.00000E+00 0.00000E+00 -.246948E-03 -.244212E-03 -.975008E-03 0.140277E-04 -.196402E+01 -.195565E+01 -.193194E+02 0.837537E-01 -.193198E+02 -.196362E+01 -.195565E+01 0.199893E+05 0.409414E+04 0.656208E+04 0.20482E+00 0.30757E+00
 0.88730E+00 0.43309E+01 0.00000E+00 0.00000E+00 -.249374E-03 -.248853E-03 -.968182E-03 0.224806E-04 -.210676E+01 -.210506E+01 -.193123E+02 0.135505E+00 -.193134E+02 -.210569E+01 -.210506E+01 0.200952E+05 0.436759E+04 0.662901E+04 0.21734E+00 0.30896E+00
 0.11127E+01 0.31691E+01 0.00000E+00 0.00000E+00 -.243640E-03 -.234611E-03 -.981089E-03 0.124091E-04 -.179495E+01 -.176940E+01 -.192121E+02 0.729908E-01 -.192124E+02 -.179464E+01 -.176940E+01 0.197857E+05 0.378553E+04 0.645994E+04 0.19133E+00 0.30604E+00
 0.11127E+01 0.37500E+01 0.00000E+00 0.00000E+00 -.247625E-03 -.244843E-03 -.975819E-03 0.225990E-04 -.197832E+01 -.196977E+01 -.193902E+02 0.135311E+00 -.193913E+02 -.197727E+01 -.196977E+01 0.200449E+05 0.411499E+04 0.658102E+04 0.20529E+00 0.30759E+00
 0.11127E+01 0.43309E+01 0.00000E+00 0.00000E+00 -.249600E-03 -.248979E-03 -.970549E-03 0.276618E-04 -.209992E+01 -.209790E+01 -.193990E+02 0.166999E+00 -.194006E+02 -.209831E+01 -.209790E+01 0.201398E+05 0.434742E+04 0.663953E+04 0.21586E+00 0.30876E+00
 0.15000E+01 0.31691E+01 0.00000E+00 0.00000E+00 -.246650E-03 -.237331E-03 -.980626E-03 0.162077E-04 -.185337E+01 -.182638E+01 -.193375E+02 0.960584E-01 -.193381E+02 -.185285E+01 -.182638E+01 0.199161E+05 0.387667E+04 0.651058E+04 0.19465E+00 0.30638E+00
 0.15000E+01 0.37500E+01 0.00000E+00 0.00000E+00 -.249458E-03 -.245798E-03 -.978774E-03 0.269700E-04 -.200519E+01 -.199385E+01 -.195760E+02 0.162499E+00 -.195775E+02 -.200368E+01 -.199385E+01 0.201766E+05 0.414820E+04 0.662459E+04 0.20559E+00 0.30754E+00
 0.15000E+01 0.43309E+01 0.00000E+00 0.00000E+00 -.250254E-03 -.249224E-03 -.976922E-03 0.326052E-04 -.208568E+01 -.208238E+01 -.196348E+02 0.197713E+00 -.196371E+02 -.208346E+01 -.208238E+01 0.202617E+05 0.430191E+04 0.667024E+04 0.21232E+00 0.30827E+00
 0.18873E+01 0.31691E+01 0.00000E+00 0.00000E+00 -.249661E-03 -.239552E-03 -.980675E-03 0.207919E-04 -.190923E+01 -.187931E+01 -.194765E+02 0.124162E+00 -.194773E+02 -.190835E+01 -.187931E+01 0.200509E+05 0.396193E+04 0.656149E+04 0.19759E+00 0.30665E+00
 0.18873E+01 0.37500E+01 0.00000E+00 0.00000E+00 -.251290E-03 -.246737E-03 -.982241E-03 0.321266E-04 -.203009E+01 -.201589E+01 -.197816E+02 0.194842E+00 -.197838E+02 -.202795E+01 -.201589E+01 0.203180E+05 0.417652E+04 0.667018E+04 0.20556E+00 0.30744E+00
 0.18873E+01 0.43309E+01 0.00000E+00 0.00000E+00 -.250908E-03 -.249502E-03 -.983807E-03 0.383341E-04 -.207180E+01 -.206733E+01 -.198959E+02 0.233614E+00 -.198989E+02 -.206873E+01 -.206733E+01 0.203981E+05 0.425720E+04 0.670523E+04 0.20871E+00 0.30776E+00
 0.21127E+01 0.31691E+01 0.00000E+00 0.00000E+00 -.261669E-03 -.241336E-03 -.984853E-03 0.408434E-04 -.206820E+01 -.200486E+01 -.200040E+02 0.249565E+00 -.200074E+02 -.206473E+01 -.200486E+01 0.204939E+05 0.417083E+04 0.672017E+04 0.20352E+00 0.30708E+00
 0.21127E+01 0.37500E+01 0.00000E+00 0.00000E+00 -.254877E-03 -.247449E-03 -.986433E-03 0.367972E-04 -.207455E+01 -.205110E+01 -.200568E+02 0.225238E+00 -.200596E+02 -.207173E+01 -.205110E+01 0.205137E+05 0.422791E+04 0.673517E+04 0.20610E+00 0.30737E+00
 0.21127E+01 0.43309E+01 0.00000E+00 0.00000E+00 -.250058E-03 -.249613E-03 -.988013E-03 0.378052E-04 -.204187E+01 -.204048E+01 -.200061E+02 0.230472E+00 -.200090E+02 -.204048E+01 -.203891E+01 0.204328E+05 0.419870E+04 0.670837E+04 0.20549E+00 0.30735E+00
 0.25000E+01 0.31691E+01 0.00000E+00 0.00000E+00 -.256419E-03 -.244079E-03 -.998740E-03 0.296888E-04 -.200924E+01 -.197167E+01 -.205005E+02 0.182903E+00 -.205023E+02 -.200743E+01 -.197167E+01 0.207332E+05 0.407510E+04 0.677819E+04 0.19655E+00 0.30607E+00
 0.25000E+01 0.37500E+01 0.00000E+00 0.00000E+00 -.252183E-03 -.248391E-03 -.996951E-03 0.245372E-04 -.202646E+01 -.201474E+01 -.204150E+02 0.150981E+00 -.204162E+02 -.202522E+01 -.201474E+01 0.206777E+05 0.413905E+04 0.677196E+04 0.20017E+00 0.30655E+00
 0.25000E+01 0.43309E+01 0.00000E+00 0.00000E+00 -.249921E-03 -.249671E-03 -.995162E-03 0.244397E-04 -.202611E+01 -.202533E+01 -.202783E+02 0.149761E+00 -.202795E+02 -.202533E+01 -.202488E+01 0.205728E+05 0.415860E+04 0.674463E+04 0.20214E+00 0.30686E+00
 0.28873E+01 0.31691E+01 0.00000E+00 0.00000E+00 -.251168E-03 -.245382E-03 -.101249E-02 0.168299E-04 -.194532E+01 -.192815E+01 -.209555E+02 0.104312E+00 -.209561E+02 -.194475E+01 -.192815E+01 0.209310E+05 0.397272E+04 0.682465E+04 0.18980E+00 0.30509E+00
 0.28873E+01 0.37500E+01 0.00000E+00 0.00000E+00 -.249488E-03 -.248719E-03 -.100733E-02 0.105728E-04 -.197790E+01 -.197557E+01 -.207393E+02 0.652955E-01 -.207396E+02 -.197767E+01 -.197557E+01 0.208102E+05 0.405161E+04 0.680166E+04 0.19469E+00 0.30578E+00
 0.28873E+01 0.43309E+01 0.00000E+00 0.00000E+00 -.249783E-03 -.249696E-03 -.100217E-02 0.936990E-05 -.201230E+01 -.201203E+01 -.205327E+02 0.576713E-01 -.205329E+02 -.201212E+01 -.201203E+01 0.206970E+05 0.412275E+04 0.677817E+04 0.19920E+00 0.30641E+00
 0.11270E+00 0.46691E+01 0.00000E+00 0.00000E+00 -.249285E-03 -.249299E-03 -.968857E-03 0.357763E-05 -.212905E+01 -.212910E+01 -.193633E+02 0.216153E-01 -.193633E+02 -.212910E+01 -.212902E+01 0.201311E+05 0.441118E+04 0.664512E+04 0.21912E+00 0.30913E+00
 0.11270E+00 0.52500E+01 0.00000E+00 0.00000E+00 -.249592E-03 -.249597E-03 -.974010E-03 0.289932E-05 -.213355E+01 -.213356E+01 -.195306E+02 0.175697E-01 -.195306E+02 -.213356E+01 -.213353E+01 0.202024E+05 0.440901E+04 0.666666E+04 0.21824E+00 0.30898E+00
 0.11270E+00 0.58309E+01 0.00000E+00 0.00000E+00 -.249201E-03 -.249198E-03 -.979163E-03 0.245073E-05 -.211063E+01 -.211062E+01 -.196389E+02 0.148460E-01 -.196390E+02 -.211062E+01 -.211061E+01 0.202156E+05 0.435945E+04 0.666495E+04 0.21565E+00 0.30868E+00
 0.50000E+00 0.46691E+01 0.00000E+00 0.00000E+00 -.249193E-03 -.249253E-03 -.970183E-03 0.122970E-04 -.211665E+01 -.211685E+01 -.193901E+02 0.742725E-01 -.193904E+02 -.211685E+01 -.211633E+01 0.201347E+05 0.438465E+04 0.664297E+04 0.21777E+00 0.30898E+00
 0.50000E+00 0.52500E+01 0.00000E+00 0.00000E+00 -.249556E-03 -.249579E-03 -.975183E-03 0.996202E-05 -.212411E+01 -.212419E+01 -.195565E+02 0.603598E-01 -.195567E+02 -.212419E+01 -.212390E+01 0.202077E+05 0.438853E+04 0.666590E+04 0.21717E+00 0.30886E+00
 0.50000E+00 0.58309E+01 0.00000E+00 0.00000E+00 -.249222E-03 -.249209E-03 -.980182E-03 0.785671E-05 -.210449E+01 -.210445E+01 -.196647E+02 0.475971E-01 -.196648E+02 -.210445E+01 -.210436E+01 0.202234E+05 0.434563E+04 0.666590E+04 0.21488E+00 0.30859E+00
 0.88730E+00 0.46691E+01 0.00000E+00 0.00000E+00 -.249101E-03 -.249207E-03 -.972923E-03 0.209789E-04 -.209794E+01 -.209828E+01 -.194649E+02 0.126761E+00 -.194658E+02 -.209828E+01 -.209701E+01 0.201610E+05 0.434271E+04 0.664538E+04 0.21540E+00 0.30869E+00
 0.88730E+00 0.52500E+01 0.00000E+00 0.00000E+00 -.249520E-03 -.249561E-03 -.977769E-03 0.169872E-04 -.210846E+01 -.210859E+01 -.196309E+02 0.102985E+00 -.196315E+02 -.210859E+01 -.210785E+01 0.202360E+05 0.435290E+04 0.666986E+04 0.21511E+00 0.30860E+00
 0.88730E+00 0.58309E+01 0.00000E+00 0.00000E+00 -.249242E-03 -.249219E-03 -.982616E-03 0.132252E-04 -.209261E+01 -.209254E+01 -.197403E+02 0.801891E-01 -.197407E+02 -.209254E+01 -.209225E+01 0.202556E+05 0.431775E+04 0.667208E+04 0.21316E+00 0.30837E+00
 0.11127E+01 0.46691E+01 0.00000E+00 0.00000E+00 -.249767E-03 -.249248E-03 -.975157E-03 0.237427E-04 -.209975E+01 -.209807E+01 -.195606E+02 0.143787E+00 -.195618E+02 -.209856E+01 -.209807E+01 0.202168E+05 0.433729E+04 0.666155E+04 0.21454E+00 0.30855E+00
 0.11127E+01 0.52500E+01 0.00000E+00 0.00000E+00 -.249568E-03 -.249558E-03 -.979647E-03 0.194479E-04 -.209879E+01 -.209876E+01 -.196858E+02 0.117961E+00 -.196866E+02 -.209876E+01 -.209800E+01 0.202577E+05 0.433031E+04 0.667376E+04 0.21376E+00 0.30844E+00
 0.11127E+01 0.58309E+01 0.00000E+00 0.00000E+00 -.249220E-03 -.249226E-03 -.984136E-03 0.167626E-04 -.208420E+01 -.208422E+01 -.197838E+02 0.101672E+00 -.197844E+02 -.208422E+01 -.208361E+01 0.202720E+05 0.429873E+04 0.667478E+04 0.21205E+00 0.30823E+00
 0.15000E+01 0.46691E+01 0.00000E+00 0.00000E+00 -.249997E-03 -.249412E-03 -.980037E-03 0.283144E-04 -.208176E+01 -.207989E+01 -.197265E+02 0.171904E+00 -.197281E+02 -.208009E+01 -.207989E+01 0.202952E+05 0.429154E+04 0.667923E+04 0.21146E+00 0.30815E+00
 0.15000E+01 0.52500E+01 0.00000E+00 0.00000E+00 -.249519E-03 -.249554E-03 -.983454E-03 0.221318E-04 -.207923E+01 -.207935E+01 -.198001E+02 0.134394E+00 -.198012E+02 -.207935E+01 -.207822E+01 0.203040E+05 0.428582E+04 0.668221E+04 0.21108E+00 0.30809E+00
 0.15000E+01 0.58309E+01 0.00000E+00 0.00000E+00 -.248893E-03 -.249183E-03 -.986870E-03 0.175588E-04 -.206504E+01 -.206596E+01 -.198516E+02 0.106508E+00 -.198522E+02 -.206596E+01 -.206440E+01 0.202913E+05 0.425928E+04 0.667599E+04 0.20991E+00 0.30796E+00
 0.18873E+01 0.46691E+01 0.00000E+00 0.00000E+00 -.250227E-03 -.249556E-03 -.986242E-03 0.330718E-04 -.206179E+01 -.205966E+01 -.199430E+02 0.201485E+00 -.199452E+02 -.205966E+01 -.205952E+01 0.203995E+05 0.423997E+04 0.670395E+04 0.20785E+00 0.30765E+00
 0.18873E+01 0.52500E+01 0.00000E+00 0.00000E+00 -.249471E-03 -.249542E-03 -.988586E-03 0.250015E-04 -.205757E+01 -.205780E+01 -.199654E+02 0.152144E+00 -.199667E+02 -.205780E+01 -.205628E+01 0.203767E+05 0.423526E+04 0.669784E+04 0.20785E+00 0.30767E+00
 0.18873E+01 0.58309E+01 0.00000E+00 0.00000E+00 -.248565E-03 -.249089E-03 -.990929E-03 0.185408E-04 -.204308E+01 -.204473E+01 -.199678E+02 0.112570E+00 -.199685E+02 -.204473E+01 -.204238E+01 0.203348E+05 0.421232E+04 0.668354E+04 0.20715E+00 0.30761E+00
 0.21127E+01 0.46691E+01 0.00000E+00 0.00000E+00 -.248768E-03 -.249548E-03 -.990418E-03 0.320661E-04 -.202154E+01 -.202396E+01 -.200256E+02 0.195149E+00 -.200277E+02 -.202396E+01 -.201942E+01 0.204081E+05 0.416551E+04 0.669747E+04 0.20411E+00 0.30720E+00
 0.21127E+01 0.52500E+01 0.00000E+00 0.00000E+00 -.248234E-03 -.249468E-03 -.992122E-03 0.238291E-04 -.202260E+01 -.202644E+01 -.200324E+02 0.144856E+00 -.200336E+02 -.202644E+01 -.202143E+01 0.203812E+05 0.417067E+04 0.669139E+04 0.20463E+00 0.30728E+00
 0.21127E+01 0.58309E+01 0.00000E+00 0.00000E+00 -.248252E-03 -.249018E-03 -.993827E-03 0.172781E-04 -.202770E+01 -.203009E+01 -.200508E+02 0.104975E+00 -.200514E+02 -.203009E+01 -.202709E+01 0.203660E+05 0.418024E+04 0.668923E+04 0.20526E+00 0.30736E+00
 0.25000E+01 0.46691E+01 0.00000E+00 0.00000E+00 -.249232E-03 -.249463E-03 -.996205E-03 0.187791E-04 -.201901E+01 -.201972E+01 -.202610E+02 0.114866E+00 -.202617E+02 -.201972E+01 -.201829E+01 0.205362E+05 0.414903E+04 0.673388E+04 0.20203E+00 0.30686E+00
 0.25000E+01 0.52500E+01 0.00000E+00 0.00000E+00 -.248211E-03 -.249275E-03 -.996785E-03 0.136689E-04 -.201119E+01 -.201448E+01 -.201982E+02 0.833270E-01 -.201985E+02 -.201448E+01 -.201081E+01 0.204616E+05 0.414202E+04 0.671215E+04 0.20243E+00 0.30696E+00
 0.25000E+01 0.58309E+01 0.00000E+00 0.00000E+00 -.247743E-03 -.248860E-03 -.997365E-03 0.102448E-04 -.200938E+01 -.201283E+01 -.201517E+02 0.622942E-01 -.201519E+02 -.201283E+01 -.200916E+01 0.204031E+05 0.414310E+04 0.669618E+04 0.20306E+00 0.30707E+00
 0.28873E+01 0.46691E+01 0.00000E+00 0.00000E+00 -.249697E-03 -.249463E-03 -.999661E-03 0.581655E-05 -.202137E+01 -.202064E+01 -.204059E+02 0.356940E-01 -.204060E+02 -.202130E+01 -.202064E+01 0.206160E+05 0.414533E+04 0.675759E+04 0.20107E+00 0.30669E+00
 0.28873E+01 0.52500E+01 0.00000E+00 0.00000E+00 -.248189E-03 -.249131E-03 -.999118E-03 0.383321E-05 -.200541E+01 -.200831E+01 -.202737E+02 0.233925E-01 -.202737E+02 -.200831E+01 -.200538E+01 0.204943E+05 0.412805E+04 0.672069E+04 0.20142E+00 0.30681E+00
 0.28873E+01 0.58309E+01 0.00000E+00 0.00000E+00 -.247234E-03 -.248676E-03 -.998574E-03 0.353590E-05 -.199680E+01 -.200124E+01 -.201612E+02 0.214797E-01 -.201613E+02 -.200124E+01 -.199678E+01 0.203918E+05 0.412107E+04 0.669078E+04 0.20209E+00 0.30696E+00
 0.11270E+00 0.61691E+01 0.00000E+00 0.00000E+00 -.248824E-03 -.248821E-03 -.982985E-03 0.203678E-05 -.209024E+01 -.209023E+01 -.197164E+02 0.123325E-01 -.197164E+02 -.209023E+01 -.209023E+01 0.202232E+05 0.431692E+04 0.666247E+04 0.21346E+00 0.30842E+00
 0.11270E+00 0.67500E+01 0.00000E+00 0.00000E+00 -.248348E-03 -.248353E-03 -.987357E-03 0.144426E-05 -.207232E+01 -.207233E+01 -.197887E+02 0.873493E-02 -.197887E+02 -.207233E+01 -.207231E+01 0.202147E+05 0.428071E+04 0.665683E+04 0.21176E+00 0.30823E+00
 0.11270E+00 0.73309E+01 0.00000E+00 0.00000E+00 -.247846E-03 -.247857E-03 -.991729E-03 0.115302E-05 -.205339E+01 -.205342E+01 -.198662E+02 0.696702E-02 -.198662E+02 -.205342E+01 -.205338E+01 0.202116E+05 0.424286E+04 0.665223E+04 0.20992E+00 0.30801E+00
 0.50000E+00 0.61691E+01 0.00000E+00 0.00000E+00 -.248846E-03 -.248832E-03 -.983799E-03 0.640119E-05 -.208561E+01 -.208557E+01 -.197372E+02 0.387609E-01 -.197373E+02 -.208557E+01 -.208553E+01 0.202298E+05 0.430655E+04 0.666345E+04 0.21288E+00 0.30835E+00
 0.50000E+00 0.67500E+01 0.00000E+00 0.00000E+00 -.248320E-03 -.248338E-03 -.987971E-03 0.487963E-05 -.206811E+01 -.206817E+01 -.198024E+02 0.295104E-01 -.198025E+02 -.206817E+01 -.206807E+01 0.202178E+05 0.427187E+04 0.665688E+04 0.21129E+00 0.30817E+00
 0.50000E+00 0.73309E+01 0.00000E+00 0.00000E+00 -.247766E-03 -.247817E-03 -.992142E-03 0.365935E-05 -.204949E+01 -.204965E+01 -.198726E+02 0.221071E-01 -.198726E+02 -.204965E+01 -.204946E+01 0.202108E+05 0.423528E+04 0.665125E+04 0.20956E+00 0.30797E+00
 0.88730E+00 0.61691E+01 0.00000E+00 0.00000E+00 -.248868E-03 -.248843E-03 -.985246E-03 0.107995E-04 -.207859E+01 -.207851E+01 -.197797E+02 0.654195E-01 -.197799E+02 -.207851E+01 -.207835E+01 0.202465E+05 0.429028E+04 0.666669E+04 0.21190E+00 0.30823E+00
 0.88730E+00 0.67500E+01 0.00000E+00 0.00000E+00 -.248291E-03 -.248324E-03 -.989216E-03 0.834891E-05 -.206169E+01 -.206180E+01 -.198382E+02 0.505065E-01 -.198384E+02 -.206180E+01 -.206155E+01 0.202314E+05 0.425752E+04 0.665937E+04 0.21044E+00 0.30806E+00
 0.88730E+00 0.73309E+01 0.00000E+00 0.00000E+00 -.247686E-03 -.247778E-03 -.993187E-03 0.619959E-05 -.204354E+01 -.204383E+01 -.199014E+02 0.374605E-01 -.199015E+02 -.204383E+01 -.204347E+01 0.202211E+05 0.422259E+04 0.665289E+04 0.20882E+00 0.30788E+00
 0.11127E+01 0.61691E+01 0.00000E+00 0.00000E+00 -.248888E-03 -.248856E-03 -.986673E-03 0.143179E-04 -.207240E+01 -.207230E+01 -.198250E+02 0.867817E-01 -.198255E+02 -.207230E+01 -.207197E+01 0.202663E+05 0.427549E+04 0.667083E+04 0.21097E+00 0.30810E+00
 0.11127E+01 0.67500E+01 0.00000E+00 0.00000E+00 -.248219E-03 -.248314E-03 -.990375E-03 0.103180E-04 -.205542E+01 -.205572E+01 -.198720E+02 0.624371E-01 -.198723E+02 -.205572E+01 -.205520E+01 0.202445E+05 0.424385E+04 0.666168E+04 0.20963E+00 0.30796E+00
 0.11127E+01 0.73309E+01 0.00000E+00 0.00000E+00 -.247592E-03 -.247752E-03 -.994077E-03 0.740197E-05 -.203811E+01 -.203862E+01 -.199250E+02 0.447305E-01 -.199251E+02 -.203862E+01 -.203800E+01 0.202289E+05 0.421129E+04 0.665397E+04 0.20818E+00 0.30780E+00
 0.15000E+01 0.61691E+01 0.00000E+00 0.00000E+00 -.248504E-03 -.248815E-03 -.989731E-03 0.145898E-04 -.205243E+01 -.205341E+01 -.199061E+02 0.884599E-01 -.199065E+02 -.205341E+01 -.205199E+01 0.202929E+05 0.423433E+04 0.667390E+04 0.20866E+00 0.30781E+00
 0.15000E+01 0.67500E+01 0.00000E+00 0.00000E+00 -.247921E-03 -.248251E-03 -.992711E-03 0.105492E-04 -.204039E+01 -.204143E+01 -.199331E+02 0.638509E-01 -.199333E+02 -.204143E+01 -.204016E+01 0.202641E+05 0.421303E+04 0.666398E+04 0.20791E+00 0.30774E+00
 0.15000E+01 0.73309E+01 0.00000E+00 0.00000E+00 -.247379E-03 -.247683E-03 -.995690E-03 0.759257E-05 -.202792E+01 -.202887E+01 -.199661E+02 0.458877E-01 -.199663E+02 -.202887E+01 -.202780E+01 0.202415E+05 0.419055E+04 0.665546E+04 0.20703E+00 0.30765E+00
 0.18873E+01 0.61691E+01 0.00000E+00 0.00000E+00 -.248121E-03 -.248712E-03 -.992798E-03 0.148046E-04 -.203350E+01 -.203535E+01 -.199856E+02 0.897881E-01 -.199861E+02 -.203535E+01 -.203305E+01 0.203179E+05 0.419551E+04 0.667710E+04 0.20649E+00 0.30754E+00
 0.18873E+01 0.67500E+01 0.00000E+00 0.00000E+00 -.247623E-03 -.248152E-03 -.995054E-03 0.107234E-04 -.202605E+01 -.202771E+01 -.199922E+02 0.649149E-01 -.199924E+02 -.202770E+01 -.202582E+01 0.202817E+05 0.418373E+04 0.666619E+04 0.20628E+00 0.30754E+00
 0.18873E+01 0.73309E+01 0.00000E+00 0.00000E+00 -.247167E-03 -.247599E-03 -.997311E-03 0.772616E-05 -.201818E+01 -.201953E+01 -.200052E+02 0.466962E-01 -.200053E+02 -.201953E+01 -.201806E+01 0.202521E+05 0.417075E+04 0.665674E+04 0.20594E+00 0.30751E+00
 0.21127E+01 0.61691E+01 0.00000E+00 0.00000E+00 -.248174E-03 -.248653E-03 -.994599E-03 0.136892E-04 -.202848E+01 -.202997E+01 -.200450E+02 0.830946E-01 -.200454E+02 -.202997E+01 -.202809E+01 0.203448E+05 0.418278E+04 0.668398E+04 0.20559E+00 0.30741E+00
 0.21127E+01 0.67500E+01 0.00000E+00 0.00000E+00 -.247537E-03 -.248092E-03 -.996443E-03 0.968698E-05 -.202007E+01 -.202179E+01 -.200333E+02 0.586651E-01 -.200335E+02 -.202179E+01 -.201988E+01 0.202980E+05 0.417070E+04 0.666972E+04 0.20547E+00 0.30743E+00
 0.21127E+01 0.73309E+01 0.00000E+00 0.00000E+00 -.246912E-03 -.247538E-03 -.998288E-03 0.672595E-05 -.201047E+01 -.201242E+01 -.200239E+02 0.406414E-01 -.200240E+02 -.201242E+01 -.201038E+01 0.202538E+05 0.415615E+04 0.665583E+04 0.20520E+00 0.30742E+00
 0.25000E+01 0.61691E+01 0.00000E+00 0.00000E+00 -.247589E-03 -.248533E-03 -.997177E-03 0.842395E-05 -.201100E+01 -.201392E+01 -.201056E+02 0.511310E-01 -.201057E+02 -.201392E+01 -.201085E+01 0.203596E+05 0.414920E+04 0.668479E+04 0.20380E+00 0.30719E+00
 0.25000E+01 0.67500E+01 0.00000E+00 0.00000E+00 -.247182E-03 -.247978E-03 -.998327E-03 0.567048E-05 -.200823E+01 -.201070E+01 -.200763E+02 0.343381E-01 -.200764E+02 -.201070E+01 -.200817E+01 0.203078E+05 0.414750E+04 0.667048E+04 0.20423E+00 0.30727E+00
 0.25000E+01 0.73309E+01 0.00000E+00 0.00000E+00 -.246785E-03 -.247431E-03 -.999478E-03 0.395817E-05 -.200451E+01 -.200651E+01 -.200498E+02 0.239153E-01 -.200498E+02 -.200651E+01 -.200448E+01 0.202590E+05 0.414382E+04 0.665671E+04 0.20454E+00 0.30734E+00
 0.28873E+01 0.61691E+01 0.00000E+00 0.00000E+00 -.247005E-03 -.248368E-03 -.998918E-03 0.300633E-05 -.199559E+01 -.199979E+01 -.201327E+02 0.182341E-01 -.201327E+02 -.199979E+01 -.199558E+01 0.203564E+05 0.412117E+04 0.668107E+04 0.20245E+00 0.30703E+00
 0.28873E+01 0.67500E+01 0.00000E+00 0.00000E+00 -.246826E-03 -.247848E-03 -.999374E-03 0.150158E-05 -.199851E+01 -.200166E+01 -.200859E+02 0.908609E-02 -.200859E+02 -.200166E+01 -.199850E+01 0.202997E+05 0.412985E+04 0.666675E+04 0.20344E+00 0.30718E+00
 0.28873E+01 0.73309E+01 0.00000E+00 0.00000E+00 -.246658E-03 -.247336E-03 -.999830E-03 0.103799E-05 -.200087E+01 -.200296E+01 -.200435E+02 0.626722E-02 -.200435E+02 -.200296E+01 -.200087E+01 0.202475E+05 0.413738E+04 0.665344E+04 0.20434E+00 0.30732E+00
 0.11270E+00 0.76691E+01 0.00000E+00 0.00000E+00 -.247527E-03 -.247540E-03 -.993722E-03 0.976183E-06 -.204471E+01 -.204476E+01 -.198894E+02 0.589287E-02 -.198894E+02 -.204476E+01 -.204471E+01 0.201980E+05 0.422664E+04 0.664698E+04 0.20926E+00 0.30794E+00
 0.11270E+00 0.82500E+01 0.00000E+00 0.00000E+00 -.246981E-03 -.246991E-03 -.996818E-03 0.609755E-06 -.203307E+01 -.203310E+01 -.199183E+02 0.367449E-02 -.199183E+02 -.203310E+01 -.203307E+01 0.201694E+05 0.420562E+04 0.663737E+04 0.20851E+00 0.30787E+00
 0.11270E+00 0.88309E+01 0.00000E+00 0.00000E+00 -.246478E-03 -.246485E-03 -.999914E-03 0.535553E-06 -.202146E+01 -.202148E+01 -.199599E+02 0.322359E-02 -.199599E+02 -.202148E+01 -.202146E+01 0.201534E+05 0.418411E+04 0.663079E+04 0.20761E+00 0.30778E+00
 0.50000E+00 0.76691E+01 0.00000E+00 0.00000E+00 -.247439E-03 -.247496E-03 -.994236E-03 0.306232E-05 -.204042E+01 -.204060E+01 -.199007E+02 0.184849E-01 -.199007E+02 -.204060E+01 -.204040E+01 0.202002E+05 0.421818E+04 0.664665E+04 0.20882E+00 0.30789E+00
 0.50000E+00 0.82500E+01 0.00000E+00 0.00000E+00 -.246913E-03 -.246957E-03 -.997137E-03 0.213525E-05 -.203033E+01 -.203046E+01 -.199243E+02 0.128663E-01 -.199243E+02 -.203046E+01 -.203032E+01 0.201699E+05 0.420030E+04 0.663696E+04 0.20825E+00 0.30784E+00
 0.50000E+00 0.88309E+01 0.00000E+00 0.00000E+00 -.246431E-03 -.246461E-03 -.100004E-02 0.150041E-05 -.202017E+01 -.202027E+01 -.199602E+02 0.903001E-02 -.199602E+02 -.202027E+01 -.202017E+01 0.201517E+05 0.418176E+04 0.663019E+04 0.20751E+00 0.30776E+00
 0.88730E+00 0.76691E+01 0.00000E+00 0.00000E+00 -.247350E-03 -.247452E-03 -.995104E-03 0.513460E-05 -.203499E+01 -.203530E+01 -.199248E+02 0.309984E-01 -.199248E+02 -.203530E+01 -.203493E+01 0.202088E+05 0.420690E+04 0.664780E+04 0.20817E+00 0.30781E+00
 0.88730E+00 0.82500E+01 0.00000E+00 0.00000E+00 -.246846E-03 -.246923E-03 -.997810E-03 0.364689E-05 -.202642E+01 -.202667E+01 -.199431E+02 0.219778E-01 -.199431E+02 -.202667E+01 -.202640E+01 0.201767E+05 0.419214E+04 0.663805E+04 0.20777E+00 0.30778E+00
 0.88730E+00 0.88309E+01 0.00000E+00 0.00000E+00 -.246384E-03 -.246438E-03 -.100052E-02 0.245140E-05 -.201773E+01 -.201790E+01 -.199734E+02 0.147549E-01 -.199734E+02 -.201790E+01 -.201772E+01 0.201565E+05 0.417657E+04 0.663110E+04 0.20721E+00 0.30772E+00
 0.11127E+01 0.76691E+01 0.00000E+00 0.00000E+00 -.247264E-03 -.247424E-03 -.995806E-03 0.608978E-05 -.203050E+01 -.203100E+01 -.199417E+02 0.367652E-01 -.199418E+02 -.203100E+01 -.203043E+01 0.202134E+05 0.419773E+04 0.664828E+04 0.20767E+00 0.30775E+00
 0.11127E+01 0.82500E+01 0.00000E+00 0.00000E+00 -.246770E-03 -.246901E-03 -.998349E-03 0.429189E-05 -.202276E+01 -.202317E+01 -.199556E+02 0.258643E-01 -.199557E+02 -.202317E+01 -.202272E+01 0.201798E+05 0.418480E+04 0.663823E+04 0.20738E+00 0.30773E+00
 0.11127E+01 0.88309E+01 0.00000E+00 0.00000E+00 -.246323E-03 -.246422E-03 -.100089E-02 0.304421E-05 -.201487E+01 -.201518E+01 -.199822E+02 0.183226E-01 -.199822E+02 -.201518E+01 -.201485E+01 0.201587E+05 0.417100E+04 0.663111E+04 0.20691E+00 0.30769E+00
 0.15000E+01 0.76691E+01 0.00000E+00 0.00000E+00 -.247087E-03 -.247360E-03 -.997165E-03 0.620645E-05 -.202238E+01 -.202323E+01 -.199756E+02 0.374723E-01 -.199756E+02 -.202323E+01 -.202230E+01 0.202234E+05 0.418110E+04 0.664962E+04 0.20675E+00 0.30763E+00
 0.15000E+01 0.82500E+01 0.00000E+00 0.00000E+00 -.246628E-03 -.246849E-03 -.999342E-03 0.427902E-05 -.201656E+01 -.201725E+01 -.199801E+02 0.257877E-01 -.199801E+02 -.201725E+01 -.201652E+01 0.201869E+05 0.417227E+04 0.663906E+04 0.20668E+00 0.30764E+00
 0.15000E+01 0.88309E+01 0.00000E+00 0.00000E+00 -.246216E-03 -.246382E-03 -.100152E-02 0.290180E-05 -.201055E+01 -.201107E+01 -.199970E+02 0.174653E-01 -.199970E+02 -.201107E+01 -.201053E+01 0.201625E+05 0.416253E+04 0.663134E+04 0.20645E+00 0.30763E+00
 0.18873E+01 0.76691E+01 0.00000E+00 0.00000E+00 -.246910E-03 -.247286E-03 -.998590E-03 0.629949E-05 -.201413E+01 -.201530E+01 -.200101E+02 0.380356E-01 -.200102E+02 -.201530E+01 -.201405E+01 0.202330E+05 0.416423E+04 0.665096E+04 0.20581E+00 0.30751E+00
 0.18873E+01 0.82500E+01 0.00000E+00 0.00000E+00 -.246486E-03 -.246789E-03 -.100040E-02 0.424251E-05 -.201019E+01 -.201113E+01 -.200055E+02 0.255681E-01 -.200056E+02 -.201113E+01 -.201015E+01 0.201938E+05 0.415939E+04 0.663992E+04 0.20597E+00 0.30755E+00
 0.18873E+01 0.88309E+01 0.00000E+00 0.00000E+00 -.246110E-03 -.246337E-03 -.100221E-02 0.273575E-05 -.200606E+01 -.200676E+01 -.200131E+02 0.164655E-01 -.200131E+02 -.200676E+01 -.200604E+01 0.201665E+05 0.415364E+04 0.663165E+04 0.20597E+00 0.30757E+00
 0.21127E+01 0.76691E+01 0.00000E+00 0.00000E+00 -.246640E-03 -.247230E-03 -.999354E-03 0.541340E-05 -.200665E+01 -.200848E+01 -.200210E+02 0.326728E-01 -.200210E+02 -.200848E+01 -.200659E+01 0.202307E+05 0.415055E+04 0.664892E+04 0.20516E+00 0.30743E+00
 0.21127E+01 0.82500E+01 0.00000E+00 0.00000E+00 -.246333E-03 -.246748E-03 -.100100E-02 0.376626E-05 -.200522E+01 -.200651E+01 -.200133E+02 0.226906E-01 -.200133E+02 -.200651E+01 -.200520E+01 0.201914E+05 0.415003E+04 0.663862E+04 0.20553E+00 0.30750E+00
 0.21127E+01 0.88309E+01 0.00000E+00 0.00000E+00 -.246041E-03 -.246309E-03 -.100264E-02 0.241510E-05 -.200272E+01 -.200355E+01 -.200121E+02 0.145278E-01 -.200121E+02 -.200355E+01 -.200271E+01 0.201589E+05 0.414721E+04 0.662971E+04 0.20573E+00 0.30754E+00
 0.25000E+01 0.76691E+01 0.00000E+00 0.00000E+00 -.246578E-03 -.247134E-03 -.100021E-02 0.309183E-05 -.200271E+01 -.200443E+01 -.200382E+02 0.186588E-01 -.200382E+02 -.200443E+01 -.200269E+01 0.202332E+05 0.414222E+04 0.664941E+04 0.20472E+00 0.30738E+00
 0.25000E+01 0.82500E+01 0.00000E+00 0.00000E+00 -.246267E-03 -.246678E-03 -.100166E-02 0.214370E-05 -.200193E+01 -.200321E+01 -.200237E+02 0.129124E-01 -.200237E+02 -.200321E+01 -.200192E+01 0.201909E+05 0.414320E+04 0.663841E+04 0.20520E+00 0.30746E+00
 0.25000E+01 0.88309E+01 0.00000E+00 0.00000E+00 -.245970E-03 -.246262E-03 -.100310E-02 0.149155E-05 -.200015E+01 -.200105E+01 -.200163E+02 0.896966E-02 -.200163E+02 -.200105E+01 -.200014E+01 0.201557E+05 0.414202E+04 0.662893E+04 0.20550E+00 0.30752E+00
 0.28873E+01 0.76691E+01 0.00000E+00 0.00000E+00 -.246516E-03 -.247055E-03 -.100059E-02 0.773336E-06 -.200052E+01 -.200218E+01 -.200348E+02 0.466440E-02 -.200348E+02 -.200218E+01 -.200052E+01 0.202241E+05 0.413794E+04 0.664738E+04 0.20460E+00 0.30737E+00
 0.28873E+01 0.82500E+01 0.00000E+00 0.00000E+00 -.246200E-03 -.246619E-03 -.100184E-02 0.524222E-06 -.200044E+01 -.200174E+01 -.200143E+02 0.315562E-02 -.200143E+02 -.200174E+01 -.200044E+01 0.201794E+05 0.414053E+04 0.663582E+04 0.20519E+00 0.30746E+00
 0.28873E+01 0.88309E+01 0.00000E+00 0.00000E+00 -.245899E-03 -.246218E-03 -.100309E-02 0.571084E-06 -.199944E+01 -.200043E+01 -.200022E+02 0.343212E-02 -.200022E+02 -.200043E+01 -.199944E+01 0.201429E+05 0.414111E+04 0.662603E+04 0.20559E+00 0.30753E+00
 0.11270E+00 0.91691E+01 0.00000E+00 0.00000E+00 -.246210E-03 -.246216E-03 -.100132E-02 0.497864E-06 -.201735E+01 -.201736E+01 -.199694E+02 0.299400E-02 -.199694E+02 -.201736E+01 -.201734E+01 0.201367E+05 0.417717E+04 0.662575E+04 0.20744E+00 0.30776E+00
 0.11270E+00 0.97500E+01 0.00000E+00 0.00000E+00 -.245796E-03 -.245801E-03 -.100339E-02 0.287005E-06 -.201496E+01 -.201497E+01 -.199695E+02 0.172277E-02 -.199695E+02 -.201497E+01 -.201496E+01 0.200981E+05 0.417457E+04 0.661591E+04 0.20771E+00 0.30782E+00
 0.11270E+00 0.10331E+02 0.00000E+00 0.00000E+00 -.245431E-03 -.245436E-03 -.100546E-02 0.107382E-06 -.201292E+01 -.201294E+01 -.199942E+02 0.644096E-03 -.199942E+02 -.201294E+01 -.201292E+01 0.200833E+05 0.417150E+04 0.661179E+04 0.20771E+00 0.30783E+00
 0.50000E+00 0.91691E+01 0.00000E+00 0.00000E+00 -.246170E-03 -.246196E-03 -.100151E-02 0.124101E-05 -.201587E+01 -.201595E+01 -.199731E+02 0.746271E-02 -.199731E+02 -.201595E+01 -.201587E+01 0.201371E+05 0.417431E+04 0.662562E+04 0.20730E+00 0.30775E+00
 0.50000E+00 0.97500E+01 0.00000E+00 0.00000E+00 -.245760E-03 -.245784E-03 -.100357E-02 0.848306E-06 -.201335E+01 -.201342E+01 -.199733E+02 0.509188E-02 -.199733E+02 -.201342E+01 -.201335E+01 0.200988E+05 0.417156E+04 0.661573E+04 0.20755E+00 0.30780E+00
 0.50000E+00 0.10331E+02 0.00000E+00 0.00000E+00 -.245399E-03 -.245420E-03 -.100562E-02 0.486835E-06 -.201105E+01 -.201111E+01 -.199961E+02 0.291981E-02 -.199961E+02 -.201111E+01 -.201105E+01 0.200825E+05 0.416809E+04 0.661117E+04 0.20755E+00 0.30781E+00
 0.88730E+00 0.91691E+01 0.00000E+00 0.00000E+00 -.246131E-03 -.246176E-03 -.100181E-02 0.198158E-05 -.201402E+01 -.201416E+01 -.199806E+02 0.119163E-01 -.199806E+02 -.201416E+01 -.201401E+01 0.201394E+05 0.417059E+04 0.662592E+04 0.20709E+00 0.30772E+00
 0.88730E+00 0.97500E+01 0.00000E+00 0.00000E+00 -.245725E-03 -.245766E-03 -.100384E-02 0.140702E-05 -.201133E+01 -.201146E+01 -.199805E+02 0.844575E-02 -.199805E+02 -.201146E+01 -.201133E+01 0.201012E+05 0.416761E+04 0.661591E+04 0.20733E+00 0.30777E+00
 0.88730E+00 0.10331E+02 0.00000E+00 0.00000E+00 -.245367E-03 -.245404E-03 -.100587E-02 0.863706E-06 -.200874E+01 -.200885E+01 -.200012E+02 0.517979E-02 -.200012E+02 -.200885E+01 -.200874E+01 0.200833E+05 0.416369E+04 0.661085E+04 0.20732E+00 0.30778E+00
 0.11127E+01 0.91691E+01 0.00000E+00 0.00000E+00 -.246089E-03 -.246163E-03 -.100209E-02 0.247883E-05 -.201215E+01 -.201238E+01 -.199877E+02 0.149068E-01 -.199877E+02 -.201238E+01 -.201214E+01 0.201415E+05 0.416689E+04 0.662614E+04 0.20688E+00 0.30769E+00
 0.11127E+01 0.97500E+01 0.00000E+00 0.00000E+00 -.245702E-03 -.245756E-03 -.100406E-02 0.162885E-05 -.201065E+01 -.201081E+01 -.199884E+02 0.977862E-02 -.199884E+02 -.201081E+01 -.201064E+01 0.201051E+05 0.416599E+04 0.661689E+04 0.20721E+00 0.30775E+00
 0.11127E+01 0.10331E+02 0.00000E+00 0.00000E+00 -.245314E-03 -.245391E-03 -.100603E-02 0.106161E-05 -.200714E+01 -.200738E+01 -.200063E+02 0.636696E-02 -.200063E+02 -.200738E+01 -.200714E+01 0.200854E+05 0.416078E+04 0.661093E+04 0.20715E+00 0.30776E+00
 0.15000E+01 0.91691E+01 0.00000E+00 0.00000E+00 -.245999E-03 -.246133E-03 -.100268E-02 0.230418E-05 -.200842E+01 -.200884E+01 -.200017E+02 0.138565E-01 -.200017E+02 -.200884E+01 -.200841E+01 0.201453E+05 0.415948E+04 0.662655E+04 0.20647E+00 0.30764E+00
 0.15000E+01 0.97500E+01 0.00000E+00 0.00000E+00 -.245634E-03 -.245733E-03 -.100446E-02 0.151401E-05 -.200794E+01 -.200824E+01 -.199965E+02 0.908859E-02 -.199965E+02 -.200824E+01 -.200793E+01 0.201064E+05 0.416070E+04 0.661687E+04 0.20693E+00 0.30772E+00
 0.15000E+01 0.10331E+02 0.00000E+00 0.00000E+00 -.245268E-03 -.245365E-03 -.100624E-02 0.100660E-05 -.200492E+01 -.200523E+01 -.200043E+02 0.603498E-02 -.200043E+02 -.200523E+01 -.200492E+01 0.200804E+05 0.415674E+04 0.660950E+04 0.20701E+00 0.30774E+00
 0.18873E+01 0.91691E+01 0.00000E+00 0.00000E+00 -.245910E-03 -.246096E-03 -.100322E-02 0.211500E-05 -.200481E+01 -.200539E+01 -.200125E+02 0.127175E-01 -.200125E+02 -.200539E+01 -.200480E+01 0.201467E+05 0.415238E+04 0.662646E+04 0.20611E+00 0.30760E+00
 0.18873E+01 0.97500E+01 0.00000E+00 0.00000E+00 -.245566E-03 -.245706E-03 -.100482E-02 0.138466E-05 -.200525E+01 -.200569E+01 -.200012E+02 0.831060E-02 -.200012E+02 -.200569E+01 -.200525E+01 0.201052E+05 0.415557E+04 0.661629E+04 0.20669E+00 0.30769E+00
 0.18873E+01 0.10331E+02 0.00000E+00 0.00000E+00 -.245221E-03 -.245340E-03 -.100641E-02 0.937067E-06 -.200281E+01 -.200318E+01 -.199988E+02 0.561554E-02 -.199988E+02 -.200318E+01 -.200281E+01 0.200728E+05 0.415298E+04 0.660752E+04 0.20690E+00 0.30773E+00
 0.21127E+01 0.91691E+01 0.00000E+00 0.00000E+00 -.245866E-03 -.246074E-03 -.100347E-02 0.191157E-05 -.200299E+01 -.200363E+01 -.200114E+02 0.114906E-01 -.200114E+02 -.200363E+01 -.200298E+01 0.201420E+05 0.414887E+04 0.662532E+04 0.20598E+00 0.30758E+00
 0.21127E+01 0.97500E+01 0.00000E+00 0.00000E+00 -.245545E-03 -.245690E-03 -.100502E-02 0.133883E-05 -.200524E+01 -.200569E+01 -.200184E+02 0.804033E-02 -.200184E+02 -.200569E+01 -.200524E+01 0.201177E+05 0.415519E+04 0.661914E+04 0.20654E+00 0.30767E+00
 0.21127E+01 0.10331E+02 0.00000E+00 0.00000E+00 -.245223E-03 -.245328E-03 -.100657E-02 0.706230E-06 -.200339E+01 -.200371E+01 -.200220E+02 0.423612E-02 -.200220E+02 -.200371E+01 -.200339E+01 0.200914E+05 0.415370E+04 0.661172E+04 0.20674E+00 0.30771E+00
 0.25000E+01 0.91691E+01 0.00000E+00 0.00000E+00 -.245801E-03 -.246036E-03 -.100373E-02 0.125296E-05 -.200099E+01 -.200172E+01 -.200082E+02 0.752840E-02 -.200082E+02 -.200172E+01 -.200099E+01 0.201351E+05 0.414512E+04 0.662363E+04 0.20587E+00 0.30757E+00
 0.25000E+01 0.97500E+01 0.00000E+00 0.00000E+00 -.245508E-03 -.245664E-03 -.100532E-02 0.837782E-06 -.200250E+01 -.200299E+01 -.200106E+02 0.502776E-02 -.200106E+02 -.200299E+01 -.200250E+01 0.201062E+05 0.414999E+04 0.661635E+04 0.20640E+00 0.30766E+00
 0.25000E+01 0.10331E+02 0.00000E+00 0.00000E+00 -.245213E-03 -.245311E-03 -.100691E-02 0.362735E-06 -.199938E+01 -.199968E+01 -.200053E+02 0.217319E-02 -.200053E+02 -.199968E+01 -.199937E+01 0.200712E+05 0.414619E+04 0.660679E+04 0.20657E+00 0.30770E+00
 0.28873E+01 0.91691E+01 0.00000E+00 0.00000E+00 -.245737E-03 -.246001E-03 -.100388E-02 0.575997E-06 -.199993E+01 -.200075E+01 -.199941E+02 0.345812E-02 -.199941E+02 -.200075E+01 -.199993E+01 0.201201E+05 0.414317E+04 0.662056E+04 0.20592E+00 0.30759E+00
 0.28873E+01 0.97500E+01 0.00000E+00 0.00000E+00 -.245471E-03 -.245641E-03 -.100551E-02 0.318378E-06 -.200052E+01 -.200105E+01 -.199883E+02 0.190831E-02 -.199883E+02 -.200105E+01 -.200052E+01 0.200832E+05 0.414632E+04 0.661147E+04 0.20646E+00 0.30767E+00
 0.28873E+01 0.10331E+02 0.00000E+00 0.00000E+00 -.245204E-03 -.245297E-03 -.100714E-02 0.888953E-09 -.199629E+01 -.199658E+01 -.199762E+02 0.531717E-05 -.199762E+02 -.199658E+01 -.199629E+01 0.200415E+05 0.414048E+04 0.660023E+04 0.20660E+00 0.30771E+00
 0.11270E+00 0.10669E+02 0.00000E+00 0.00000E+00 -.245255E-03 -.245260E-03 -.100588E-02 0.935656E-07 -.202049E+01 -.202050E+01 -.199824E+02 0.560859E-03 -.199824E+02 -.202050E+01 -.202049E+01 0.200640E+05 0.418617E+04 0.660984E+04 0.20864E+00 0.30795E+00
 0.11270E+00 0.11250E+02 0.00000E+00 0.00000E+00 -.245057E-03 -.245064E-03 -.100915E-02 0.172663E-06 -.200587E+01 -.200589E+01 -.200146E+02 0.103305E-02 -.200146E+02 -.200589E+01 -.200587E+01 0.200342E+05 0.416128E+04 0.659762E+04 0.20771E+00 0.30786E+00
 0.11270E+00 0.11831E+02 0.00000E+00 0.00000E+00 -.244972E-03 -.244981E-03 -.101242E-02 0.157983E-06 -.198905E+01 -.198908E+01 -.199775E+02 0.940371E-03 -.199775E+02 -.198908E+01 -.198905E+01 0.199480E+05 0.412920E+04 0.657718E+04 0.20700E+00 0.30781E+00
 0.50000E+00 0.10669E+02 0.00000E+00 0.00000E+00 -.245220E-03 -.245243E-03 -.100581E-02 0.352365E-06 -.202089E+01 -.202096E+01 -.199794E+02 0.211207E-02 -.199794E+02 -.202096E+01 -.202089E+01 0.200624E+05 0.418716E+04 0.660959E+04 0.20871E+00 0.30795E+00
 0.50000E+00 0.11250E+02 0.00000E+00 0.00000E+00 -.245010E-03 -.245040E-03 -.100914E-02 0.268913E-06 -.200534E+01 -.200544E+01 -.200150E+02 0.160895E-02 -.200150E+02 -.200544E+01 -.200534E+01 0.200345E+05 0.416053E+04 0.659744E+04 0.20767E+00 0.30785E+00
 0.50000E+00 0.11831E+02 0.00000E+00 0.00000E+00 -.244912E-03 -.244951E-03 -.101248E-02 0.916847E-07 -.198807E+01 -.198819E+01 -.199859E+02 0.545913E-03 -.199859E+02 -.198819E+01 -.198807E+01 0.199545E+05 0.412754E+04 0.657813E+04 0.20685E+00 0.30779E+00
 0.88730E+00 0.10669E+02 0.00000E+00 0.00000E+00 -.245186E-03 -.245226E-03 -.100580E-02 0.619759E-06 -.202137E+01 -.202149E+01 -.199791E+02 0.371488E-02 -.199791E+02 -.202149E+01 -.202137E+01 0.200624E+05 0.418812E+04 0.660981E+04 0.20875E+00 0.30796E+00
 0.88730E+00 0.11250E+02 0.00000E+00 0.00000E+00 -.244962E-03 -.245016E-03 -.100919E-02 0.373759E-06 -.200473E+01 -.200490E+01 -.200165E+02 0.223629E-02 -.200165E+02 -.200490E+01 -.200473E+01 0.200351E+05 0.415949E+04 0.659742E+04 0.20761E+00 0.30784E+00
 0.88730E+00 0.11831E+02 0.00000E+00 0.00000E+00 -.244852E-03 -.244921E-03 -.101259E-02 0.339816E-07 -.198700E+01 -.198721E+01 -.199955E+02 0.202397E-03 -.199955E+02 -.198721E+01 -.198700E+01 0.199612E+05 0.412557E+04 0.657920E+04 0.20668E+00 0.30777E+00
 0.11127E+01 0.10669E+02 0.00000E+00 0.00000E+00 -.245145E-03 -.245214E-03 -.100590E-02 0.647432E-06 -.201980E+01 -.202001E+01 -.199825E+02 0.388083E-02 -.199825E+02 -.202001E+01 -.201980E+01 0.200637E+05 0.418536E+04 0.660961E+04 0.20860E+00 0.30794E+00
 0.11127E+01 0.11250E+02 0.00000E+00 0.00000E+00 -.244945E-03 -.245004E-03 -.100923E-02 0.176343E-06 -.200418E+01 -.200437E+01 -.200145E+02 0.105496E-02 -.200145E+02 -.200437E+01 -.200418E+01 0.200328E+05 0.415856E+04 0.659683E+04 0.20759E+00 0.30784E+00
 0.11127E+01 0.11831E+02 0.00000E+00 0.00000E+00 -.244725E-03 -.244895E-03 -.101255E-02 0.159185E-06 -.198615E+01 -.198667E+01 -.199942E+02 0.948088E-03 -.199942E+02 -.198667E+01 -.198615E+01 0.199604E+05 0.412447E+04 0.657863E+04 0.20663E+00 0.30776E+00
 0.15000E+01 0.10669E+02 0.00000E+00 0.00000E+00 -.245094E-03 -.245189E-03 -.100625E-02 0.489867E-06 -.201675E+01 -.201705E+01 -.199958E+02 0.293697E-02 -.199958E+02 -.201705E+01 -.201675E+01 0.200703E+05 0.417958E+04 0.661033E+04 0.20825E+00 0.30790E+00
 0.15000E+01 0.11250E+02 0.00000E+00 0.00000E+00 -.244853E-03 -.244977E-03 -.100927E-02 0.492585E-08 -.200354E+01 -.200392E+01 -.200186E+02 0.294727E-04 -.200186E+02 -.200392E+01 -.200354E+01 0.200357E+05 0.415763E+04 0.659726E+04 0.20751E+00 0.30783E+00
 0.15000E+01 0.11831E+02 0.00000E+00 0.00000E+00 -.244592E-03 -.244834E-03 -.101230E-02 -.260846E-07 -.198668E+01 -.198742E+01 -.199791E+02 -.155294E-03 -.199791E+02 -.198742E+01 -.198668E+01 0.199507E+05 0.412622E+04 0.657645E+04 0.20682E+00 0.30779E+00
 0.18873E+01 0.10669E+02 0.00000E+00 0.00000E+00 -.245042E-03 -.245164E-03 -.100661E-02 0.359338E-06 -.201340E+01 -.201378E+01 -.200061E+02 0.215448E-02 -.200061E+02 -.201378E+01 -.201340E+01 0.200740E+05 0.417324E+04 0.661037E+04 0.20789E+00 0.30785E+00
 0.18873E+01 0.11250E+02 0.00000E+00 0.00000E+00 -.244760E-03 -.244942E-03 -.100933E-02 -.139456E-06 -.200283E+01 -.200339E+01 -.200256E+02 -.834618E-03 -.200256E+02 -.200339E+01 -.200283E+01 0.200410E+05 0.415655E+04 0.659815E+04 0.20740E+00 0.30782E+00
 0.18873E+01 0.11831E+02 0.00000E+00 0.00000E+00 -.244459E-03 -.244771E-03 -.101205E-02 -.184318E-06 -.198724E+01 -.198820E+01 -.199682E+02 -.109708E-02 -.199682E+02 -.198820E+01 -.198724E+01 0.199444E+05 0.412800E+04 0.657499E+04 0.20698E+00 0.30781E+00
 0.21127E+01 0.10669E+02 0.00000E+00 0.00000E+00 -.245000E-03 -.245149E-03 -.100686E-02 -.206167E-07 -.200948E+01 -.200994E+01 -.199907E+02 -.123484E-03 -.199907E+02 -.200994E+01 -.200948E+01 0.200563E+05 0.416618E+04 0.660582E+04 0.20772E+00 0.30784E+00
 0.21127E+01 0.11250E+02 0.00000E+00 0.00000E+00 -.244660E-03 -.244917E-03 -.100939E-02 -.616079E-06 -.200062E+01 -.200141E+01 -.200196E+02 -.368577E-02 -.200196E+02 -.200141E+01 -.200062E+01 0.200346E+05 0.415295E+04 0.659609E+04 0.20729E+00 0.30781E+00
 0.21127E+01 0.11831E+02 0.00000E+00 0.00000E+00 -.244483E-03 -.244738E-03 -.101192E-02 -.676652E-06 -.199180E+01 -.199259E+01 -.200020E+02 -.403473E-02 -.200020E+02 -.199259E+01 -.199180E+01 0.199770E+05 0.413602E+04 0.658302E+04 0.20704E+00 0.30780E+00
 0.25000E+01 0.10669E+02 0.00000E+00 0.00000E+00 -.244988E-03 -.245125E-03 -.100723E-02 -.161379E-06 -.200534E+01 -.200576E+01 -.199832E+02 -.965814E-03 -.199832E+02 -.200576E+01 -.200534E+01 0.200439E+05 0.415838E+04 0.660240E+04 0.20746E+00 0.30782E+00
 0.25000E+01 0.11250E+02 0.00000E+00 0.00000E+00 -.244615E-03 -.244874E-03 -.100940E-02 -.619195E-06 -.200005E+01 -.200085E+01 -.200174E+02 -.370398E-02 -.200174E+02 -.200085E+01 -.200005E+01 0.200324E+05 0.415210E+04 0.659544E+04 0.20727E+00 0.30781E+00
 0.25000E+01 0.11831E+02 0.00000E+00 0.00000E+00 -.244403E-03 -.244692E-03 -.101157E-02 -.542122E-06 -.199448E+01 -.199537E+01 -.199959E+02 -.323299E-02 -.199959E+02 -.199537E+01 -.199448E+01 0.199767E+05 0.414153E+04 0.658343E+04 0.20732E+00 0.30784E+00
 0.28873E+01 0.10669E+02 0.00000E+00 0.00000E+00 -.244977E-03 -.245106E-03 -.100743E-02 -.279247E-06 -.200467E+01 -.200507E+01 -.199814E+02 -.167075E-02 -.199814E+02 -.200507E+01 -.200467E+01 0.200394E+05 0.415683E+04 0.660169E+04 0.20743E+00 0.30781E+00
 0.28873E+01 0.11250E+02 0.00000E+00 0.00000E+00 -.244569E-03 -.244836E-03 -.100924E-02 -.599418E-06 -.200049E+01 -.200132E+01 -.199980E+02 -.358311E-02 -.199980E+02 -.200132E+01 -.200049E+01 0.200174E+05 0.415336E+04 0.659241E+04 0.20749E+00 0.30784E+00
 0.28873E+01 0.11831E+02 0.00000E+00 0.00000E+00 -.244323E-03 -.244648E-03 -.101106E-02 -.384698E-06 -.199859E+01 -.199960E+01 -.199832E+02 -.229426E-02 -.199832E+02 -.199960E+01 -.199859E+01 0.199732E+05 0.414990E+04 0.658349E+04 0.20777E+00 0.30789E+00
