HD1 Triaxial Test Specimen (Allen, 1973) 
24,95,23
1
1
BASE
20000.,7000.,0.3,0.1,0.15,0.35,0.,0.,-0.0799,45.,15.,0.
8,3,0,0.,0.
1.5,1.5,1.5,1.5,1.5,1.5,1.5,1.5
1.,1.,1.
1,24,1
0,0,0
12
4,6,7,9,10,12,13,15,16,18,19,21
5,5,1.,0.3,0.15
1
1,2,2318.,0.640,0.065,287.,3.416,-2.808
0,0
10
3
0.,0.,-2.,0.,0.,0.,0.,0.
6
0.,0.,-2.,0.,0.,0.,0.,0.
9
0.,0.,-2.,0.,0.,0.,0.,0.
12
0.,0.,-2.,0.,0.,0.,0.,0.
15
0.,0.,-2.,0.,0.,0.,0.,0.
18
0.,0.,-2.,0.,0.,0.,0.,0.
21
0.,0.,-2.,0.,0.,0.,0.,0.
22
0.,0.,0.,0.,0.,-20.,0.,0.
23
0.,0.,0.,0.,0.,-20.,0.,0.
24
0.,0.,-2.,0.,0.,-20.,0.,0.
0
1,1,1,0.,0.
2,1,1,0.,0.
3,1,1,0.,0.
4,1,1,0.,0.
5,1,1,0.,0.
6,1,1,0.,0.
7,1,1,0.,0.
8,1,0,0.,0.
12,1,0,0.,0.
19,1,0,0.,0.
23,1,0,0.,0.
30,1,0,0.,0.
34,1,0,0.,0.
41,1,0,0.,0.
45,1,0,0.,0.
52,1,0,0.,0.
56,1,0,0.,0.
63,1,0,0.,0.
67,1,0,0.,0.
74,1,0,0.,0.
78,1,0,0.,0.
85,1,0,0.,0.
89,1,0,0.,0.
0
1
1,95,1,24