GEORGIA TECH TEST PIT GRID  FINE MESH (ELASTIC/ANISOTROPIC RUN)
378,1217,137
7
0,1,1,1,0,0,0
AC
250000,0.35,0.,0.,-0.0856
BASE
53960,18867,0.15,0.43,0.79577,0.34965,0.,0.,-0.0804
BASE
38000,13287,0.15,0.43,0.08521,0.34965,0.,0.,-0.0804
BASE
31084,10719,0.10,0.45,0.02775,0.34483,0.,0.,-0.0804
SUBGRADE
3000.,0.40,0.,0.,-0.0607
SUBGRADE
6000.,0.40,0.,0.,-0.0607
SUBGRADE
15000.,0.40,0.,0.,-0.0607
27,14,0,0.,0.
10.,10.,7.,7.,4.,4.,2.5,2.5,1.5,1.5,0.2,0.65,0.65,0.65,0.65,0.65,0.65,0.65,0.65,0.65,0.65,0.65,0.65,0.2,1.1,1.1,1.1
0.7,0.7,1.575,1.575,2.5,2.5,4.,4.,7.5,7.5,10.,10.,12.5,12.5
1,28,7
29,112,6
113,140,5
141,210,4
211,266,3
267,322,2
323,378,1
0,0,0
4
127,141,309,323
5,10,1.,0.5,0.15
1,3633.,0.90,-0.05,9067.,0.89,-0.4525,2740.,2.1
0,0
4
365
0.,0.,0.,0.,0.,-100.,0.,0.
366
0.,0.,0.,0.,0.,-100.,0.,0.
367
0.,0.,0.,0.,0.,-100.,0.,0.
368
0.,0.,0.,0.,0.,-100.,0.,0.
0
1,1,1,0.,0.
2,1,1,0.,0.
3,1,1,0.,0.
4,1,1,0.,0.
5,1,1,0.,0.
6,1,1,0.,0.
7,1,1,0.,0.
8,1,1,0.,0.
9,1,1,0.,0.
10,1,1,0.,0.
11,1,1,0.,0.
12,1,1,0.,0.
13,1,1,0.,0.
14,1,1,0.,0.
15,1,1,0.,0.
16,1,1,0.,0.
17,1,1,0.,0.
18,1,1,0.,0.
19,1,1,0.,0.
20,1,1,0.,0.
21,1,1,0.,0.
22,1,1,0.,0.
23,1,1,0.,0.
24,1,1,0.,0.
25,1,1,0.,0.
26,1,1,0.,0.
27,1,1,0.,0.
28,1,1,0.,0.
29,1,1,0.,0.
30,1,0,0.,0.
44,1,0,0.,0.
45,1,0,0.,0.
73,1,0,0.,0.
74,1,0,0.,0.
88,1,0,0.,0.
89,1,0,0.,0.
117,1,0,0.,0.
118,1,0,0.,0.
132,1,0,0.,0.
133,1,0,0.,0.
161,1,0,0.,0.
162,1,0,0.,0.
176,1,0,0.,0.
177,1,0,0.,0.
205,1,0,0.,0.
206,1,0,0.,0.
220,1,0,0.,0.
221,1,0,0.,0.
249,1,0,0.,0.
250,1,0,0.,0.
264,1,0,0.,0.
265,1,0,0.,0.
293,1,0,0.,0.
294,1,0,0.,0.
308,1,0,0.,0.
309,1,0,0.,0.
337,1,0,0.,0.
338,1,0,0.,0.
352,1,0,0.,0.
353,1,0,0.,0.
381,1,0,0.,0.
382,1,0,0.,0.
396,1,0,0.,0.
397,1,0,0.,0.
425,1,0,0.,0.
426,1,0,0.,0.
440,1,0,0.,0.
441,1,0,0.,0.
469,1,0,0.,0.
470,1,0,0.,0.
484,1,0,0.,0.
485,1,0,0.,0.
513,1,0,0.,0.
514,1,0,0.,0.
528,1,0,0.,0.
529,1,0,0.,0.
557,1,0,0.,0.
558,1,0,0.,0.
572,1,0,0.,0.
573,1,0,0.,0.
601,1,0,0.,0.
602,1,0,0.,0.
616,1,0,0.,0.
617,1,0,0.,0.
645,1,0,0.,0.
646,1,0,0.,0.
660,1,0,0.,0.
661,1,0,0.,0.
689,1,0,0.,0.
690,1,0,0.,0.
704,1,0,0.,0.
705,1,0,0.,0.
733,1,0,0.,0.
734,1,0,0.,0.
748,1,0,0.,0.
749,1,0,0.,0.
777,1,0,0.,0.
778,1,0,0.,0.
792,1,0,0.,0.
793,1,0,0.,0.
821,1,0,0.,0.
822,1,0,0.,0.
836,1,0,0.,0.
837,1,0,0.,0.
865,1,0,0.,0.
866,1,0,0.,0.
880,1,0,0.,0.
881,1,0,0.,0.
909,1,0,0.,0.
910,1,0,0.,0.
924,1,0,0.,0.
925,1,0,0.,0.
953,1,0,0.,0.
954,1,0,0.,0.
968,1,0,0.,0.
969,1,0,0.,0.
997,1,0,0.,0.
998,1,0,0.,0.
1012,1,0,0.,0.
1013,1,0,0.,0.
1041,1,0,0.,0.
1042,1,0,0.,0.
1056,1,0,0.,0.
1057,1,0,0.,0.
1085,1,0,0.,0.
1086,1,0,0.,0.
1100,1,0,0.,0.
1101,1,0,0.,0.
1129,1,0,0.,0.
1130,1,0,0.,0.
1144,1,0,0.,0.
1145,1,0,0.,0.
1173,1,0,0.,0.
1174,1,0,0.,0.
1188,1,0,0.,0.
1189,1,0,0.,0.
1217,1,0,0.,0.
0
0