 TITLE ="GEORGIA TECH TEST PIT GRID                                                      "
 VARIABLES = "R","Z","DISP_R","DISP_Z","EPSR","EPSTH","EPSZ","EPSRZ","SIGMAR","SIGMATH","SIGMAZ","SIGMARZ"
 ZONE T="GEOMETRY & DISP", N=  475, E=  140, F=FEPOINT, ET=QUADRILATERAL
  0.00000000  0.00000000  0.00000000  0.00000000     0.0000000     0.0000000    -0.0001600     0.0000000    -3.4283216    -3.4283216    -5.1424821     0.0000000
  0.69999999  0.00000000  0.00000000  0.00000000     0.0000000     0.0000000    -0.0001600     0.0000019    -3.4285920    -3.4285920    -5.1428877     0.0101984
  1.39999998  0.00000000  0.00000000  0.00000000     0.0000000     0.0000000    -0.0001600     0.0000038    -3.4275813    -3.4275813    -5.1413717     0.0203794
  2.97499990  0.00000000  0.00000000  0.00000000     0.0000000     0.0000000    -0.0001599     0.0000081    -3.4268061    -3.4268061    -5.1402088     0.0431716
  4.55000019  0.00000000  0.00000000  0.00000000     0.0000000     0.0000000    -0.0001596     0.0000122    -3.4196984    -3.4196984    -5.1295473     0.0656038
  7.05000019  0.00000000  0.00000000  0.00000000     0.0000000     0.0000000    -0.0001592     0.0000187    -3.4115327    -3.4115327    -5.1172987     0.1001661
  9.55000019  0.00000000  0.00000000  0.00000000     0.0000000     0.0000000    -0.0001582     0.0000248    -3.3893389    -3.3893389    -5.0840080     0.1327429
 13.55000019  0.00000000  0.00000000  0.00000000     0.0000000     0.0000000    -0.0001569     0.0000335    -3.3629641    -3.3629641    -5.0444459     0.1792201
 17.54999924  0.00000000  0.00000000  0.00000000     0.0000000     0.0000000    -0.0001546     0.0000406    -3.3136514    -3.3136514    -4.9704767     0.2176223
 25.04999924  0.00000000  0.00000000  0.00000000     0.0000000     0.0000000    -0.0001493     0.0000487    -3.2002024    -3.2002024    -4.8003034     0.2606459
 32.54999924  0.00000000  0.00000000  0.00000000     0.0000000     0.0000000    -0.0001447     0.0000512    -3.1012572    -3.1012572    -4.6518855     0.2745351
 42.54999924  0.00000000  0.00000000  0.00000000     0.0000000     0.0000000    -0.0001362     0.0000449    -2.9183531    -2.9183531    -4.3775294     0.2405411
 52.54999924  0.00000000  0.00000000  0.00000000     0.0000000     0.0000000    -0.0001324     0.0000344    -2.8365984    -2.8365984    -4.2548974     0.1841166
 65.05000305  0.00000000  0.00000000  0.00000000     0.0000000     0.0000000    -0.0001275     0.0000170    -2.7312627    -2.7312627    -4.0968938     0.0908738
 77.55000305  0.00000000  0.00000000  0.00000000     0.0000000     0.0000000    -0.0001268     0.0000000    -2.7177139    -2.7177139    -4.0765706     0.0000000
  0.00000000 10.00000000  0.00000000 -0.00171254     0.0000249     0.0000249    -0.0001825    -0.0000002    -2.5748277    -2.5748277    -4.7976621    -0.0010831
  1.39999998 10.00000000  0.00003486 -0.00171163     0.0000249     0.0000249    -0.0001824     0.0000044    -2.5743583    -2.5742902    -4.7950395     0.0234883
  4.55000019 10.00000000  0.00011205 -0.00170279     0.0000241     0.0000246    -0.0001810     0.0000144    -2.5742511    -2.5690800    -4.7719262     0.0771707
  9.55000019 10.00000000  0.00022568 -0.00167069     0.0000213     0.0000236    -0.0001760     0.0000288    -2.5809876    -2.5555962    -4.6941696     0.1545429
 17.54999924 10.00000000  0.00036576 -0.00158574     0.0000133     0.0000208    -0.0001625     0.0000462    -2.6092115    -2.5280956    -4.4925755     0.2474416
 32.54999924 10.00000000  0.00044897 -0.00138893    -0.0000026     0.0000138    -0.0001331     0.0000517    -2.6394502    -2.4637649    -4.0372110     0.2769779
 52.54999924 10.00000000  0.00029515 -0.00120151    -0.0000120     0.0000056    -0.0001079     0.0000301    -2.5786923    -2.3897399    -3.6062799     0.1611893
 77.55000305 10.00000000  0.00000000 -0.00113212    -0.0000115     0.0000000    -0.0000996    -0.0000007    -2.5023570    -2.3796535    -3.4467765    -0.0034892
  0.00000000 20.00000000  0.00000000 -0.00365040     0.0000453     0.0000453    -0.0003136     0.0000004    -2.3062895    -2.3062895    -4.6496061     0.0015224
  0.69999999 20.00000000  0.00003171 -0.00364952     0.0000452     0.0000453    -0.0003136     0.0000062    -2.3078141    -2.3074644    -4.6497950     0.0186383
  1.39999998 20.00000000  0.00006335 -0.00364744     0.0000452     0.0000452    -0.0003133     0.0000126    -2.3055736    -2.3053300    -4.6454757     0.0381754
  2.97499990 20.00000000  0.00013398 -0.00363640     0.0000444     0.0000450    -0.0003122     0.0000260    -2.3103456    -2.3057402    -4.6361935     0.0784801
  4.55000019 20.00000000  0.00020327 -0.00361946     0.0000437     0.0000447    -0.0003099     0.0000395    -2.3051855    -2.2975162    -4.6113376     0.1196965
  7.05000019 20.00000000  0.00030891 -0.00357597     0.0000408     0.0000438    -0.0003052     0.0000589    -2.3168993    -2.2940636    -4.5684599     0.1778937
  9.55000019 20.00000000  0.00040714 -0.00351938     0.0000379     0.0000426    -0.0002982     0.0000773    -2.3095905    -2.2740156    -4.4945386     0.2343571
 13.55000019 20.00000000  0.00054394 -0.00339550     0.0000304     0.0000401    -0.0002849     0.0000995    -2.3286414    -2.2558160    -4.3646612     0.3009345
 17.54999924 20.00000000  0.00065060 -0.00325020     0.0000227     0.0000371    -0.0002691     0.0001167    -2.3352390    -2.2275392    -4.2067313     0.3536587
 25.04999924 20.00000000  0.00076516 -0.00294895     0.0000080     0.0000305    -0.0002336     0.0001214    -2.2993692    -2.1304564    -3.8285903     0.3680131
 32.54999924 20.00000000  0.00077096 -0.00266123    -0.0000060     0.0000237    -0.0002049     0.0001133    -2.3159017    -2.0932977    -3.5390830     0.3421702
 42.54999924 20.00000000  0.00067397 -0.00236268    -0.0000139     0.0000158    -0.0001725     0.0000845    -2.1969261    -1.9739864    -3.1538267     0.2576164
 52.54999924 20.00000000  0.00049324 -0.00215854    -0.0000213     0.0000094    -0.0001528     0.0000541    -2.1857919    -1.9552815    -2.9487982     0.1634511
 65.05000305 20.00000000  0.00024220 -0.00203242    -0.0000197     0.0000037    -0.0001411     0.0000249    -2.0846130    -1.9087158    -2.7849122     0.0756475
 77.55000305 20.00000000  0.00000000 -0.00199196    -0.0000190     0.0000000    -0.0001369    -0.0000002    -2.0666218    -1.9239558    -2.7432676    -0.0007134
  0.00000000 25.00000000  0.00000000 -0.00590079     0.0000903     0.0000903    -0.0004779    -0.0000002    -2.1613181    -2.1613181    -4.5966229    -0.0004253
  1.39999998 25.00000000  0.00012609 -0.00589458     0.0000900     0.0000901    -0.0004771     0.0000201    -2.1603824    -2.1601765    -4.5909812     0.0431489
  4.55000019 25.00000000  0.00040316 -0.00583691     0.0000859     0.0000886    -0.0004695     0.0000644    -2.1602277    -2.1485669    -4.5402921     0.1379422
  9.55000019 25.00000000  0.00079600 -0.00563321     0.0000709     0.0000834    -0.0004429     0.0001245    -2.1710190    -2.1174774    -4.3729311     0.2668351
 17.54999924 25.00000000  0.00122627 -0.00511824     0.0000342     0.0000699    -0.0003793     0.0001796    -2.2130374    -2.0599729    -3.9849903     0.3847599
 32.54999924 25.00000000  0.00132712 -0.00404413    -0.0000189     0.0000408    -0.0002649     0.0001556    -2.1639450    -1.9081244    -3.2179425     0.3333549
 52.54999924 25.00000000  0.00076436 -0.00319113    -0.0000350     0.0000145    -0.0001909     0.0000668    -1.9617962    -1.7495224    -2.6301920     0.1430988
 77.55000305 25.00000000  0.00000000 -0.00292489    -0.0000276     0.0000000    -0.0001717    -0.0000005    -1.8264993    -1.7083790    -2.4444481    -0.0010422
  0.00000000 30.00000000  0.00000000 -0.00842968     0.0001275     0.0001275    -0.0005314     0.0000003    -1.8222328    -1.8222328    -4.6458876     0.0005905
  0.69999999 30.00000000  0.00008911 -0.00842684     0.0001271     0.0001273    -0.0005310     0.0000127    -1.8264093    -1.8255453    -4.6469683     0.0272740
  1.39999998 30.00000000  0.00017794 -0.00841870     0.0001270     0.0001271    -0.0005301     0.0000259    -1.8213722    -1.8209426    -4.6374748     0.0555016
  2.97499990 30.00000000  0.00037556 -0.00837923     0.0001236     0.0001262    -0.0005260     0.0000538    -1.8368244    -1.8257207    -4.6210717     0.1152394
  4.55000019 30.00000000  0.00056743 -0.00831408     0.0001203     0.0001247    -0.0005190     0.0000816    -1.8322513    -1.8135196    -4.5722050     0.1747628
  7.05000019 30.00000000  0.00085410 -0.00815770     0.0001087     0.0001211    -0.0005027     0.0001187    -1.8732875    -1.8197328    -4.4932886     0.2544608
  9.55000019 30.00000000  0.00111070 -0.00794860     0.0000960     0.0001163    -0.0004810     0.0001541    -1.8915500    -1.8046348    -4.3645924     0.3301410
 13.55000019 30.00000000  0.00144002 -0.00752495     0.0000692     0.0001063    -0.0004378     0.0001848    -1.9510758    -1.7923479    -4.1239178     0.3960594
 17.54999924 30.00000000  0.00166461 -0.00704318     0.0000404     0.0000948    -0.0003919     0.0002088    -2.0264358    -1.7931664    -3.8792218     0.4474677
 25.04999924 30.00000000  0.00181737 -0.00610532     0.0000030     0.0000725    -0.0003076     0.0001904    -1.9763797    -1.6780965    -3.3071090     0.4080904
 32.54999924 30.00000000  0.00170886 -0.00530976    -0.0000312     0.0000525    -0.0002428     0.0001558    -2.0318273    -1.6732197    -2.9387168     0.3337897
 42.54999924 30.00000000  0.00136364 -0.00453926    -0.0000386     0.0000320    -0.0001899     0.0001033    -1.8492810    -1.5465906    -2.4979151     0.2214298
 52.54999924 30.00000000  0.00093727 -0.00406798    -0.0000448     0.0000178    -0.0001602     0.0000556    -1.7952236    -1.5269897    -2.2897867     0.1191717
 65.05000305 30.00000000  0.00043539 -0.00379236    -0.0000375     0.0000067    -0.0001460     0.0000243    -1.6760403    -1.4866807    -2.1410592     0.0519765
 77.55000305 30.00000000  0.00000000 -0.00370946    -0.0000322     0.0000000    -0.0001421    -0.0000011    -1.6319250    -1.4940453    -2.1031882    -0.0023086
  0.00000000 33.00000000  0.00000000 -0.01007895     0.0001504     0.0001504    -0.0005704     0.0000000    -1.6659965    -1.6659965    -4.7554371    -0.0000450
  1.39999998 33.00000000  0.00020981 -0.01006340     0.0001498     0.0001499    -0.0005688     0.0000332    -1.6644960    -1.6643878    -4.7443945     0.0710784
  4.55000019 33.00000000  0.00066749 -0.00991919     0.0001408     0.0001467    -0.0005535     0.0001045    -1.6769372    -1.6515631    -4.6524887     0.2238701
  9.55000019 33.00000000  0.00129332 -0.00942032     0.0001086     0.0001354    -0.0005023     0.0001937    -1.7490571    -1.6339689    -4.3672616     0.4150778
 17.54999924 33.00000000  0.00189845 -0.00821894     0.0000393     0.0001082    -0.0003907     0.0002456    -1.9159900    -1.6210178    -3.7591609     0.5262395
 32.54999924 33.00000000  0.00187383 -0.00601449    -0.0000384     0.0000576    -0.0002257     0.0001608    -1.9348993    -1.5234688    -2.7372889     0.3444777
 52.54999924 33.00000000  0.00099328 -0.00452428    -0.0000480     0.0000189    -0.0001437     0.0000484    -1.6869436    -1.4001707    -2.0970087     0.1036215
 77.55000305 33.00000000  0.00000000 -0.00411341    -0.0000335     0.0000000    -0.0001271    -0.0000014    -1.5199990    -1.3765062    -1.9212665    -0.0029032
  0.00000000 36.00000000  0.00000000 -0.01185232     0.0001751     0.0001751    -0.0006120     0.0000002    -1.4929039    -1.4929039    -4.8665540     0.0003270
  0.69999999 36.00000000  0.00012235 -0.01184707     0.0001744     0.0001748    -0.0006115     0.0000209    -1.5008345    -1.4992639    -4.8690259     0.0447010
  1.39999998 36.00000000  0.00024418 -0.01183154     0.0001742     0.0001744    -0.0006098     0.0000423    -1.4928068    -1.4918101    -4.8529218     0.0906803
  2.97499990 36.00000000  0.00051417 -0.01175793     0.0001682     0.0001728    -0.0006026     0.0000874    -1.5213397    -1.5013611    -4.8245399     0.1872478
  4.55000019 36.00000000  0.00077391 -0.01163517     0.0001619     0.0001701    -0.0005902     0.0001324    -1.5199106    -1.4846186    -4.7430037     0.2836418
  7.05000019 36.00000000  0.00115364 -0.01134553     0.0001417     0.0001636    -0.0005620     0.0001875    -1.5927705    -1.4988586    -4.6089227     0.4016936
  9.55000019 36.00000000  0.00148253 -0.01096265     0.0001194     0.0001552    -0.0005260     0.0002400    -1.6423564    -1.4888198    -4.4082795     0.5142496
 13.55000019 36.00000000  0.00187457 -0.01020874     0.0000786     0.0001383    -0.0004577     0.0002684    -1.7272354    -1.4711169    -4.0257256     0.5751631
 17.54999924 36.00000000  0.00211120 -0.00938754     0.0000354     0.0001203    -0.0003907     0.0002866    -1.8617337    -1.4980582    -3.6878579     0.6140822
 25.04999924 36.00000000  0.00219633 -0.00787566    -0.0000084     0.0000877    -0.0002829     0.0002315    -1.7820062    -1.3700571    -2.9583053     0.4961348
 32.54999924 36.00000000  0.00198455 -0.00666370    -0.0000463     0.0000610    -0.0002080     0.0001658    -1.8561856    -1.3963760    -2.5492932     0.3553500
 42.54999924 36.00000000  0.00151889 -0.00557029    -0.0000485     0.0000357    -0.0001541     0.0000970    -1.6388292    -1.2778851    -2.0913337     0.2078995
 52.54999924 36.00000000  0.00101408 -0.00493015    -0.0000501     0.0000193    -0.0001267     0.0000410    -1.5649068    -1.2675249    -1.8933661     0.0878817
 65.05000305 36.00000000  0.00046216 -0.00457513    -0.0000406     0.0000071    -0.0001148     0.0000171    -1.4442325    -1.2399421    -1.7621930     0.0367377
 77.55000305 36.00000000  0.00000000 -0.00447212    -0.0000334     0.0000000    -0.0001118    -0.0000018    -1.3878678    -1.2448003    -1.7241331    -0.0039428
  0.00000000 38.00000000  0.00000000 -0.01311753     0.0001936     0.0001936    -0.0006529     0.0000000    -1.4473049    -1.4473049    -5.0754913    -0.0000752
  1.39999998 38.00000000  0.00026977 -0.01309145     0.0001925     0.0001927    -0.0006502     0.0000509    -1.4456440    -1.4450358    -5.0572969     0.1089666
  4.55000019 38.00000000  0.00085244 -0.01285007     0.0001771     0.0001873    -0.0006250     0.0001584    -1.4734366    -1.4297077    -4.9110735     0.3394503
  9.55000019 38.00000000  0.00161415 -0.01203313     0.0001253     0.0001690    -0.0005444     0.0002809    -1.6066848    -1.4193015    -4.4768885     0.6018541
 17.54999924 38.00000000  0.00224545 -0.01016677     0.0000295     0.0001279    -0.0003863     0.0003165    -1.8352639    -1.4132180    -3.6169707     0.6781595
 32.54999924 38.00000000  0.00203073 -0.00706709    -0.0000515     0.0000624    -0.0001944     0.0001668    -1.7935973    -1.3056656    -2.4063853     0.3574561
 52.54999924 38.00000000  0.00100834 -0.00517292    -0.0000503     0.0000192    -0.0001162     0.0000355    -1.4785620    -1.1806340    -1.7608462     0.0761748
 77.55000305 38.00000000  0.00000000 -0.00468653    -0.0000327     0.0000000    -0.0001028    -0.0000020    -1.3007986    -1.1607841    -1.6011616    -0.0043428
  0.00000000 40.00000000  0.00000000 -0.01446408     0.0002141     0.0002141    -0.0006945     0.0000001    -1.3642357    -1.3642357    -5.2582949     0.0002501
  0.69999999 40.00000000  0.00014949 -0.01445608     0.0002130     0.0002136    -0.0006936     0.0000303    -1.3765041    -1.3740226    -5.2618087     0.0648446
  1.39999998 40.00000000  0.00029816 -0.01443223     0.0002126     0.0002130    -0.0006910     0.0000612    -1.3639117    -1.3624332    -5.2367424     0.1310675
  2.97499990 40.00000000  0.00062626 -0.01432082     0.0002032     0.0002105    -0.0006793     0.0001252    -1.4057931    -1.3744656    -5.1879968     0.2682790
  4.55000019 40.00000000  0.00093824 -0.01413505     0.0001932     0.0002062    -0.0006601     0.0001892    -1.4069176    -1.3510413    -5.0637703     0.4054704
  7.05000019 40.00000000  0.00138372 -0.01370249     0.0001630     0.0001963    -0.0006166     0.0002606    -1.5069331    -1.3643765    -4.8480920     0.5585345
  9.55000019 40.00000000  0.00175328 -0.01314031     0.0001299     0.0001836    -0.0005634     0.0003280    -1.5851356    -1.3550635    -4.5563675     0.7027959
 13.55000019 40.00000000  0.00216090 -0.01206238     0.0000766     0.0001595    -0.0004687     0.0003465    -1.6649285    -1.3099142    -4.0020020     0.7425390
 17.54999924 40.00000000  0.00236640 -0.01093259     0.0000217     0.0001348    -0.0003813     0.0003496    -1.8337346    -1.3488347    -3.5609147     0.7491937
 25.04999924 40.00000000  0.00235173 -0.00895812    -0.0000212     0.0000939    -0.0002588     0.0002601    -1.6858143    -1.1926360    -2.7039951     0.5574426
 32.54999924 40.00000000  0.00204849 -0.00744149    -0.0000568     0.0000629    -0.0001804     0.0001674    -1.7369620    -1.2238211    -2.2665970     0.3586762
 42.54999924 40.00000000  0.00151337 -0.00613667    -0.0000531     0.0000356    -0.0001293     0.0000896    -1.4859555    -1.1059793    -1.8124971     0.1920362
 52.54999924 40.00000000  0.00098661 -0.00539492    -0.0000499     0.0000188    -0.0001056     0.0000297    -1.3862847    -1.0918160    -1.6248760     0.0635556
 65.05000305 40.00000000  0.00044239 -0.00499651    -0.0000395     0.0000068    -0.0000959     0.0000117    -1.2707013    -1.0724219    -1.5123649     0.0250793
 77.55000305 40.00000000  0.00000000 -0.00488314    -0.0000313     0.0000000    -0.0000937    -0.0000023    -1.2060591    -1.0718392    -1.4735390    -0.0049970
  0.00000000 41.00000000  0.00000000 -0.01517270     0.0002253     0.0002253    -0.0007219     0.0000001    -1.3588034    -1.3588034    -5.4182923     0.0002189
  1.39999998 41.00000000  0.00031358 -0.01513692     0.0002237     0.0002240    -0.0007179     0.0000675    -1.3576479    -1.3563967    -5.3931818     0.1447304
  4.55000019 41.00000000  0.00098458 -0.01480638     0.0002016     0.0002164    -0.0006825     0.0002082    -1.4032204    -1.3397540    -5.1920334     0.4461601
  9.55000019 41.00000000  0.00182497 -0.01370909     0.0001313     0.0001911    -0.0005736     0.0003550    -1.5907275    -1.3342543    -4.6113559     0.7607495
 17.54999924 41.00000000  0.00242295 -0.01131290     0.0000167     0.0001381    -0.0003775     0.0003655    -1.8378617    -1.3178057    -3.5275465     0.7832813
 32.54999924 41.00000000  0.00204698 -0.00761842    -0.0000592     0.0000629    -0.0001731     0.0001662    -1.7051500    -1.1820165    -2.1931992     0.3561918
 52.54999924 41.00000000  0.00096949 -0.00549787    -0.0000494     0.0000184    -0.0001005     0.0000265    -1.3383336    -1.0475774    -1.5573425     0.0567947
 77.55000305 41.00000000  0.00000000 -0.00497469    -0.0000305     0.0000000    -0.0000895    -0.0000024    -1.1588238    -1.0282508    -1.4118032    -0.0052207
  0.00000000 42.00000000  0.00000000 -0.01590783     0.0002373     0.0002373    -0.0007484     0.0000001    -1.3298882    -1.3298882    -5.5540432     0.0002719
  0.69999999 42.00000000  0.00016556 -0.01589785     0.0002357     0.0002365    -0.0007473     0.0000370    -1.3473827    -1.3440787    -5.5604611     0.0792167
  1.39999998 42.00000000  0.00033003 -0.01586808     0.0002354     0.0002357    -0.0007440     0.0000746    -1.3301188    -1.3285788    -5.5274111     0.1599325
  2.97499990 42.00000000  0.00069219 -0.01572991     0.0002233     0.0002327    -0.0007290     0.0001517    -1.3830816    -1.3430165    -5.4645058     0.3251745
  4.55000019 42.00000000  0.00103350 -0.01549999     0.0002102     0.0002271    -0.0007042     0.0002289    -1.3870924    -1.3144021    -5.3060434     0.4905154
  7.05000019 42.00000000  0.00151263 -0.01496885     0.0001730     0.0002146    -0.0006494     0.0003095    -1.5022039    -1.3242060    -5.0266701     0.6632401
  9.55000019 42.00000000  0.00189862 -0.01428744     0.0001321     0.0001988    -0.0005839     0.0003842    -1.6030715    -1.3170127    -4.6715834     0.8232592
 13.55000019 42.00000000  0.00229913 -0.01300266     0.0000719     0.0001697    -0.0004716     0.0003926    -1.6635480    -1.2445040    -3.9928738     0.8412864
 17.54999924 42.00000000  0.00247382 -0.01168768     0.0000112     0.0001410    -0.0003735     0.0003824    -1.8498853    -1.2936343    -3.4985787     0.8194336
 25.04999924 42.00000000  0.00239048 -0.00945989    -0.0000291     0.0000954    -0.0002435     0.0002717    -1.6438993    -1.1101509    -2.5629005     0.5822225
 32.54999924 42.00000000  0.00203713 -0.00778760    -0.0000615     0.0000626    -0.0001656     0.0001651    -1.6739955    -1.1420490    -2.1198946     0.3538911
 42.54999924 42.00000000  0.00147513 -0.00638285    -0.0000544     0.0000347    -0.0001169     0.0000843    -1.4048889    -1.0230004    -1.6726361     0.1805697
 52.54999924 42.00000000  0.00094834 -0.00559592    -0.0000487     0.0000180    -0.0000954     0.0000233    -1.2886312    -1.0027222    -1.4888722     0.0498404
 65.05000305 42.00000000  0.00042118 -0.00517950    -0.0000379     0.0000065    -0.0000871     0.0000089    -1.1783790    -0.9880568    -1.3888840     0.0189678
 77.55000305 42.00000000  0.00000000 -0.00506213    -0.0000295     0.0000000    -0.0000853    -0.0000026    -1.1095016    -0.9832643    -1.3486592    -0.0055125
  0.00000000 43.00000000  0.00000000 -0.01667238     0.0002501     0.0002501    -0.0007808    -0.0000001    -1.3332854    -1.3332854    -5.7512817    -0.0001551
  1.39999998 43.00000000  0.00034768 -0.01662772     0.0002479     0.0002483    -0.0007757     0.0000828    -1.3330295    -1.3310995    -5.7198179     0.1774619
  4.55000019 43.00000000  0.00108509 -0.01621676     0.0002191     0.0002385    -0.0007298     0.0002527    -1.3951094    -1.3118344    -5.4617102     0.5415366
  9.55000019 43.00000000  0.00197276 -0.01487674     0.0001319     0.0002066    -0.0005939     0.0004153    -1.6236761    -1.3037569    -4.7342931     0.8899404
 17.54999924 43.00000000  0.00251984 -0.01205905     0.0000048     0.0001436    -0.0003677     0.0003972    -1.8597825    -1.2648452    -3.4560408     0.8512376
 32.54999924 43.00000000  0.00201948 -0.00794948    -0.0000636     0.0000620    -0.0001579     0.0001627    -1.6388872    -1.1005991    -2.0432482     0.3486997
 52.54999924 43.00000000  0.00092293 -0.00568876    -0.0000477     0.0000176    -0.0000905     0.0000199    -1.2383115    -0.9586480    -1.4217524     0.0427258
 77.55000305 43.00000000  0.00000000 -0.00514532    -0.0000283     0.0000000    -0.0000812    -0.0000027    -1.0606100    -0.9391969    -1.2873823    -0.0057282
  0.00000000 44.00000000  0.00000000 -0.01746938     0.0002637     0.0002637    -0.0008133     0.0000000    -1.3192573    -1.3192573    -5.9350990    -0.0000458
  0.69999999 44.00000000  0.00018394 -0.01745691     0.0002618     0.0002628    -0.0008117     0.0000454    -1.3395259    -1.3353285    -5.9403171     0.0973371
  1.39999998 44.00000000  0.00036650 -0.01741947     0.0002611     0.0002618    -0.0008073     0.0000920    -1.3185839    -1.3156816    -5.8974509     0.1970707
  2.97499990 44.00000000  0.00076644 -0.01724632     0.0002455     0.0002576    -0.0007874     0.0001854    -1.3851453    -1.3329939    -5.8117233     0.3972489
  4.55000019 44.00000000  0.00113969 -0.01695964     0.0002280     0.0002505    -0.0007555     0.0002788    -1.3975461    -1.3011711    -5.6126131     0.5974534
  7.05000019 44.00000000  0.00165104 -0.01630330     0.0001816     0.0002342    -0.0006851     0.0003686    -1.5296195    -1.3042813    -5.2439425     0.7899456
  9.55000019 44.00000000  0.00204775 -0.01547521     0.0001310     0.0002144    -0.0006045     0.0004493    -1.6590550    -1.3015216    -4.8111131     0.9628319
 13.55000019 44.00000000  0.00242769 -0.01394660     0.0000637     0.0001792    -0.0004720     0.0004423    -1.6907035    -1.1959627    -3.9866869     0.9478139
 17.54999924 44.00000000  0.00255756 -0.01242308    -0.0000022     0.0001457    -0.0003618     0.0004135    -1.8812942    -1.2471016    -3.4224090     0.8861009
 25.04999924 44.00000000  0.00239491 -0.00993030    -0.0000377     0.0000956    -0.0002270     0.0002806    -1.6105284    -1.0393532    -2.4219335     0.6011825
 32.54999924 44.00000000  0.00199253 -0.00810341    -0.0000655     0.0000612    -0.0001501     0.0001604    -1.6038322    -1.0608525    -1.9665137     0.3436721
 42.54999924 44.00000000  0.00141113 -0.00660435    -0.0000550     0.0000332    -0.0001046     0.0000776    -1.3188759    -0.9412406    -1.5316871     0.1663164
 52.54999924 44.00000000  0.00089351 -0.00577691    -0.0000465     0.0000170    -0.0000856     0.0000166    -1.1858892    -0.9137104    -1.3534324     0.0355396
 65.05000305 44.00000000  0.00039240 -0.00534515    -0.0000357     0.0000060    -0.0000786     0.0000058    -1.0814223    -0.9023965    -1.2650533     0.0123796
 77.55000305 44.00000000  0.00000000 -0.00522462    -0.0000270     0.0000000    -0.0000773    -0.0000028    -1.0098869    -0.8939852    -1.2250762    -0.0060125
  0.00000000 45.00000000  0.00000000 -0.01830228     0.0002783     0.0002783    -0.0008525     0.0000001    -1.3422671    -1.3422671    -6.1885653     0.0001116
  1.39999998 45.00000000  0.00038650 -0.01824590     0.0002754     0.0002761    -0.0008461     0.0001026    -1.3445561    -1.3418284    -6.1510956     0.2199292
  4.55000019 45.00000000  0.00119668 -0.01772992     0.0002370     0.0002630    -0.0007854     0.0003091    -1.4305642    -1.3192109    -5.8125619     0.6622679
  9.55000019 45.00000000  0.00212174 -0.01608497     0.0001284     0.0002222    -0.0006136     0.0004843    -1.7044940    -1.3025980    -4.8845708     1.0378326
 17.54999924 45.00000000  0.00258795 -0.01278172    -0.0000100     0.0001475    -0.0003540     0.0004263    -1.8988102    -1.2238634    -3.3727759     0.9134922
 32.54999924 45.00000000  0.00195706 -0.00824967    -0.0000669     0.0000601    -0.0001423     0.0001566    -1.5641706    -1.0197795    -1.8871486     0.3356190
 52.54999924 45.00000000  0.00085997 -0.00586007    -0.0000450     0.0000164    -0.0000809     0.0000132    -1.1325065    -0.8693434    -1.2863236     0.0282638
 77.55000305 45.00000000  0.00000000 -0.00529994    -0.0000256     0.0000000    -0.0000735    -0.0000029    -0.9593699    -0.8495309    -1.1644574    -0.0062440
  0.00000000 46.00000000  0.00000000 -0.01917430     0.0002939     0.0002939    -0.0011473     0.0000000    -2.1032097    -2.1032097    -6.4617207    -0.0000083
  0.69999999 46.00000000  0.00020486 -0.01915864     0.0002914     0.0002927    -0.0011442     0.0000839    -2.1200236    -2.1158679    -6.4620077     0.1198189
  1.39999998 46.00000000  0.00040791 -0.01911165     0.0002906     0.0002914    -0.0011361     0.0001701    -2.0911970    -2.0886963    -6.4083604     0.2436867
  2.97499990 46.00000000  0.00085046 -0.01889098     0.0002696     0.0002859    -0.0011045     0.0003424    -2.1328119    -2.0804660    -6.2843844     0.4895071
  4.55000019 46.00000000  0.00125710 -0.01853052     0.0002459     0.0002763    -0.0010514     0.0005072    -2.1071388    -2.0093368    -6.0244073     0.7273766
  7.05000019 46.00000000  0.00179749 -0.01771187     0.0001874     0.0002550    -0.0009398     0.0006604    -2.1318558    -1.9146144    -5.5230145     0.9431033
  9.55000019 46.00000000  0.00219398 -0.01670245     0.0001246     0.0002297    -0.0008197     0.0007764    -2.1657140    -1.8278619    -4.9884721     1.1119583
 13.55000019 46.00000000  0.00253592 -0.01488719     0.0000515     0.0001872    -0.0006220     0.0007400    -1.9716576    -1.5357367    -3.9731539     1.0573336
 17.54999924 46.00000000  0.00260624 -0.01313098    -0.0000184     0.0001485    -0.0004776     0.0006556    -2.0079460    -1.4714956    -3.3414626     0.9374059
 25.04999924 46.00000000  0.00235595 -0.01036580    -0.0000463     0.0000941    -0.0002963     0.0004272    -1.5600231    -1.1087950    -2.2700280     0.6107170
 32.54999924 46.00000000  0.00191126 -0.00838794    -0.0000681     0.0000587    -0.0002046     0.0002290    -1.4439691    -1.0363383    -1.8074520     0.3268544
 42.54999924 46.00000000  0.00131932 -0.00680146    -0.0000544     0.0000310    -0.0001465     0.0001033    -1.1514569    -0.8768068    -1.3893804     0.1478042
 52.54999924 46.00000000  0.00082246 -0.00593877    -0.0000433     0.0000157    -0.0001235     0.0000158    -1.0102525    -0.8206510    -1.2174477     0.0221884
 65.05000305 46.00000000  0.00035596 -0.00549430    -0.0000329     0.0000055    -0.0001150     0.0000034    -0.9260519    -0.8027187    -1.1423061     0.0049875
 77.55000305 46.00000000  0.00000000 -0.00537158    -0.0000241     0.0000000    -0.0001125    -0.0000031    -0.8635880    -0.7862665    -1.1020782    -0.0049075
  0.00000000 47.00000000  0.00000000 -0.02065514     0.0003848     0.0003848    -0.0015587     0.0000015    -2.5569746    -2.5569746    -6.7218229     0.0015577
  1.39999998 47.00000000  0.00053248 -0.02057683     0.0003788     0.0003803    -0.0015436     0.0002284    -2.5498804    -2.5466446    -6.6692991     0.2447084
  4.55000019 47.00000000  0.00162267 -0.01987968     0.0003073     0.0003566    -0.0014113     0.0006800    -2.5446579    -2.4389244    -6.2273780     0.7285656
  9.55000019 47.00000000  0.00272986 -0.01774215     0.0001281     0.0002858    -0.0010614     0.0010149    -2.5002987    -2.1622327    -5.0491531     1.0873409
 17.54999924 47.00000000  0.00301533 -0.01373325    -0.0000469     0.0001718    -0.0005939     0.0008350    -2.1102902    -1.6416675    -3.2824804     0.8946961
 32.54999924 47.00000000  0.00199932 -0.00865319    -0.0000812     0.0000614    -0.0002555     0.0002842    -1.3537465    -1.0481218    -1.7272317     0.3045296
 52.54999924 47.00000000  0.00079128 -0.00610406    -0.0000438     0.0000151    -0.0001601     0.0000151    -0.9029742    -0.7769558    -1.1523477     0.0161654
 77.55000305 47.00000000  0.00000000 -0.00552290    -0.0000221     0.0000000    -0.0001475    -0.0000030    -0.7739099    -0.7266347    -1.0426770    -0.0032332
  0.00000000 48.00000000  0.00000000 -0.02229180     0.0004640     0.0004640    -0.0017132     0.0000022    -2.3711471    -2.3711471    -7.0365697     0.0023981
  0.69999999 48.00000000  0.00032254 -0.02226776     0.0004576     0.0004608    -0.0017091     0.0001182    -2.4085040    -2.4016193    -7.0512968     0.1266517
  1.39999998 48.00000000  0.00064058 -0.02219877     0.0004562     0.0004576    -0.0016943     0.0002388    -2.3680074    -2.3650151    -6.9761866     0.2558431
  2.97499990 48.00000000  0.00132862 -0.02187556     0.0004125     0.0004466    -0.0016329     0.0004764    -2.4322569    -2.3592398    -6.8153060     0.5103842
  4.55000019 48.00000000  0.00194002 -0.02135315     0.0003600     0.0004264    -0.0015327     0.0007043    -2.4270136    -2.2848433    -6.4829220     0.7545937
  7.05000019 48.00000000  0.00269553 -0.02019222     0.0002482     0.0003823    -0.0013238     0.0008886    -2.4391482    -2.1517051    -5.8077006     0.9520863
  9.55000019 48.00000000  0.00318104 -0.01882521     0.0001286     0.0003331    -0.0011103     0.0010184    -2.5045805    -2.0663079    -5.1593874     1.0911424
 13.55000019 48.00000000  0.00345725 -0.01646289     0.0000212     0.0002551    -0.0007976     0.0009416    -2.1888182    -1.6874470    -3.9434050     1.0088505
 17.54999924 48.00000000  0.00335043 -0.01431878    -0.0000732     0.0001909    -0.0005825     0.0008026    -2.1488741    -1.5828883    -3.2401555     0.8599153
 25.04999924 48.00000000  0.00275776 -0.01109661    -0.0000862     0.0001101    -0.0003455     0.0005111    -1.5628688    -1.1422703    -2.1184851     0.5476227
 32.54999924 48.00000000  0.00205760 -0.00889893    -0.0000923     0.0000632    -0.0002372     0.0002602    -1.3390177    -1.0058251    -1.6496463     0.2788055
 42.54999924 48.00000000  0.00131116 -0.00717306    -0.0000653     0.0000308    -0.0001710     0.0001103    -1.0201615    -0.8142924    -1.2466782     0.1181959
 52.54999924 48.00000000  0.00075244 -0.00625902    -0.0000435     0.0000143    -0.0001494     0.0000065    -0.8581531    -0.7343432    -1.0850945     0.0070060
 65.05000305 48.00000000  0.00031162 -0.00579537    -0.0000301     0.0000048    -0.0001418    -0.0000019    -0.7808089    -0.7060484    -1.0202406    -0.0020021
 77.55000305 48.00000000  0.00000000 -0.00566656    -0.0000198     0.0000000    -0.0001393    -0.0000031    -0.7240062    -0.6816601    -0.9801441    -0.0033095
  0.00000000 49.00000000  0.00000000 -0.02407682     0.0005370     0.0005370    -0.0018582    -0.0000011    -2.2099708    -2.2099708    -7.3424888    -0.0012053
  1.39999998 49.00000000  0.00074126 -0.02395963     0.0005259     0.0005295    -0.0018334     0.0002647    -2.2073800    -2.1997268    -7.2629971     0.2836065
  4.55000019 49.00000000  0.00222537 -0.02293558     0.0004043     0.0004891    -0.0016350     0.0007711    -2.3119003    -2.1302454    -6.6819061     0.8261850
  9.55000019 49.00000000  0.00357115 -0.01995381     0.0001251     0.0003739    -0.0011412     0.0010555    -2.4840017    -1.9508440    -5.1976757     1.1309312
 17.54999924 49.00000000  0.00361442 -0.01489727    -0.0000952     0.0002060    -0.0005692     0.0007718    -2.1686060    -1.5232963    -3.1842606     0.8268857
 32.54999924 49.00000000  0.00208073 -0.00912854    -0.0001013     0.0000639    -0.0002207     0.0002328    -1.3232021    -0.9691500    -1.5791041     0.2494693
 52.54999924 49.00000000  0.00070273 -0.00640311    -0.0000427     0.0000134    -0.0001392    -0.0000030    -0.8141857    -0.6939459    -1.0209732    -0.0032566
 77.55000305 49.00000000  0.00000000 -0.00580166    -0.0000174     0.0000000    -0.0001315    -0.0000030    -0.6752348    -0.6379580    -0.9196602    -0.0032198
  0.00000000 50.00000000  0.00000000 -0.02600814     0.0006038     0.0006038    -0.0014818    -0.0000036     7.9804055     7.9804055    -7.6513682    -0.0167152
  0.69999999 50.00000000  0.00041961 -0.02597375     0.0005951     0.0005994    -0.0014759     0.0000819     7.7689852     7.8090696    -7.7279923     0.1509944
  1.39999998 50.00000000  0.00083317 -0.02586554     0.0005901     0.0005951    -0.0014605     0.0001694     7.7657798     7.8121385    -7.5768192     0.3384880
  2.97499990 50.00000000  0.00171420 -0.02539177     0.0005250     0.0005762    -0.0013847     0.0003218     6.7310587     7.2064840    -7.4413872     0.6042389
  4.55000019 50.00000000  0.00248692 -0.02462318     0.0004422     0.0005466    -0.0012669     0.0004825     5.7014330     6.6705664    -6.7887470     0.9269532
  7.05000019 50.00000000  0.00337474 -0.02296983     0.0002821     0.0004787    -0.0010430     0.0005629     3.2499356     5.0756427    -6.1181334     1.0566923
  9.55000019 50.00000000  0.00389728 -0.02110770     0.0001171     0.0004081    -0.0008102     0.0006226     0.8874302     3.5891663    -5.1775113     1.1974242
 13.55000019 50.00000000  0.00407098 -0.01805776    -0.0000115     0.0003004    -0.0005354     0.0005320    -0.8923068     2.0039043    -3.8622863     0.9954629
 17.54999924 50.00000000  0.00380562 -0.01545711    -0.0001164     0.0002168    -0.0003417     0.0004214    -2.5769536     0.5171072    -3.1777168     0.8100216
 25.04999924 50.00000000  0.00295405 -0.01174754    -0.0001156     0.0001179    -0.0001736     0.0002566    -2.3447453    -0.1764212    -1.9289083     0.4881775
 32.54999924 50.00000000  0.00207183 -0.00934037    -0.0001084     0.0000637    -0.0001029     0.0001162    -2.3194333    -0.7220765    -1.5544072     0.2140576
 42.54999924 50.00000000  0.00122969 -0.00748770    -0.0000714     0.0000289    -0.0000689     0.0000454    -1.6625845    -0.7316264    -1.1057248     0.0903188
 52.54999924 50.00000000  0.00064469 -0.00653750    -0.0000413     0.0000123    -0.0000648    -0.0000075    -1.2007509    -0.7037032    -0.9572195    -0.0205311
 65.05000305 50.00000000  0.00025303 -0.00606262    -0.0000258     0.0000039    -0.0000646    -0.0000048    -0.9797243    -0.7041497    -0.9070676    -0.0070220
 77.55000305 50.00000000  0.00000000 -0.00592948    -0.0000147     0.0000000    -0.0000656    -0.0000030    -0.7916174    -0.6551428    -0.8462396    -0.0140112
  0.00000000 50.09999847  0.00000000 -0.02610332     0.0005916     0.0005916    -0.0009447    -0.0000031    17.5556549    17.5556549    -7.6827568    -0.0254327
  1.39999998 50.09999847  0.00081713 -0.02595910     0.0005799     0.0005837    -0.0009285     0.0000519    17.2521960    17.3135333    -7.5289552     0.4259792
  4.55000019 50.09999847  0.00243937 -0.02470202     0.0004351     0.0005361    -0.0007831     0.0001418    13.3273291    14.9872243    -6.6864763     1.1651169
  9.55000019 50.09999847  0.00383278 -0.02115289     0.0001163     0.0004013    -0.0004499     0.0001730     4.1361387     8.8193358    -5.1647321     1.4206980
 17.54999924 50.09999847  0.00375709 -0.01547039    -0.0001140     0.0002141    -0.0001327     0.0001068    -2.9450401     2.4454475    -3.2509102     0.8774631
 32.54999924 50.09999847  0.00205109 -0.00934067    -0.0001070     0.0000630    -0.0000032     0.0000247    -3.3088163    -0.5152337    -1.6025446     0.2032128
 52.54999924 50.09999847  0.00063924 -0.00653751    -0.0000408     0.0000122    -0.0000001    -0.0000040    -1.6137105    -0.7440267    -0.9458088    -0.0327436
 77.55000305 50.09999847  0.00000000 -0.00593018    -0.0000145     0.0000000    -0.0000070    -0.0000030    -0.9454746    -0.7069940    -0.8220104    -0.0249638
  0.00000000 50.20000076  0.00000000 -0.02619707     0.0005798     0.0005798    -0.0009243    -0.0000026    17.2595941    17.2595941    -7.4510481    -0.0214270
  0.69999999 50.20000076  0.00040336 -0.02616153     0.0005726     0.0005762    -0.0009198     0.0000291    16.9344962    16.9937624    -7.5830975     0.2388416
  1.39999998 50.20000076  0.00080167 -0.02605124     0.0005702     0.0005726    -0.0009112     0.0000638    16.9769187    17.0171297    -7.3596699     0.5240716
  2.97499990 50.20000076  0.00165248 -0.02556654     0.0005055     0.0005555    -0.0008565     0.0001093    15.0210220    15.8423594    -7.3538327     0.8981744
  4.55000019 50.20000076  0.00239387 -0.02477981     0.0004282     0.0005261    -0.0007730     0.0001782    12.9905588    14.5996787    -6.7435586     1.4637539
  7.05000019 50.20000076  0.00326339 -0.02309478     0.0002752     0.0004629    -0.0006147     0.0001794     8.5783034    11.6610915    -6.0418878     1.4740347
  9.55000019 50.20000076  0.00377009 -0.02119768     0.0001153     0.0003948    -0.0004458     0.0002057     4.0073505     8.5986934    -5.2101213     1.6893253
 13.55000019 50.20000076  0.00395579 -0.01811136    -0.0000076     0.0002919    -0.0002669     0.0001492     0.4462783     5.3679078    -3.8130690     1.2259499
 17.54999924 50.20000076  0.00370899 -0.01548364    -0.0001118     0.0002113    -0.0001315     0.0001146    -2.8883379     2.4206143    -3.2120995     0.9411302
 25.04999924 50.20000076  0.00288481 -0.01175554    -0.0001119     0.0001152    -0.0000407     0.0000655    -3.0685452     0.6619736    -1.8983418     0.5379244
 32.54999924 50.20000076  0.00203030 -0.00934100    -0.0001057     0.0000624    -0.0000031     0.0000222    -3.2634609    -0.5021594    -1.5784877     0.1825183
 42.54999924 50.20000076  0.00120390 -0.00748656    -0.0000698     0.0000283     0.0000056     0.0000123    -2.3286786    -0.7166871    -1.0899332     0.1007209
 52.54999924 50.20000076  0.00063375 -0.00653752    -0.0000403     0.0000121    -0.0000003    -0.0000062    -1.5978299    -0.7378832    -0.9403258    -0.0511176
 65.05000305 50.20000076  0.00024802 -0.00606341    -0.0000254     0.0000038    -0.0000038    -0.0000005    -1.2502847    -0.7711810    -0.8969036    -0.0043924
 77.55000305 50.20000076  0.00000000 -0.00593088    -0.0000143     0.0000000    -0.0000071    -0.0000031    -0.9397700    -0.7042900    -0.8209550    -0.0251358
  0.00000000 50.85000229  0.00000000 -0.02677804     0.0005214     0.0005214    -0.0008693    -0.0000005    14.2701156    14.2701156    -8.5776080    -0.0039730
  1.39999998 50.85000229  0.00072016 -0.02662475     0.0005119     0.0005144    -0.0008566     0.0001176    13.9876216    14.0280165    -8.4954591     0.9661231
  4.55000019 50.85000229  0.00215037 -0.02526717     0.0003884     0.0004726    -0.0007261     0.0003282    10.8116010    12.1955462    -7.4976771     2.6961983
  9.55000019 50.85000229  0.00341074 -0.02147871     0.0001090     0.0003571    -0.0004191     0.0003473     3.3367005     7.4128675    -5.3403868     2.8531407
 17.54999924 50.85000229  0.00340771 -0.01556726    -0.0000984     0.0001942    -0.0001267     0.0001553    -2.6319091     2.1746171    -3.0964085     1.2756065
 32.54999924 50.85000229  0.00189127 -0.00934332    -0.0000973     0.0000581    -0.0000043     0.0000183    -3.0248872    -0.4725432    -1.4974156     0.1501525
 52.54999924 50.85000229  0.00059490 -0.00653784    -0.0000373     0.0000113    -0.0000006    -0.0000108    -1.4878694    -0.6884921    -0.8843018    -0.0888863
 77.55000305 50.85000229  0.00000000 -0.00593547    -0.0000133     0.0000000    -0.0000069    -0.0000032    -0.8805164    -0.6621414    -0.7748371    -0.0266123
  0.00000000 51.50000000  0.00000000 -0.02732715     0.0004798     0.0004798    -0.0008215     0.0000028    12.4222810    12.4222810    -8.9573291     0.0227433
  0.69999999 51.50000000  0.00033348 -0.02728560     0.0004730     0.0004764    -0.0008160     0.0000798    12.1527438    12.2091640    -9.0231136     0.6556626
  1.39999998 51.50000000  0.00066216 -0.02716482     0.0004689     0.0004730    -0.0008043     0.0001662    12.2273530    12.2934533    -8.6895288     1.3652599
  2.97499990 51.50000000  0.00136153 -0.02660920     0.0004163     0.0004577    -0.0007547     0.0003043    10.7560614    11.4355840    -8.4823180     2.4992276
  4.55000019 51.50000000  0.00197348 -0.02572376     0.0003550     0.0004337    -0.0006831     0.0004609     9.3028006    10.5961211    -7.7521304     3.7861591
  7.05000019 51.50000000  0.00269517 -0.02384225     0.0002281     0.0003823    -0.0005361     0.0004619     6.1905644     8.7233549    -6.3640282     3.7937923
  9.55000019 51.50000000  0.00311410 -0.02174256     0.0000995     0.0003261    -0.0003950     0.0004779     2.6382966     6.3610165    -5.4855719     3.9257643
 13.55000019 51.50000000  0.00330020 -0.01843984     0.0000011     0.0002436    -0.0002369     0.0003169     0.2725345     4.2556415    -3.6379710     2.6029913
 17.54999924 51.50000000  0.00312296 -0.01564832    -0.0000885     0.0001779    -0.0001214     0.0001971    -2.5042410     1.8728003    -3.0456717     1.6187481
 25.04999924 51.50000000  0.00245269 -0.01180767    -0.0000915     0.0000979    -0.0000397     0.0000976    -2.5979164     0.5138869    -1.7472906     0.8015952
 32.54999924 51.50000000  0.00175042 -0.00934657    -0.0000894     0.0000538    -0.0000050     0.0000158    -2.8036546    -0.4512559    -1.4166285     0.1300546
 42.54999924 51.50000000  0.00103616 -0.00748037    -0.0000598     0.0000244     0.0000039     0.0000101    -2.0192430    -0.6368451    -0.9730907     0.0825927
 52.54999924 51.50000000  0.00055454 -0.00653830    -0.0000344     0.0000106    -0.0000008    -0.0000152    -1.3736636    -0.6359492    -0.8229805    -0.1244864
 65.05000305 51.50000000  0.00021482 -0.00606815    -0.0000222     0.0000033    -0.0000035    -0.0000023    -1.0993747    -0.6807108    -0.7922928    -0.0189324
 77.55000305 51.50000000  0.00000000 -0.00593980    -0.0000122     0.0000000    -0.0000066    -0.0000034    -0.8161505    -0.6158793    -0.7235477    -0.0279565
  0.00000000 52.15000153  0.00000000 -0.02786134     0.0004519     0.0004519    -0.0008209     0.0000026    10.1516479    10.1516479   -10.7593814     0.0216401
  1.39999998 52.15000153  0.00062253 -0.02768755     0.0004410     0.0004447    -0.0008051     0.0002068     9.8923357     9.9528474   -10.5782958     1.6985782
  4.55000019 52.15000153  0.00184445 -0.02616496     0.0003261     0.0004054    -0.0006701     0.0005630     7.3723698     8.6751740    -8.9933611     4.6249295
  9.55000019 52.15000153  0.00286954 -0.02199192     0.0000839     0.0003005    -0.0003700     0.0005747     1.8536589     5.4111689    -5.6030491     4.7205378
 17.54999924 52.15000153  0.00285745 -0.01572404    -0.0000809     0.0001628    -0.0001129     0.0002321    -2.3437058     1.6595283    -2.8694968     1.9067738
 32.54999924 52.15000153  0.00160716 -0.00934969    -0.0000815     0.0000494    -0.0000054     0.0000140    -2.5716590    -0.4212109    -1.3204313     0.1147930
 52.54999924 52.15000153  0.00051078 -0.00653894    -0.0000315     0.0000097    -0.0000011    -0.0000191    -1.2697131    -0.5926331    -0.7707651    -0.1566630
 77.55000305 52.15000153  0.00000000 -0.00594402    -0.0000112     0.0000000    -0.0000063    -0.0000036    -0.7604726    -0.5763493    -0.6804005    -0.0294068
  0.00000000 52.79999924  0.00000000 -0.02839432     0.0004358     0.0004358    -0.0008228     0.0000008     8.7655570     8.7655570   -11.9112328     0.0068687
  0.69999999 52.79999924  0.00030238 -0.02834829     0.0004281     0.0004320    -0.0008183     0.0001193     8.4079912     8.4712209   -12.0682033     0.9800525
  1.39999998 52.79999924  0.00059937 -0.02821139     0.0004234     0.0004281    -0.0008038     0.0002491     8.5255536     8.6027353   -11.6356757     2.0463753
  2.97499990 52.79999924  0.00122544 -0.02758289     0.0003686     0.0004119    -0.0007434     0.0004564     7.2728632     7.9846634   -10.9961374     3.7489558
  4.55000019 52.79999924  0.00176041 -0.02659489     0.0003014     0.0003869    -0.0006565     0.0006684     5.9997305     7.4038357    -9.7371049     5.4906057
  7.05000019 52.79999924  0.00235239 -0.02450744     0.0001815     0.0003337    -0.0004872     0.0006814     3.8983337     6.3989698    -7.0871040     5.5968392
  9.55000019 52.79999924  0.00266771 -0.02222350     0.0000663     0.0002793    -0.0003464     0.0006707     1.0634649     4.5634507    -5.7169876     5.5096784
 13.55000019 52.79999924  0.00277565 -0.01872459    -0.0000078     0.0002048    -0.0002003     0.0004422    -0.2362707     3.2577443    -3.3979649     3.6324862
 17.54999924 52.79999924  0.00260504 -0.01579504    -0.0000756     0.0001484    -0.0001050     0.0002660    -2.2980523     1.3820583    -2.7818382     2.1851693
 25.04999924 52.79999924  0.00204311 -0.01185644    -0.0000762     0.0000816    -0.0000352     0.0001216    -2.2307075     0.3606908    -1.5573492     0.9987156
 32.54999924 52.79999924  0.00146240 -0.00935354    -0.0000741     0.0000449    -0.0000058     0.0000133    -2.3664604    -0.4108092    -1.2439183     0.1088547
 42.54999924 52.79999924  0.00086552 -0.00747628    -0.0000498     0.0000203     0.0000024     0.0000077    -1.7094829    -0.5566146    -0.8516776     0.0632182
 52.54999924 52.79999924  0.00046574 -0.00653976    -0.0000286     0.0000089    -0.0000013    -0.0000221    -1.1602997    -0.5447621    -0.7112141    -0.1813650
 65.05000305 52.79999924  0.00018002 -0.00607258    -0.0000186     0.0000028    -0.0000034    -0.0000038    -0.9396430    -0.5881232    -0.6897872    -0.0314801
 77.55000305 52.79999924  0.00000000 -0.00594803    -0.0000102     0.0000000    -0.0000059    -0.0000037    -0.6964468    -0.5293189    -0.6268503    -0.0307310
  0.00000000 53.45000076  0.00000000 -0.02894354     0.0004300     0.0004300    -0.0008634     0.0000019     6.9510473     6.9510473   -14.2972514     0.0155754
  1.39999998 53.45000076  0.00058949 -0.02874488     0.0004160     0.0004211    -0.0008407     0.0002873     6.7157005     6.7986349   -13.9303576     2.3601811
  4.55000019 53.45000076  0.00170722 -0.02702509     0.0002802     0.0003752    -0.0006635     0.0007596     4.3360597     5.8972131   -11.1678326     6.2394429
  9.55000019 53.45000076  0.00249912 -0.02244204     0.0000438     0.0002617    -0.0003222     0.0007405     0.1703376     3.7501318    -5.8420567     6.0824880
 17.54999924 53.45000076  0.00236792 -0.01585984    -0.0000720     0.0001349    -0.0000949     0.0002919    -2.2324686     1.1662398    -2.6100593     2.3973504
 32.54999924 53.45000076  0.00131721 -0.00935710    -0.0000666     0.0000405    -0.0000059     0.0000129    -2.1446821    -0.3861042    -1.1474397     0.1057685
 52.54999924 53.45000076  0.00041868 -0.00654061    -0.0000257     0.0000080    -0.0000015    -0.0000247    -1.0536393    -0.5004978    -0.6557253    -0.2030320
 77.55000305 53.45000076  0.00000000 -0.00595176    -0.0000092     0.0000000    -0.0000056    -0.0000039    -0.6364907    -0.4856834    -0.5777177    -0.0317111
  0.00000000 54.09999847  0.00000000 -0.02951673     0.0004325     0.0004325    -0.0009026     0.0000016     5.8695737     5.8695737   -16.0644635     0.0127616
  0.69999999 54.09999847  0.00029920 -0.02946308     0.0004224     0.0004274    -0.0008966     0.0001582     5.4020007     5.4852219   -16.2664962     1.2995864
  1.39999998 54.09999847  0.00059132 -0.02930430     0.0004158     0.0004224    -0.0008759     0.0003290     5.5922797     5.6995465   -15.6296896     2.7027712
  2.97499990 54.09999847  0.00119504 -0.02858044     0.0003472     0.0004017    -0.0007915     0.0005969     4.3044686     5.1999544   -14.4019513     4.9034457
  4.55000019 54.09999847  0.00168495 -0.02745748     0.0002615     0.0003703    -0.0006720     0.0008591     2.9771737     4.7643697   -12.3596048     7.0567624
  7.05000019 54.09999847  0.00216311 -0.02512202     0.0001344     0.0003068    -0.0004572     0.0008631     1.6818542     4.5147188    -8.0374590     7.0900699
  9.55000019 54.09999847  0.00235690 -0.02264234     0.0000197     0.0002468    -0.0002985     0.0008125    -0.7275990     3.0026106    -5.9566227     6.6743338
 13.55000019 54.09999847  0.00234032 -0.01895867    -0.0000271     0.0001727    -0.0001599     0.0005323    -0.9161322     2.3670763    -3.0974028     4.3727344
 17.54999924 54.09999847  0.00213985 -0.01591846    -0.0000698     0.0001219    -0.0000851     0.0003153    -2.2289173     0.9202933    -2.4812682     2.5898778
 25.04999924 54.09999847  0.00164849 -0.01189750    -0.0000646     0.0000658    -0.0000278     0.0001386    -1.9356242     0.2068921    -1.3311066     1.1386775
 32.54999924 54.09999847  0.00117076 -0.00936117    -0.0000594     0.0000360    -0.0000061     0.0000121    -1.9441833    -0.3777284    -1.0683076     0.0992034
 42.54999924 54.09999847  0.00069084 -0.00747401    -0.0000400     0.0000162     0.0000011     0.0000050    -1.4024847    -0.4784309    -0.7271546     0.0409610
 52.54999924 54.09999847  0.00037055 -0.00654169    -0.0000228     0.0000071    -0.0000016    -0.0000271    -0.9443338    -0.4543481    -0.5969865    -0.2226683
 65.05000305 54.09999847  0.00014353 -0.00607713    -0.0000148     0.0000022    -0.0000036    -0.0000052    -0.7768910    -0.4971403    -0.5928310    -0.0429245
 77.55000305 54.09999847  0.00000000 -0.00595531    -0.0000081     0.0000000    -0.0000052    -0.0000040    -0.5719412    -0.4381642    -0.5234693    -0.0325643
  0.00000000 54.75000000  0.00000000 -0.03012735     0.0004423     0.0004423    -0.0009739    -0.0000005     4.3302337     4.3302337   -18.9350843    -0.0044721
  1.39999998 54.75000000  0.00060325 -0.02989410     0.0004234     0.0004309    -0.0009435     0.0003734     4.0248052     4.1478362   -18.4315964     3.0672346
  4.55000019 54.75000000  0.00168426 -0.02790268     0.0002437     0.0003702    -0.0006927     0.0009530     1.4140926     3.4911335   -13.9709069     7.8284285
  9.55000019 54.75000000  0.00223367 -0.02282974    -0.0000073     0.0002339    -0.0002736     0.0008610    -1.6637094     2.2980690    -6.0398986     7.0725784
 17.54999924 54.75000000  0.00192118 -0.01597012    -0.0000684     0.0001095    -0.0000741     0.0003305    -2.2103265     0.7118308    -2.3045514     2.7152144
 32.54999924 54.75000000  0.00102380 -0.00936489    -0.0000522     0.0000315    -0.0000060     0.0000114    -1.7324540    -0.3589480    -0.9734688     0.0934945
 52.54999924 54.75000000  0.00032091 -0.00654276    -0.0000198     0.0000061    -0.0000019    -0.0000291    -0.8367432    -0.4109213    -0.5416967    -0.2394135
 77.55000305 54.75000000  0.00000000 -0.00595852    -0.0000071     0.0000000    -0.0000048    -0.0000040    -0.5100984    -0.3929094    -0.4721752    -0.0328764
  0.00000000 55.39999771  0.00000000 -0.03078278     0.0004585     0.0004585    -0.0010527    -0.0000042     3.0715876     3.0715876   -21.7541793    -0.0343524
  0.69999999 55.39999771  0.00031651 -0.03072126     0.0004458     0.0004522    -0.0010387     0.0002000     2.7012268     2.8048780   -21.6878134     1.6431793
  1.39999998 55.39999771  0.00062418 -0.03053086     0.0004359     0.0004458    -0.0010082     0.0004208     3.0062593     3.1693693   -20.7188386     3.4566354
  2.97499990 55.39999771  0.00123941 -0.02966969     0.0003426     0.0004166    -0.0008855     0.0007502     1.4800979     2.6953269   -18.6967581     6.1624839
  4.55000019 55.39999771  0.00170349 -0.02835804     0.0002268     0.0003744    -0.0007161     0.0010583    -0.0465753     2.3774263   -15.5374815     8.6928513
  7.05000019 55.39999771  0.00206690 -0.02570334     0.0000837     0.0002932    -0.0004351     0.0010217    -0.5389473     2.9023502    -9.0628660     8.3924196
  9.55000019 55.39999771  0.00212202 -0.02299807    -0.0000355     0.0002222    -0.0002491     0.0009123    -2.6348142     1.5989402    -6.1444241     7.4936937
 13.55000019 55.39999771  0.00195558 -0.01913874    -0.0000518     0.0001443    -0.0001176     0.0005898    -1.6768518     1.5454807    -2.7580302     4.8448843
 17.54999924 55.39999771  0.00170747 -0.01601484    -0.0000677     0.0000973    -0.0000633     0.0003426    -2.2188909     0.4909900    -2.1479243     2.8144987
 25.04999924 55.39999771  0.00126298 -0.01192778    -0.0000554     0.0000504    -0.0000185     0.0001496    -1.6847539     0.0545107    -1.0780361     1.2287473
 32.54999924 55.39999771  0.00087573 -0.00936891    -0.0000451     0.0000269    -0.0000060     0.0000095    -1.5357651    -0.3525308    -0.8925480     0.0776786
 42.54999924 55.39999771  0.00051230 -0.00747328    -0.0000303     0.0000120     0.0000000     0.0000027    -1.0967097    -0.4016736    -0.5997716     0.0222877
 52.54999924 55.39999771  0.00027040 -0.00654409    -0.0000168     0.0000051    -0.0000020    -0.0000314    -0.7258213    -0.3648179    -0.4820907    -0.2575365
 65.05000305 55.39999771  0.00010565 -0.00608206    -0.0000108     0.0000016    -0.0000040    -0.0000063    -0.6114941    -0.4071218    -0.4997006    -0.0514158
 77.55000305 55.39999771  0.00000000 -0.00596159    -0.0000061     0.0000000    -0.0000044    -0.0000040    -0.4440731    -0.3440464    -0.4160430    -0.0330549
  0.00000000 56.04999924  0.00000000 -0.03150242     0.0004813     0.0004813    -0.0011518     0.0000074     1.6884873     1.6884873   -25.1399315     0.0606986
  1.39999998 56.04999924  0.00064925 -0.03121511     0.0004540     0.0004638    -0.0011047     0.0004677     1.3158765     1.4760654   -24.2914586     3.8419953
  4.55000019 56.04999924  0.00173618 -0.02883460     0.0002058     0.0003816    -0.0007425     0.0011619    -1.7163362     1.1710780   -17.2967260     9.5441258
  9.55000019 56.04999924  0.00201547 -0.02315305    -0.0000644     0.0002110    -0.0002229     0.0009392    -3.5642135     0.9612525    -6.1677027     7.7149463
 17.54999924 56.04999924  0.00149639 -0.01605238    -0.0000671     0.0000853    -0.0000523     0.0003471    -2.2250775     0.2783399    -1.9817895     2.8513801
 32.54999924 56.04999924  0.00072592 -0.00937256    -0.0000382     0.0000223    -0.0000057     0.0000074    -1.3381857    -0.3441871    -0.8046371     0.0604229
 52.54999924 56.04999924  0.00021836 -0.00654537    -0.0000139     0.0000042    -0.0000022    -0.0000332    -0.6192957    -0.3232490    -0.4277589    -0.2727512
 77.55000305 56.04999924  0.00000000 -0.00596422    -0.0000051     0.0000000    -0.0000040    -0.0000040    -0.3813206    -0.2976147    -0.3627161    -0.0324847
  0.00000000 56.69999695  0.00000000 -0.03228008     0.0005077     0.0005077    -0.0012526     0.0000121     0.5478106     0.5478106   -28.3705558     0.0993907
  0.69999999 56.69999695  0.00034754 -0.03219757     0.0004853     0.0004965    -0.0012355     0.0002523    -0.3624474    -0.1784080   -28.6317064     2.0723619
  1.39999998 56.69999695  0.00067940 -0.03196698     0.0004744     0.0004853    -0.0011902     0.0005296     0.2190077     0.3981466   -27.1276371     4.3501584
  2.97499990 56.69999695  0.00133643 -0.03090547     0.0003484     0.0004492    -0.0010203     0.0009273    -1.5896269     0.0660635   -24.0753893     7.6171397
  4.55000019 56.69999695  0.00177699 -0.02932335     0.0001842     0.0003905    -0.0007739     0.0012877    -3.5203774    -0.1298598   -19.2606807    10.5777603
  7.05000019 56.69999695  0.00200588 -0.02625429     0.0000258     0.0002845    -0.0004079     0.0011568    -2.7821303     1.4686414    -9.9063096     9.5019114
  9.55000019 56.69999695  0.00190589 -0.02328783    -0.0000942     0.0001996    -0.0001990     0.0009671    -4.6236084     0.2023224    -6.3458080     7.9436779
 13.55000019 56.69999695  0.00158586 -0.01926322    -0.0000774     0.0001170    -0.0000741     0.0006188    -2.4048314     0.7898797    -2.3501520     5.0832999
 17.54999924 56.69999695  0.00128650 -0.01608284    -0.0000664     0.0000733    -0.0000417     0.0003450    -2.2330035     0.0619736    -1.8271015     2.8336204
 25.04999924 56.69999695  0.00088168 -0.01194533    -0.0000474     0.0000352    -0.0000082     0.0001561    -1.4498813    -0.0924123    -0.8049716     1.2823633
 32.54999924 56.69999695  0.00057503 -0.00937635    -0.0000314     0.0000177    -0.0000055     0.0000022    -1.1456079    -0.3403238    -0.7209972     0.0183958
 42.54999924 56.69999695  0.00033089 -0.00747394    -0.0000205     0.0000078    -0.0000011     0.0000018    -0.7908514    -0.3268347    -0.4733830     0.0145369
 52.54999924 56.69999695  0.00016567 -0.00654696    -0.0000109     0.0000032    -0.0000022    -0.0000360    -0.5042983    -0.2738090    -0.3614978    -0.2954051
 65.05000305 56.69999695  0.00006689 -0.00608762    -0.0000066     0.0000010    -0.0000046    -0.0000067    -0.4452770    -0.3195166    -0.4126387    -0.0550771
 77.55000305 56.69999695  0.00000000 -0.00596674    -0.0000041     0.0000000    -0.0000034    -0.0000039    -0.3110447    -0.2440941    -0.2991905    -0.0317699
  0.00000000 57.34999847  0.00000000 -0.03313439     0.0005295     0.0005295    -0.0013646     0.0000089    -1.3412922    -1.3412922   -32.4578434     0.0734077
  1.39999998 57.34999847  0.00071769 -0.03277173     0.0004994     0.0005126    -0.0013045     0.0005874    -1.4068951    -1.1886324   -31.0414173     4.8250014
  4.55000019 57.34999847  0.00183102 -0.02983811     0.0001590     0.0004024    -0.0007973     0.0014178    -5.1356294    -1.1371702   -20.8465940    11.6464393
  9.55000019 57.34999847  0.00178433 -0.02341154    -0.0001177     0.0001868    -0.0001744     0.0009656    -5.3933243    -0.3901156    -6.3253009     7.9314230
 17.54999924 57.34999847  0.00106843 -0.01610671    -0.0000666     0.0000609    -0.0000315     0.0003358    -2.3144120    -0.2207156    -1.7379448     2.7585761
 32.54999924 57.34999847  0.00041873 -0.00937967    -0.0000251     0.0000129    -0.0000051    -0.0000034    -0.9806650    -0.3576509    -0.6531611    -0.0277361
 52.54999924 57.34999847  0.00011049 -0.00654823    -0.0000081     0.0000021    -0.0000022    -0.0000383    -0.4038322    -0.2360457    -0.3071759    -0.3149819
 77.55000305 57.34999847  0.00000000 -0.00596859    -0.0000032     0.0000000    -0.0000028    -0.0000036    -0.2480481    -0.1955254    -0.2407655    -0.0297818
  0.00000000 57.99999619  0.00000000 -0.03405400     0.0005456     0.0005456    -0.0010693    -0.0000093    93.9866322    93.9866322   -35.4219898    -0.4664128
  0.69999999 57.99999619  0.00037799 -0.03395944     0.0005343     0.0005400    -0.0010722     0.0001592    90.7423066    91.3121475   -37.4810203     2.2182091
  1.39999998 57.99999619  0.00074808 -0.03366281     0.0005216     0.0005343    -0.0010424     0.0003544    90.4454059    91.7248908   -33.9023762     5.6855284
  2.97499990 57.99999619  0.00144028 -0.03233585     0.0003587     0.0004841    -0.0008537     0.0006022    63.9638962    76.6045732   -31.4044065     8.6309244
  4.55000019 57.99999619  0.00187809 -0.03035981     0.0001329     0.0004128    -0.0005738     0.0008591    31.3537425    59.5667456   -20.1185450    14.0065908
  7.05000019 57.99999619  0.00190533 -0.02675811    -0.0000468     0.0002703    -0.0002606     0.0006846     1.3289790    33.2893109   -10.4001216     9.7275107
  9.55000019 57.99999619  0.00164416 -0.02351459    -0.0001414     0.0001722    -0.0000901     0.0005331   -16.8147545    14.7898603    -7.2140679     8.5715368
 13.55000019 57.99999619  0.00120408 -0.01933121    -0.0000995     0.0000889    -0.0000147     0.0003354   -11.6643336     7.3224290    -1.7213064     5.1409253
 17.54999924 57.99999619  0.00084828 -0.01612375    -0.0000657     0.0000483    -0.0000091     0.0001789    -8.8302964     2.6627364    -2.1309434     2.5772268
 25.04999924 57.99999619  0.00050301 -0.01194921    -0.0000391     0.0000201     0.0000057     0.0000861    -5.2866805     0.6829133    -0.4711847     1.4054331
 32.54999924 57.99999619  0.00026121 -0.00938301    -0.0000187     0.0000080    -0.0000008    -0.0000054    -2.9223180    -0.2265661    -0.7522067    -0.2444894
 42.54999924 57.99999619  0.00014917 -0.00747619    -0.0000103     0.0000035     0.0000004     0.0000010    -1.6146553    -0.2212184    -0.3286368     0.0649507
 52.54999924 57.99999619  0.00005487 -0.00654986    -0.0000053     0.0000010    -0.0000005    -0.0000223    -0.9315492    -0.2904657    -0.2629997    -0.4131419
 65.05000305 57.99999619  0.00002810 -0.00609417    -0.0000022     0.0000004    -0.0000026    -0.0000036    -0.5302659    -0.2654814    -0.3552480    -0.0356546
 77.55000305 57.99999619  0.00000000 -0.00597032    -0.0000023     0.0000000    -0.0000007    -0.0000034    -0.4370431    -0.2050552    -0.1202644    -0.1695864
  0.00000000 58.09999466  0.00000000 -0.03411951     0.0005109     0.0005109    -0.0006366    -0.0000108   177.8297269   177.8297269   -34.6816362    -0.9981323
  1.39999998 58.09999466  0.00069528 -0.03372569     0.0004870     0.0004966    -0.0006100     0.0000876   170.9053474   172.6878606   -32.2469448     8.1101313
  4.55000019 58.09999466  0.00174804 -0.03039295     0.0001222     0.0003842    -0.0003231     0.0002194    62.2352726   110.7453172   -20.2377090    20.3146106
  9.55000019 58.09999466  0.00153459 -0.02351827    -0.0001339     0.0001607    -0.0000360     0.0001046   -26.7883892    27.7654787    -8.6601394     9.6859275
 17.54999924 58.09999466  0.00078370 -0.01612349    -0.0000615     0.0000447     0.0000025     0.0000258   -14.4823776     5.1716214    -2.6383601     2.3889408
 32.54999924 58.09999466  0.00023699 -0.00938269    -0.0000170     0.0000073     0.0000031    -0.0000050    -4.5778510    -0.0859204    -0.8683086    -0.4630583
 52.54999924 58.09999466  0.00004965 -0.00654970    -0.0000048     0.0000009     0.0000015    -0.0000055    -1.3876939    -0.3271291    -0.2218745    -0.5104070
 77.55000305 58.09999466  0.00000000 -0.00597020    -0.0000021     0.0000000     0.0000011    -0.0000033    -0.6174062    -0.2217856    -0.0162671    -0.3095647
  0.00000000 58.19999695  0.00000000 -0.03418133     0.0004774     0.0004774    -0.0006022    -0.0000123   164.5925881   164.5925881   -35.3271689    -1.1357459
  0.69999999 58.19999695  0.00032814 -0.03408650     0.0004601     0.0004688    -0.0005918     0.0000425   158.0478610   159.6458433   -36.7523528     3.9392941
  1.39999998 58.19999695  0.00064420 -0.03378481     0.0004534     0.0004601    -0.0005716     0.0001244   157.8237256   159.0765977   -31.9909875    11.5153368
  2.97499990 58.19999695  0.00125400 -0.03243755     0.0003105     0.0004215    -0.0004763     0.0001727   112.7336569   133.2934021   -32.9769343    15.9917853
  4.55000019 58.19999695  0.00162225 -0.03042444     0.0001116     0.0003565    -0.0003056     0.0003034    55.7701420   101.1330834   -21.4880557    28.0965946
  7.05000019 58.19999695  0.00165557 -0.02678514    -0.0000394     0.0002348    -0.0001277     0.0001557     7.3393174    58.1194896    -9.0211433    14.4136332
  9.55000019 58.19999695  0.00142534 -0.02352179    -0.0001269     0.0001493    -0.0000324     0.0001137   -25.6534900    25.4788745    -8.1572954    10.5274139
 13.55000019 58.19999695  0.00103093 -0.01933071    -0.0000883     0.0000761     0.0000016     0.0000629   -18.6431195    11.7946181    -2.0030433     5.8254511
 17.54999924 58.19999695  0.00071910 -0.01612326    -0.0000573     0.0000410     0.0000038     0.0000209   -13.3175684     4.8811482    -2.0036071     1.9332988
 25.04999924 58.19999695  0.00041640 -0.01194744    -0.0000338     0.0000166     0.0000081     0.0000184    -8.2117899     1.1175493    -0.4685489     1.7066010
 32.54999924 58.19999695  0.00021276 -0.00938240    -0.0000152     0.0000065     0.0000029    -0.0000084    -4.0657409    -0.0343072    -0.7011726    -0.7762512
 42.54999924 58.19999695  0.00012108 -0.00747569    -0.0000084     0.0000028     0.0000022     0.0000021    -2.2859589    -0.2004010    -0.3192375     0.1953419
 52.54999924 58.19999695  0.00004443 -0.00654956    -0.0000042     0.0000008     0.0000012    -0.0000068    -1.2623000    -0.3189558    -0.2529799    -0.6273303
 65.05000305 58.19999695  0.00002343 -0.00609420    -0.0000018     0.0000004    -0.0000001     0.0000000    -0.6587894    -0.2629475    -0.3497478     0.0039171
 77.55000305 58.19999695  0.00000000 -0.00597009    -0.0000020     0.0000000     0.0000008    -0.0000033    -0.6084607    -0.2434269    -0.0870447    -0.3075453
  0.00000000 58.74999619  0.00000000 -0.03446876     0.0002943     0.0002943    -0.0004406    -0.0000001    86.4767193    86.4767193   -49.6082779    -0.0068370
  1.39999998 58.74999619  0.00039835 -0.03405993     0.0002889     0.0002845    -0.0004297     0.0002011    84.5452872    83.7429124   -48.5185150    18.6203761
  4.55000019 58.74999619  0.00100652 -0.03056724     0.0000562     0.0002212    -0.0002147     0.0005023    23.9495075    54.5062588   -26.2267275    46.5061106
  9.55000019 58.74999619  0.00083244 -0.02353454    -0.0000881     0.0000872    -0.0000160     0.0001344   -19.9891372    12.4702811    -6.6432323    12.4471204
 17.54999924 58.74999619  0.00035803 -0.01612079    -0.0000349     0.0000204     0.0000036     0.0000131    -8.8244879     1.4203096    -1.6892613     1.2122901
 32.54999924 58.74999619  0.00007584 -0.00938133    -0.0000061     0.0000023     0.0000006    -0.0000124    -1.7990824    -0.2424165    -0.5578170    -1.1444976
 52.54999924 58.74999619  0.00001439 -0.00654921    -0.0000015     0.0000003     0.0000002    -0.0000081    -0.5035259    -0.1746484    -0.1910070    -0.7495083
 77.55000305 58.74999619  0.00000000 -0.00596981    -0.0000012     0.0000000     0.0000004    -0.0000033    -0.3717117    -0.1573953    -0.0779891    -0.3011000
  0.00000000 59.29999542  0.00000000 -0.03466596     0.0001306     0.0001306    -0.0003038     0.0000031    14.9903994    14.9903994   -65.4595250     0.2852141
  0.69999999 59.29999542  0.00009064 -0.03456275     0.0001284     0.0001295    -0.0002881     0.0000999    17.2340722    17.4429215   -59.8904299     9.2506923
  1.39999998 59.29999542  0.00017971 -0.03425746     0.0001398     0.0001284    -0.0002815     0.0002523    23.0043542    20.8892881   -55.0083884    23.3646655
  2.97499990 59.29999542  0.00036912 -0.03282888     0.0000871     0.0001241    -0.0002517     0.0004227     7.3638385    14.2175153   -55.3671046    39.1404214
  4.55000019 59.29999542  0.00045396 -0.03066066     0.0000007     0.0000998    -0.0001289     0.0006651    -5.9874997    12.3505620   -29.9907959    61.5836815
  7.05000019 59.29999542  0.00037768 -0.02687009    -0.0000418     0.0000536    -0.0000209     0.0003212    -9.7233850     7.9466933    -5.8376816    29.7369150
  9.55000019 59.29999542  0.00024473 -0.02353944    -0.0000556     0.0000256     0.0000009     0.0001484   -16.5730831    -1.5345900    -6.1159627    13.7366852
 13.55000019 59.29999542  0.00008912 -0.01932381    -0.0000312     0.0000066     0.0000101     0.0000750    -8.8936188    -1.9050666    -1.2471122     6.9429621
 17.54999924 59.29999542 -0.00000456 -0.01611929    -0.0000129    -0.0000003     0.0000045     0.0000069    -4.2593199    -1.9143040    -1.0245212     0.6407836
 25.04999924 59.29999542 -0.00005690 -0.01194148    -0.0000038    -0.0000023     0.0000025     0.0000186    -1.4677093    -1.1869258    -0.3010310     1.7198789
 32.54999924 59.29999542 -0.00006138 -0.00938171     0.0000031    -0.0000019    -0.0000014    -0.0000148     0.5481506    -0.3803872    -0.2881283    -1.3699297
 42.54999924 59.29999542 -0.00003164 -0.00747520     0.0000023    -0.0000007    -0.0000014     0.0000029     0.4585040    -0.1021282    -0.2191096     0.2726862
 52.54999924 59.29999542 -0.00001570 -0.00654935     0.0000013    -0.0000003    -0.0000009    -0.0000087     0.2528350    -0.0342251    -0.1372099    -0.8064278
 65.05000305 59.29999542 -0.00000179 -0.00609476     0.0000006     0.0000000    -0.0000009     0.0000003     0.0593351    -0.0620563    -0.2170050     0.0313789
 77.55000305 59.29999542  0.00000000 -0.00596962    -0.0000003     0.0000000    -0.0000001    -0.0000032    -0.1528726    -0.0895506    -0.1029864    -0.2932553
  0.00000000 59.84999466  0.00000000 -0.03480012    -0.0000305    -0.0000305    -0.0001568     0.0000235   -52.7202954   -52.7202954   -76.0922121     2.1717871
  1.39999998 59.84999466 -0.00003501 -0.03437831    -0.0000036    -0.0000250    -0.0001651     0.0002110   -42.5259029   -46.4889674   -72.4365689    19.5365380
  4.55000019 59.84999466 -0.00007964 -0.03070820    -0.0000584    -0.0000175    -0.0000401     0.0006601   -35.8773445   -28.3057894   -32.4945807    61.1190591
  9.55000019 59.84999466 -0.00034187 -0.02353293    -0.0000225    -0.0000358     0.0000201     0.0001322   -12.4259329   -14.8848177    -4.5320072    12.2364465
 17.54999924 59.84999466 -0.00037149 -0.01611587     0.0000092    -0.0000212     0.0000052    -0.0000001     0.2280010    -5.3878475    -0.5021056    -0.0059960
 32.54999924 59.84999466 -0.00020050 -0.00938286     0.0000121    -0.0000062    -0.0000034    -0.0000165     2.7983425    -0.5903993    -0.0854302    -1.5237714
 52.54999924 59.84999466 -0.00004629 -0.00655016     0.0000039    -0.0000009    -0.0000019    -0.0000089     0.9697866     0.0818625    -0.1066296    -0.8216504
 77.55000305 59.84999466  0.00000000 -0.00596989     0.0000004     0.0000000    -0.0000006    -0.0000031     0.0502607    -0.0291557    -0.1335628    -0.2913722
  0.00000000 60.39999390  0.00000000 -0.03483838    -0.0002036    -0.0002036     0.0000209     0.0000182  -121.1691177  -121.1691177   -79.5918657     1.6887730
  0.69999999 60.39999390 -0.00013786 -0.03473218    -0.0001903    -0.0001969    -0.0000173     0.0000743  -122.6386374  -123.8725353   -90.6057171     6.8839564
  1.39999998 60.39999390 -0.00026640 -0.03443910    -0.0001552    -0.0001903    -0.0000468     0.0001714  -113.4851096  -119.9846498   -93.4103210    15.8688545
  2.97499990 60.39999390 -0.00046586 -0.03300718    -0.0001199    -0.0001566    -0.0000750     0.0003655   -98.1314233  -104.9321598   -89.8236416    33.8423434
  4.55000019 60.39999390 -0.00064398 -0.03070479    -0.0001174    -0.0001415     0.0000553     0.0006422   -65.7292065   -70.1980096   -33.7404837    59.4626627
  7.05000019 60.39999390 -0.00087751 -0.02682820    -0.0000583    -0.0001245     0.0000933     0.0002779   -30.1327168   -42.3796304    -2.0450859    25.7304160
  9.55000019 60.39999390 -0.00093566 -0.02351732     0.0000132    -0.0000980     0.0000412     0.0001028    -6.9550731   -27.5451125    -1.7629604     9.5195925
 13.55000019 60.39999390 -0.00085768 -0.01930731     0.0000244    -0.0000633     0.0000204     0.0000532     0.5210174   -15.7162856    -0.2122726     4.9245094
 17.54999924 60.39999390 -0.00074059 -0.01611355     0.0000316    -0.0000422     0.0000057    -0.0000012     4.7944811    -8.8765937    -0.0140991    -0.1146218
 25.04999924 60.39999390 -0.00053126 -0.01194207     0.0000267    -0.0000212    -0.0000037     0.0000137     5.3542461    -3.5234722    -0.2726971     1.2694539
 32.54999924 60.39999390 -0.00033962 -0.00938549     0.0000212    -0.0000104    -0.0000055    -0.0000138     5.0733201    -0.7897720     0.1228224    -1.2732382
 42.54999924 60.39999390 -0.00018349 -0.00747873     0.0000131    -0.0000043    -0.0000050     0.0000027     3.2643186     0.0315074    -0.0940333     0.2459525
 52.54999924 60.39999390 -0.00007672 -0.00655144     0.0000066    -0.0000015    -0.0000030    -0.0000072     1.6716154     0.1832786    -0.1051418    -0.6627314
 65.05000305 60.39999390 -0.00002664 -0.00609610     0.0000031    -0.0000004    -0.0000015     0.0000005     0.8104006     0.1662757    -0.0428537     0.0458161
 77.55000305 60.39999390  0.00000000 -0.00597024     0.0000012     0.0000000    -0.0000011    -0.0000031     0.2384954     0.0175922    -0.1882319    -0.2880619
  0.00000000 60.94999313  0.00000000 -0.03478428    -0.0003693    -0.0003693     0.0001725    -0.0000177  -190.7064583  -190.7064583   -90.3651503    -1.6424748
  1.39999998 60.94999313 -0.00050798 -0.03440093    -0.0003470    -0.0003628     0.0001765     0.0000955  -179.5115348  -182.4385910   -82.5700094     8.8448594
  4.55000019 60.94999313 -0.00130277 -0.03064692    -0.0001567    -0.0002863     0.0001523     0.0004129   -91.8412761  -115.8397736   -34.6123200    38.2273996
  9.55000019 60.94999313 -0.00154747 -0.02348938     0.0000478    -0.0001620     0.0000558     0.0000547    -3.7739909   -42.6352404    -2.2986914     5.0629381
 17.54999924 60.94999313 -0.00110784 -0.01610962     0.0000552    -0.0000631     0.0000062    -0.0000042     9.8317875   -12.0745677     0.7586122    -0.3867942
 32.54999924 60.94999313 -0.00047550 -0.00938897     0.0000307    -0.0000146    -0.0000077    -0.0000101     7.4966106    -0.8971573     0.3744961    -0.9319976
 52.54999924 60.94999313 -0.00010542 -0.00655347     0.0000094    -0.0000020    -0.0000041    -0.0000050     2.4636424     0.3451808    -0.0444697    -0.4647694
 77.55000305 60.94999313  0.00000000 -0.00597111     0.0000021     0.0000000    -0.0000017    -0.0000032     0.4700007     0.0883989    -0.2174324    -0.2921922
  0.00000000 61.49999237  0.00000000 -0.03464861    -0.0005609    -0.0005609     0.0003208    -0.0000279  -276.8978725  -276.8978725  -113.6204969    -2.5803384
  0.69999999 61.49999237 -0.00039273 -0.03455746    -0.0005612    -0.0005610     0.0003400     0.0000237  -272.9282802  -272.8953785  -106.0274853     2.1969840
  1.39999998 61.49999237 -0.00078571 -0.03424500    -0.0005695    -0.0005612     0.0003906     0.0000074  -265.3749476  -263.8414169   -87.5854492     0.6824991
  2.97499990 61.49999237 -0.00157133 -0.03293537    -0.0004202    -0.0005282     0.0002194     0.0000049  -235.2995242  -255.2984549  -116.8548964     0.4563357
  4.55000019 61.49999237 -0.00210929 -0.03053726    -0.0002005    -0.0004636     0.0002465     0.0001731  -127.3440172  -176.0672859   -44.5770682    16.0324007
  7.05000019 61.49999237 -0.00229799 -0.02666756    -0.0000130    -0.0003260     0.0001981    -0.0000228   -32.8218113   -90.7855395     6.2600946    -2.1107881
  9.55000019 61.49999237 -0.00217405 -0.02345597     0.0000964    -0.0002276     0.0000657     0.0000079     3.7005211   -56.3124180    -1.9869006     0.7327553
 13.55000019 61.49999237 -0.00183867 -0.01928248     0.0000870    -0.0001357     0.0000266     0.0000104    11.3126131   -29.9180820     0.1323795     0.9605956
 17.54999924 61.49999237 -0.00147844 -0.01610676     0.0000796    -0.0000842     0.0000042    -0.0000117    14.6365339   -15.6957327     0.6911727    -1.0861403
 25.04999924 61.49999237 -0.00101430 -0.01194957     0.0000578    -0.0000405    -0.0000092     0.0000057    12.4692870    -5.7386105     0.0567017     0.5298057
 32.54999924 61.49999237 -0.00061096 -0.00939401     0.0000403    -0.0000188    -0.0000106    -0.0000091     9.8408381    -1.1042598     0.4113059    -0.8450416
 42.54999924 61.49999237 -0.00033694 -0.00748626     0.0000239    -0.0000079    -0.0000087     0.0000031     5.9855852     0.1006004    -0.0418867     0.2871584
 52.54999924 61.49999237 -0.00013376 -0.00655596     0.0000123    -0.0000025    -0.0000050    -0.0000042     3.3064699     0.5607239     0.1137577    -0.3864030
 65.05000305 61.49999237 -0.00005165 -0.00609813     0.0000054    -0.0000008    -0.0000024     0.0000009     1.4670648     0.3291893     0.0406544     0.0871241
 77.55000305 61.49999237  0.00000000 -0.00597206     0.0000029     0.0000000    -0.0000018    -0.0000032     0.7764630     0.2368350    -0.0997915    -0.2949322
           1           3          26          24
           3           5          28          26
           5           7          30          28
           7           9          32          30
           9          11          34          32
          11          13          36          34
          13          15          38          36
          24          26          49          47
          26          28          51          49
          28          30          53          51
          30          32          55          53
          32          34          57          55
          34          36          59          57
          36          38          61          59
          47          49          72          70
          49          51          74          72
          51          53          76          74
          53          55          78          76
          55          57          80          78
          57          59          82          80
          59          61          84          82
          70          72          95          93
          72          74          97          95
          74          76          99          97
          76          78         101          99
          78          80         103         101
          80          82         105         103
          82          84         107         105
          93          95         118         116
          95          97         120         118
          97          99         122         120
          99         101         124         122
         101         103         126         124
         103         105         128         126
         105         107         130         128
         116         118         141         139
         118         120         143         141
         120         122         145         143
         122         124         147         145
         124         126         149         147
         126         128         151         149
         128         130         153         151
         139         141         164         162
         141         143         166         164
         143         145         168         166
         145         147         170         168
         147         149         172         170
         149         151         174         172
         151         153         176         174
         162         164         187         185
         164         166         189         187
         166         168         191         189
         168         170         193         191
         170         172         195         193
         172         174         197         195
         174         176         199         197
         185         187         210         208
         187         189         212         210
         189         191         214         212
         191         193         216         214
         193         195         218         216
         195         197         220         218
         197         199         222         220
         208         210         233         231
         210         212         235         233
         212         214         237         235
         214         216         239         237
         216         218         241         239
         218         220         243         241
         220         222         245         243
         231         233         256         254
         233         235         258         256
         235         237         260         258
         237         239         262         260
         239         241         264         262
         241         243         266         264
         243         245         268         266
         254         256         279         277
         256         258         281         279
         258         260         283         281
         260         262         285         283
         262         264         287         285
         264         266         289         287
         266         268         291         289
         277         279         302         300
         279         281         304         302
         281         283         306         304
         283         285         308         306
         285         287         310         308
         287         289         312         310
         289         291         314         312
         300         302         325         323
         302         304         327         325
         304         306         329         327
         306         308         331         329
         308         310         333         331
         310         312         335         333
         312         314         337         335
         323         325         348         346
         325         327         350         348
         327         329         352         350
         329         331         354         352
         331         333         356         354
         333         335         358         356
         335         337         360         358
         346         348         371         369
         348         350         373         371
         350         352         375         373
         352         354         377         375
         354         356         379         377
         356         358         381         379
         358         360         383         381
         369         371         394         392
         371         373         396         394
         373         375         398         396
         375         377         400         398
         377         379         402         400
         379         381         404         402
         381         383         406         404
         392         394         417         415
         394         396         419         417
         396         398         421         419
         398         400         423         421
         400         402         425         423
         402         404         427         425
         404         406         429         427
         415         417         440         438
         417         419         442         440
         419         421         444         442
         421         423         446         444
         423         425         448         446
         425         427         450         448
         427         429         452         450
         438         440         463         461
         440         442         465         463
         442         444         467         465
         444         446         469         467
         446         448         471         469
         448         450         473         471
         450         452         475         473
