800 elm
800,2521,201
3
0,0,0
AC
200000.,0.35,0.,0.,-0.0839,0.,22.,0.67
BASE
18000.,0.3,0.,0.,-0.0781,40.,0.,0.6
SUBGRADE
6000.,0.45,0.,0.,-0.0694,0.,10.5,0.82
40,20,0,0.,0.
40.,40.,40.,40.,36.,30.,30.,25.,25.,20.,20.,12.,8.,6.,4.,4.,4,4,4,4,4,4,4,4,4,4,3.5,4.0,4.0,4.0,4.0,4.0,4.0,4.0,4.0,4.0,4.0,2.0,3.0,3.0
2.62,3.,3.,5.,5,5,5,5,5,5,5,5,5,5,8.,12.,15.,20.,20.,20
1,520, 3 
521,740, 2 
741,800, 1 
0,0,0
4
501,521,721,741
5,10,0.5,0.3,0.15,0.33
2
2,2,2318,0.64,0.065,287,3.416,-2.808,753.9,0.834,-0.167 
3,4,6000,6,1000,200,2,21,0,0, 0 
0,0
3
781
0.,0.,0.,0.,0.,-182,0.,0.
782
0.,0.,0.,0.,0.,-182,0.,0.
783
0.,0.,0.,0.,0.,-182,0.,0.
0
1,1,1,0.,0.
2,1,1,0.,0.
3,1,1,0.,0.
4,1,1,0.,0.
5,1,1,0.,0.
6,1,1,0.,0.
7,1,1,0.,0.
8,1,1,0.,0.
9,1,1,0.,0.
10,1,1,0.,0.
11,1,1,0.,0.
12,1,1,0.,0.
13,1,1,0.,0.
14,1,1,0.,0.
15,1,1,0.,0.
16,1,1,0.,0.
17,1,1,0.,0.
18,1,1,0.,0.
19,1,1,0.,0.
20,1,1,0.,0.
21,1,1,0.,0.
22,1,1,0.,0.
23,1,1,0.,0.
24,1,1,0.,0.
25,1,1,0.,0.
26,1,1,0.,0.
27,1,1,0.,0.
28,1,1,0.,0.
29,1,1,0.,0.
30,1,1,0.,0.
31,1,1,0.,0.
32,1,1,0.,0.
33,1,1,0.,0.
34,1,1,0.,0.
35,1,1,0.,0.
36,1,1,0.,0.
37,1,1,0.,0.
38,1,1,0.,0.
39,1,1,0.,0.
40,1,1,0.,0.
41,1,1,0.,0.
42,1,0,0.,0.
62,1,0,0.,0.
63,1,0,0.,0.
103,1,0,0.,0.
104,1,0,0.,0.
124,1,0,0.,0.
125,1,0,0.,0.
165,1,0,0.,0.
166,1,0,0.,0.
186,1,0,0.,0.
187,1,0,0.,0.
227,1,0,0.,0.
228,1,0,0.,0.
248,1,0,0.,0.
249,1,0,0.,0.
289,1,0,0.,0.
290,1,0,0.,0.
310,1,0,0.,0.
311,1,0,0.,0.
351,1,0,0.,0.
352,1,0,0.,0.
372,1,0,0.,0.
373,1,0,0.,0.
413,1,0,0.,0.
414,1,0,0.,0.
434,1,0,0.,0.
435,1,0,0.,0.
475,1,0,0.,0.
476,1,0,0.,0.
496,1,0,0.,0.
497,1,0,0.,0.
537,1,0,0.,0.
538,1,0,0.,0.
558,1,0,0.,0.
559,1,0,0.,0.
599,1,0,0.,0.
600,1,0,0.,0.
620,1,0,0.,0.
621,1,0,0.,0.
661,1,0,0.,0.
662,1,0,0.,0.
682,1,0,0.,0.
683,1,0,0.,0.
723,1,0,0.,0.
724,1,0,0.,0.
744,1,0,0.,0.
745,1,0,0.,0.
785,1,0,0.,0.
786,1,0,0.,0.
806,1,0,0.,0.
807,1,0,0.,0.
847,1,0,0.,0.
848,1,0,0.,0.
868,1,0,0.,0.
869,1,0,0.,0.
909,1,0,0.,0.
910,1,0,0.,0.
930,1,0,0.,0.
931,1,0,0.,0.
971,1,0,0.,0.
972,1,0,0.,0.
992,1,0,0.,0.
993,1,0,0.,0.
1033,1,0,0.,0.
1034,1,0,0.,0.
1054,1,0,0.,0.
1055,1,0,0.,0.
1095,1,0,0.,0.
1096,1,0,0.,0.
1116,1,0,0.,0.
1117,1,0,0.,0.
1157,1,0,0.,0.
1158,1,0,0.,0.
1178,1,0,0.,0.
1179,1,0,0.,0.
1219,1,0,0.,0.
1220,1,0,0.,0.
1240,1,0,0.,0.
1241,1,0,0.,0.
1281,1,0,0.,0.
1282,1,0,0.,0.
1302,1,0,0.,0.
1303,1,0,0.,0.
1343,1,0,0.,0.
1344,1,0,0.,0.
1364,1,0,0.,0.
1365,1,0,0.,0.
1405,1,0,0.,0.
1406,1,0,0.,0.
1426,1,0,0.,0.
1427,1,0,0.,0.
1467,1,0,0.,0.
1468,1,0,0.,0.
1488,1,0,0.,0.
1489,1,0,0.,0.
1529,1,0,0.,0.
1530,1,0,0.,0.
1550,1,0,0.,0.
1551,1,0,0.,0.
1591,1,0,0.,0.
1592,1,0,0.,0.
1612,1,0,0.,0.
1613,1,0,0.,0.
1653,1,0,0.,0.
1654,1,0,0.,0.
1674,1,0,0.,0.
1675,1,0,0.,0.
1715,1,0,0.,0.
1716,1,0,0.,0.
1736,1,0,0.,0.
1737,1,0,0.,0.
1777,1,0,0.,0.
1778,1,0,0.,0.
1798,1,0,0.,0.
1799,1,0,0.,0.
1839,1,0,0.,0.
1840,1,0,0.,0.
1860,1,0,0.,0.
1861,1,0,0.,0.
1901,1,0,0.,0.
1902,1,0,0.,0.
1922,1,0,0.,0.
1923,1,0,0.,0.
1963,1,0,0.,0.
1964,1,0,0.,0.
1984,1,0,0.,0.
1985,1,0,0.,0.
2025,1,0,0.,0.
2026,1,0,0.,0.
2046,1,0,0.,0.
2047,1,0,0.,0.
2087,1,0,0.,0.
2088,1,0,0.,0.
2108,1,0,0.,0.
2109,1,0,0.,0.
2149,1,0,0.,0.
2150,1,0,0.,0.
2170,1,0,0.,0.
2171,1,0,0.,0.
2211,1,0,0.,0.
2212,1,0,0.,0.
2232,1,0,0.,0.
2233,1,0,0.,0.
2273,1,0,0.,0.
2274,1,0,0.,0.
2294,1,0,0.,0.
2295,1,0,0.,0.
2335,1,0,0.,0.
2336,1,0,0.,0.
2356,1,0,0.,0.
2357,1,0,0.,0.
2397,1,0,0.,0.
2398,1,0,0.,0.
2418,1,0,0.,0.
2419,1,0,0.,0.
2459,1,0,0.,0.
2460,1,0,0.,0.
2480,1,0,0.,0.
2481,1,0,0.,0.
2521,1,0,0.,0.
0
3
1,1633,1,520
1613,2315,521,740
2295,2501,741,800
