GEORGIA TECH TEST PIT GRID (140 elements, linear run)
378,2130,165,365 elements, nodes, boundary nodes, interface elements
7 material types
0,1,1,1,0,0,0
AC
250000,0.35,0.,0.,-0.0856
BASE
53960,18867,0.15,0.43,0.79577,0.34965,0.,0.,-0.0804
BASE
38000,13287,0.15,0.43,0.08521,0.34965,0.,0.,-0.0804
BASE
31084,10719,0.10,0.45,0.02775,0.34483,0.,0.,-0.0804
SUBGRADE
3000.,0.40,0.,0.,-0.0607
SUBGRADE
6000.,0.40,0.,0.,-0.0607
SUBGRADE
15000.,0.40,0.,0.,-0.0607
3 nzone
10,14,1,0.,0.,1,0
10.,10.,7.,7.,4.,4.,2.5,2.5,1.5,1.5
0.7,0.7,1.575,1.575,2.5,2.5,4.,4.,7.5,7.5,10.,10.,12.5,12.5
13,14,470,0.,50.,141,1
0.2,0.65,0.65,0.65,0.65,0.65,0.65,0.65,0.65,0.65,0.65,0.65,0.65
0.7,0.7,1.575,1.575,2.5,2.5,4.,4.,7.5,7.5,10.,10.,12.5,12.5
4,14,1926,0.,58.,323,0
0.2,1.1,1.1,1.1
0.7,0.7,1.575,1.575,2.5,2.5,4.,4.,7.5,7.5,10.,10.,12.5,12.5
1,28,7 material types
29,112,6
113,140,5
141,210,4
211,266,3
267,322,2
323,378,1
0,0,0
4 bordering elements
127,141,309,323
9.e+6,1.5e+4,1.5E+2,0.,46.,45.,45.
0,0  temp. option
4   edge loads
365
0.,0.,0.,0.,0.,-100.,0.,0.
366
0.,0.,0.,0.,0.,-100.,0.,0.
367
0.,0.,0.,0.,0.,-100.,0.,0.
368
0.,0.,0.,0.,0.,-100.,0.,0.
0  horizontal residual stresses
1,1,1,0.,0.  boundary conditions
2,1,1,0.,0.
3,1,1,0.,0.
4,1,1,0.,0.
5,1,1,0.,0.
6,1,1,0.,0.
7,1,1,0.,0.
8,1,1,0.,0.
9,1,1,0.,0.
10,1,1,0.,0.
11,1,1,0.,0.
12,1,1,0.,0.
13,1,1,0.,0.
14,1,1,0.,0.
15,1,1,0.,0.
16,1,0,0.,0.
17,1,1,0.,0.
18,1,1,0.,0.
19,1,1,0.,0.
20,1,1,0.,0.
21,1,1,0.,0.
22,1,1,0.,0.
23,1,1,0.,0.
24,1,1,0.,0.
25,1,1,0.,0.
26,1,1,0.,0.
27,1,1,0.,0.
28,1,1,0.,0.
29,1,1,0.,0.
30,1,0,0.,0.
44,1,0,0.,0.
45,1,0,0.,0.
73,1,0,0.,0.
74,1,0,0.,0.
88,1,0,0.,0.
89,1,0,0.,0.
117,1,0,0.,0.
118,1,0,0.,0.
132,1,0,0.,0.
133,1,0,0.,0.
161,1,0,0.,0.
162,1,0,0.,0.
176,1,0,0.,0.
177,1,0,0.,0.
205,1,0,0.,0.
206,1,0,0.,0.
220,1,0,0.,0.
221,1,0,0.,0.
249,1,0,0.,0.
250,1,0,0.,0.
264,1,0,0.,0.
265,1,0,0.,0.
293,1,0,0.,0.
294,1,0,0.,0.
308,1,0,0.,0.
309,1,0,0.,0.
337,1,0,0.,0.
338,1,0,0.,0.
352,1,0,0.,0.
353,1,0,0.,0.
381,1,0,0.,0.
382,1,0,0.,0.
396,1,0,0.,0.
397,1,0,0.,0.
425,1,0,0.,0.
426,1,0,0.,0.
440,1,0,0.,0.
441,1,0,0.,0.
469,1,0,0.,0.
470,1,0,0.,0.
511,1,0,0.,0.
512,1,0,0.,0.
539,1,0,0.,0.
540,1,0,0.,0.
581,1,0,0.,0.
582,1,0,0.,0.
623,1,0,0.,0.
624,1,0,0.,0.
652,1,0,0.,0.
653,1,0,0.,0.
693,1,0,0.,0.
694,1,0,0.,0.
735,1,0,0.,0.
736,1,0,0.,0.
763,1,0,0.,0.
764,1,0,0.,0.
805,1,0,0.,0.
806,1,0,0.,0.
847,1,0,0.,0.
848,1,0,0.,0.
875,1,0,0.,0.
876,1,0,0.,0.
917,1,0,0.,0.
918,1,0,0.,0.
959,1,0,0.,0.
960,1,0,0.,0.
987,1,0,0.,0.
988,1,0,0.,0.
1029,1,0,0.,0.
1030,1,0,0.,0.
1071,1,0,0.,0.
1072,1,0,0.,0.
1099,1,0,0.,0.
1100,1,0,0.,0.
1141,1,0,0.,0.
1142,1,0,0.,0.
1183,1,0,0.,0.
1184,1,0,0.,0.
1211,1,0,0.,0.
1212,1,0,0.,0.
1253,1,0,0.,0.
1254,1,0,0.,0.
1295,1,0,0.,0.
1296,1,0,0.,0.
1323,1,0,0.,0.
1324,1,0,0.,0.
1365,1,0,0.,0.
1366,1,0,0.,0.
1407,1,0,0.,0.
1408,1,0,0.,0.
1435,1,0,0.,0.
1436,1,0,0.,0.
1477,1,0,0.,0.
1478,1,0,0.,0.
1519,1,0,0.,0.
1520,1,0,0.,0.
1547,1,0,0.,0.
1548,1,0,0.,0.
1589,1,0,0.,0.
1590,1,0,0.,0.
1631,1,0,0.,0.
1632,1,0,0.,0.
1659,1,0,0.,0.
1660,1,0,0.,0.
1701,1,0,0.,0.
1702,1,0,0.,0.
1743,1,0,0.,0.
1744,1,0,0.,0.
1771,1,0,0.,0.
1772,1,0,0.,0.
1813,1,0,0.,0.
1814,1,0,0.,0.
1855,1,0,0.,0.
1856,1,0,0.,0.
1883,1,0,0.,0.
1884,1,0,0.,0.
1925,1,0,0.,0.
1926,1,0,0.,0.
1954,1,0,0.,0.
1955,1,0,0.,0.
1969,1,0,0.,0.
1970,1,0,0.,0.
1998,1,0,0.,0.
1999,1,0,0.,0.
2013,1,0,0.,0.
2014,1,0,0.,0.
2042,1,0,0.,0.
2043,1,0,0.,0.
2057,1,0,0.,0.
2058,1,0,0.,0.
2086,1,0,0.,0.
2087,1,0,0.,0.
2101,1,0,0.,0.
2102,1,0,0.,0.
2130,1,0,0.,0.
0
