GEORGIA TECH TEST PIT GRID (140 elements, linear run)
143,745,111,101 elements, nodes, boundary nodes, interface elements
7 material types
0,1,1,1,0,0,0
AC
250000,0.35,0.,0.,-0.0856
BASE
53960,18867,0.15,0.43,0.79577,0.34965,0.,0.,-0.0804
BASE
38000,13287,0.15,0.43,0.08521,0.34965,0.,0.,-0.0804
BASE
31084,10719,0.10,0.45,0.02775,0.34483,0.,0.,-0.0804
SUBGRADE
3000.,0.40,0.,0.,-0.0607
SUBGRADE
6000.,0.40,0.,0.,-0.0607
SUBGRADE
15000.,0.40,0.,0.,-0.0607
9 nzone
9,7,1,0.,0.,1,0
20.,10.,6.,4.,2.,2.,2.,2.,2.
1.4,3.15,5.,8.,15.,20.,25.
1,7,223,0.,50.,64,1
0.2
1.4,3.15,5.,8.,15.,20.,25.
1,8,279,0.,50.2,71,1
1.3
0.7,2.275,4.075,6.5,11.5,17.5,22.5,12.5
1,7,343,0.,51.5,79,1
1.3
1.4,3.15,5.,8.,15.,20.,25.
1,8,399,0.,52.8,86,1
1.3
0.7,2.275,4.075,6.5,11.5,17.5,22.5,12.5
1,7,463,0.,54.1,94,1
1.3
1.4,3.15,5.,8.,15.,20.,25.
1,8,519,0.,55.4,101,1
1.3
0.7,2.275,4.075,6.5,11.5,17.5,22.5,12.5
1,7,583,0.,56.7,109,1
1.3
1.4,3.15,5.,8.,15.,20.,25.
4,7,639,0.,58.,116,0
0.2,1.1,1.1,1.1
1.4,3.15,5.,8.,15.,20.,25.
1,7,7 material types
8,49,6
50,63,5
64,85,4
86,100,3
101,115,2
116,143,1
0,0,0
4 bordering elements
57,64,109,116
9.e+6,1.5e+4,1.5E+2,0.,46.,45.,45.
0,0  temp. option
2   edge loads
137
0.,0.,0.,0.,0.,-100.,0.,0.
138
0.,0.,0.,0.,0.,-100.,0.,0.
0  horizontal residual stresses
1,1,1,0.,0.  boundary conditions
2,1,1,0.,0.
3,1,1,0.,0.
4,1,1,0.,0.
5,1,1,0.,0.
6,1,1,0.,0.
7,1,1,0.,0.
8,1,1,0.,0.
9,1,1,0.,0.
10,1,1,0.,0.
11,1,1,0.,0.
12,1,1,0.,0.
13,1,1,0.,0.
14,1,1,0.,0.
15,1,1,0.,0.
16,1,0,0.,0.
23,1,0,0.,0.
24,1,0,0.,0.
38,1,0,0.,0.
39,1,0,0.,0.
46,1,0,0.,0.
47,1,0,0.,0.
61,1,0,0.,0.
62,1,0,0.,0.
69,1,0,0.,0.
70,1,0,0.,0.
84,1,0,0.,0.
85,1,0,0.,0.
92,1,0,0.,0.
93,1,0,0.,0.
107,1,0,0.,0.
108,1,0,0.,0.
115,1,0,0.,0.
116,1,0,0.,0.
130,1,0,0.,0.
131,1,0,0.,0.
138,1,0,0.,0.
139,1,0,0.,0.
153,1,0,0.,0.
154,1,0,0.,0.
161,1,0,0.,0.
162,1,0,0.,0.
176,1,0,0.,0.
177,1,0,0.,0.
184,1,0,0.,0.
185,1,0,0.,0.
199,1,0,0.,0.
200,1,0,0.,0.
207,1,0,0.,0.
208,1,0,0.,0.
222,1,0,0.,0.
223,1,0,0.,0.
243,1,0,0.,0.
244,1,0,0.,0.
257,1,0,0.,0.
258,1,0,0.,0.
278,1,0,0.,0.
279,1,0,0.,0.
302,1,0,0.,0.
303,1,0,0.,0.
318,1,0,0.,0.
319,1,0,0.,0.
342,1,0,0.,0.
343,1,0,0.,0.
363,1,0,0.,0.
364,1,0,0.,0.
377,1,0,0.,0.
378,1,0,0.,0.
398,1,0,0.,0.
399,1,0,0.,0.
422,1,0,0.,0.
423,1,0,0.,0.
438,1,0,0.,0.
439,1,0,0.,0.
462,1,0,0.,0.
463,1,0,0.,0.
483,1,0,0.,0.
484,1,0,0.,0.
497,1,0,0.,0.
498,1,0,0.,0.
518,1,0,0.,0.
519,1,0,0.,0.
542,1,0,0.,0.
543,1,0,0.,0.
558,1,0,0.,0.
559,1,0,0.,0.
582,1,0,0.,0.
583,1,0,0.,0.
603,1,0,0.,0.
604,1,0,0.,0.
617,1,0,0.,0.
618,1,0,0.,0.
638,1,0,0.,0.
639,1,0,0.,0.
653,1,0,0.,0.
654,1,0,0.,0.
661,1,0,0.,0.
662,1,0,0.,0.
676,1,0,0.,0.
677,1,0,0.,0.
684,1,0,0.,0.
685,1,0,0.,0.
699,1,0,0.,0.
700,1,0,0.,0.
707,1,0,0.,0.
708,1,0,0.,0.
722,1,0,0.,0.
723,1,0,0.,0.
730,1,0,0.,0.
731,1,0,0.,0.
745,1,0,0.,0.
0