GEORGIA TECH TEST PIT GRID 
24,95,23
1
0
BASE
45000,0.45,0.,0.,-0.0825
8,3,0,0.,0.
1.55,1.55,1.55,1.55,1.55,1.55,1.55,1.55
1.013,1.013,1.013
1,24,1
0,0,0
8
4,6,7,9,16,18,19,21
5,10,1.,0.3,0.15
1,4231.,0.645,-0.056,10370.,0.838,-0.426,2740.,2.1
0,0
10
3
0.,0.,-10.,0.,0.,0.,0.,0.
6
0.,0.,-10.,0.,0.,0.,0.,0.
9
0.,0.,-10.,0.,0.,0.,0.,0.
12
0.,0.,-10.,0.,0.,0.,0.,0.
15
0.,0.,-10.,0.,0.,0.,0.,0.
18
0.,0.,-10.,0.,0.,0.,0.,0.
21
0.,0.,-10.,0.,0.,0.,0.,0.
22
0.,0.,0.,0.,0.,-20.,0.,0.
23
0.,0.,0.,0.,0.,-20.,0.,0.
24
0.,0.,-10.,0.,0.,-20.,0.,0.
0
1,1,1,0.,0.
2,1,1,0.,0.
3,1,1,0.,0.
4,1,1,0.,0.
5,1,1,0.,0.
6,1,1,0.,0.
7,1,1,0.,0.
8,1,0,0.,0.
12,1,0,0.,0.
19,1,0,0.,0.
23,1,0,0.,0.
30,1,0,0.,0.
34,1,0,0.,0.
41,1,0,0.,0.
45,1,0,0.,0.
52,1,0,0.,0.
56,1,0,0.,0.
63,1,0,0.,0.
67,1,0,0.,0.
74,1,0,0.,0.
78,1,0,0.,0.
85,1,0,0.,0.
89,1,0,0.,0.
0