 TITLE = "GEORGIA TECH TEST PIT GRID                                                      "
 VARIABLES = "R","Z","DISP_R","DISP_Z","EPSR","EPSTH","EPSZ","EPSRZ","SIGMAR","SIGMATH","SIGMAZ","SIGMARZ","SIGMA1","SIGMA2","SIGMA3","ANGLE"
 ZONE T="GEOMETRY & DISP", N=   95, E=   24, F=FEPOINT, ET=QUADRILATERAL
  0.00000000  0.00000000  0.00000000  0.00000000     0.0000000     0.0000000     0.0000000     0.0000000     0.0000000     0.0000000     0.0000000     0.0000000     0.0000000     0.0000000     0.0000000     0.0000000
  0.50650001  0.00000000  0.00000000  0.00000000     0.0000000     0.0000000     0.0000000     0.0000000     0.0000000     0.0000000     0.0000000     0.0000000     0.0000000     0.0000000     0.0000000     0.0000000
  1.01300001  0.00000000  0.00000000  0.00000000     0.0000000     0.0000000     0.0000000     0.0000000     0.0000000     0.0000000     0.0000000     0.0000000     0.0000000     0.0000000     0.0000000     0.0000000
  1.51950002  0.00000000  0.00000000  0.00000000     0.0000000     0.0000000     0.0000000     0.0000000     0.0000000     0.0000000     0.0000000     0.0000000     0.0000000     0.0000000     0.0000000     0.0000000
  2.02600002  0.00000000  0.00000000  0.00000000     0.0000000     0.0000000     0.0000000     0.0000000     0.0000000     0.0000000     0.0000000     0.0000000     0.0000000     0.0000000     0.0000000     0.0000000
  2.53250003  0.00000000  0.00000000  0.00000000     0.0000000     0.0000000     0.0000000     0.0000000     0.0000000     0.0000000     0.0000000     0.0000000     0.0000000     0.0000000     0.0000000     0.0000000
  3.03900003  0.00000000  0.00000000  0.00000000     0.0000000     0.0000000     0.0000000     0.0000000     0.0000000     0.0000000     0.0000000     0.0000000     0.0000000     0.0000000     0.0000000     0.0000000
  0.00000000  0.77499998  0.00000000 -0.00012561     0.0000000     0.0000000     0.0000000     0.0000000     0.0000000     0.0000000     0.0000000     0.0000000     0.0000000     0.0000000     0.0000000     0.0000000
  1.01300001  0.77499998  0.00004807 -0.00012853     0.0000000     0.0000000     0.0000000     0.0000000     0.0000000     0.0000000     0.0000000     0.0000000     0.0000000     0.0000000     0.0000000     0.0000000
  2.02600002  0.77499998  0.00010499 -0.00013544     0.0000000     0.0000000     0.0000000     0.0000000     0.0000000     0.0000000     0.0000000     0.0000000     0.0000000     0.0000000     0.0000000     0.0000000
  3.03900003  0.77499998  0.00018561 -0.00016400     0.0000000     0.0000000     0.0000000     0.0000000     0.0000000     0.0000000     0.0000000     0.0000000     0.0000000     0.0000000     0.0000000     0.0000000
  0.00000000  1.54999995  0.00000000 -0.00031238     0.0000000     0.0000000     0.0000000     0.0000000     0.0000000     0.0000000     0.0000000     0.0000000     0.0000000     0.0000000     0.0000000     0.0000000
  0.50650001  1.54999995  0.00004078 -0.00031253     0.0000000     0.0000000     0.0000000     0.0000000     0.0000000     0.0000000     0.0000000     0.0000000     0.0000000     0.0000000     0.0000000     0.0000000
  1.01300001  1.54999995  0.00008263 -0.00031833     0.0000000     0.0000000     0.0000000     0.0000000     0.0000000     0.0000000     0.0000000     0.0000000     0.0000000     0.0000000     0.0000000     0.0000000
  1.51950002  1.54999995  0.00012669 -0.00032620     0.0000000     0.0000000     0.0000000     0.0000000     0.0000000     0.0000000     0.0000000     0.0000000     0.0000000     0.0000000     0.0000000     0.0000000
  2.02600002  1.54999995  0.00017469 -0.00034187     0.0000000     0.0000000     0.0000000     0.0000000     0.0000000     0.0000000     0.0000000     0.0000000     0.0000000     0.0000000     0.0000000     0.0000000
  2.53250003  1.54999995  0.00022118 -0.00035658     0.0000000     0.0000000     0.0000000     0.0000000     0.0000000     0.0000000     0.0000000     0.0000000     0.0000000     0.0000000     0.0000000     0.0000000
  3.03900003  1.54999995  0.00027180 -0.00038423     0.0000000     0.0000000     0.0000000     0.0000000     0.0000000     0.0000000     0.0000000     0.0000000     0.0000000     0.0000000     0.0000000     0.0000000
  0.00000000  2.32499981  0.00000000 -0.00053542     0.0000000     0.0000000     0.0000000     0.0000000     0.0000000     0.0000000     0.0000000     0.0000000     0.0000000     0.0000000     0.0000000     0.0000000
  1.01300001  2.32499981  0.00009995 -0.00054340     0.0000000     0.0000000     0.0000000     0.0000000     0.0000000     0.0000000     0.0000000     0.0000000     0.0000000     0.0000000     0.0000000     0.0000000
  2.02600002  2.32499981  0.00019876 -0.00056796     0.0000000     0.0000000     0.0000000     0.0000000     0.0000000     0.0000000     0.0000000     0.0000000     0.0000000     0.0000000     0.0000000     0.0000000
  3.03900003  2.32499981  0.00029217 -0.00060410     0.0000000     0.0000000     0.0000000     0.0000000     0.0000000     0.0000000     0.0000000     0.0000000     0.0000000     0.0000000     0.0000000     0.0000000
  0.00000000  3.09999990  0.00000000 -0.00077659     0.0000000     0.0000000     0.0000000     0.0000000     0.0000000     0.0000000     0.0000000     0.0000000     0.0000000     0.0000000     0.0000000     0.0000000
  0.50650001  3.09999990  0.00005290 -0.00077926     0.0000000     0.0000000     0.0000000     0.0000000     0.0000000     0.0000000     0.0000000     0.0000000     0.0000000     0.0000000     0.0000000     0.0000000
  1.01300001  3.09999990  0.00010537 -0.00078342     0.0000000     0.0000000     0.0000000     0.0000000     0.0000000     0.0000000     0.0000000     0.0000000     0.0000000     0.0000000     0.0000000     0.0000000
  1.51950002  3.09999990  0.00015828 -0.00079265     0.0000000     0.0000000     0.0000000     0.0000000     0.0000000     0.0000000     0.0000000     0.0000000     0.0000000     0.0000000     0.0000000     0.0000000
  2.02600002  3.09999990  0.00020870 -0.00080193     0.0000000     0.0000000     0.0000000     0.0000000     0.0000000     0.0000000     0.0000000     0.0000000     0.0000000     0.0000000     0.0000000     0.0000000
  2.53250003  3.09999990  0.00025792 -0.00081300     0.0000000     0.0000000     0.0000000     0.0000000     0.0000000     0.0000000     0.0000000     0.0000000     0.0000000     0.0000000     0.0000000     0.0000000
  3.03900003  3.09999990  0.00030107 -0.00082159     0.0000000     0.0000000     0.0000000     0.0000000     0.0000000     0.0000000     0.0000000     0.0000000     0.0000000     0.0000000     0.0000000     0.0000000
  0.00000000  3.87500000  0.00000000 -0.00102060     0.0000000     0.0000000     0.0000000     0.0000000     0.0000000     0.0000000     0.0000000     0.0000000     0.0000000     0.0000000     0.0000000     0.0000000
  1.01300001  3.87500000  0.00010502 -0.00102638     0.0000000     0.0000000     0.0000000     0.0000000     0.0000000     0.0000000     0.0000000     0.0000000     0.0000000     0.0000000     0.0000000     0.0000000
  2.02600002  3.87500000  0.00020657 -0.00103886     0.0000000     0.0000000     0.0000000     0.0000000     0.0000000     0.0000000     0.0000000     0.0000000     0.0000000     0.0000000     0.0000000     0.0000000
  3.03900003  3.87500000  0.00030093 -0.00104364     0.0000000     0.0000000     0.0000000     0.0000000     0.0000000     0.0000000     0.0000000     0.0000000     0.0000000     0.0000000     0.0000000     0.0000000
  0.00000000  4.64999962  0.00000000 -0.00126304     0.0000000     0.0000000     0.0000000     0.0000000     0.0000000     0.0000000     0.0000000     0.0000000     0.0000000     0.0000000     0.0000000     0.0000000
  0.50650001  4.64999962  0.00005180 -0.00126340     0.0000000     0.0000000     0.0000000     0.0000000     0.0000000     0.0000000     0.0000000     0.0000000     0.0000000     0.0000000     0.0000000     0.0000000
  1.01300001  4.64999962  0.00010305 -0.00126602     0.0000000     0.0000000     0.0000000     0.0000000     0.0000000     0.0000000     0.0000000     0.0000000     0.0000000     0.0000000     0.0000000     0.0000000
  1.51950002  4.64999962  0.00015296 -0.00126889     0.0000000     0.0000000     0.0000000     0.0000000     0.0000000     0.0000000     0.0000000     0.0000000     0.0000000     0.0000000     0.0000000     0.0000000
  2.02600002  4.64999962  0.00020184 -0.00127192     0.0000000     0.0000000     0.0000000     0.0000000     0.0000000     0.0000000     0.0000000     0.0000000     0.0000000     0.0000000     0.0000000     0.0000000
  2.53250003  4.64999962  0.00024974 -0.00127324     0.0000000     0.0000000     0.0000000     0.0000000     0.0000000     0.0000000     0.0000000     0.0000000     0.0000000     0.0000000     0.0000000     0.0000000
  3.03900003  4.64999962  0.00029821 -0.00127125     0.0000000     0.0000000     0.0000000     0.0000000     0.0000000     0.0000000     0.0000000     0.0000000     0.0000000     0.0000000     0.0000000     0.0000000
  0.00000000  5.42499971  0.00000000 -0.00149995     0.0000000     0.0000000     0.0000000     0.0000000     0.0000000     0.0000000     0.0000000     0.0000000     0.0000000     0.0000000     0.0000000     0.0000000
  1.01300001  5.42499971  0.00010015 -0.00150089     0.0000000     0.0000000     0.0000000     0.0000000     0.0000000     0.0000000     0.0000000     0.0000000     0.0000000     0.0000000     0.0000000     0.0000000
  2.02600002  5.42499971  0.00019811 -0.00150248     0.0000000     0.0000000     0.0000000     0.0000000     0.0000000     0.0000000     0.0000000     0.0000000     0.0000000     0.0000000     0.0000000     0.0000000
  3.03900003  5.42499971  0.00029425 -0.00150130     0.0000000     0.0000000     0.0000000     0.0000000     0.0000000     0.0000000     0.0000000     0.0000000     0.0000000     0.0000000     0.0000000     0.0000000
  0.00000000  6.19999981  0.00000000 -0.00173185     0.0000000     0.0000000     0.0000000     0.0000000     0.0000000     0.0000000     0.0000000     0.0000000     0.0000000     0.0000000     0.0000000     0.0000000
  0.50650001  6.19999981  0.00004902 -0.00173204     0.0000000     0.0000000     0.0000000     0.0000000     0.0000000     0.0000000     0.0000000     0.0000000     0.0000000     0.0000000     0.0000000     0.0000000
  1.01300001  6.19999981  0.00009790 -0.00173213     0.0000000     0.0000000     0.0000000     0.0000000     0.0000000     0.0000000     0.0000000     0.0000000     0.0000000     0.0000000     0.0000000     0.0000000
  1.51950002  6.19999981  0.00014658 -0.00173226     0.0000000     0.0000000     0.0000000     0.0000000     0.0000000     0.0000000     0.0000000     0.0000000     0.0000000     0.0000000     0.0000000     0.0000000
  2.02600002  6.19999981  0.00019506 -0.00173200     0.0000000     0.0000000     0.0000000     0.0000000     0.0000000     0.0000000     0.0000000     0.0000000     0.0000000     0.0000000     0.0000000     0.0000000
  2.53250003  6.19999981  0.00024325 -0.00173137     0.0000000     0.0000000     0.0000000     0.0000000     0.0000000     0.0000000     0.0000000     0.0000000     0.0000000     0.0000000     0.0000000     0.0000000
  3.03900003  6.19999981  0.00029122 -0.00173013     0.0000000     0.0000000     0.0000000     0.0000000     0.0000000     0.0000000     0.0000000     0.0000000     0.0000000     0.0000000     0.0000000     0.0000000
  0.00000000  6.97499990  0.00000000 -0.00196126     0.0000000     0.0000000     0.0000000     0.0000000     0.0000000     0.0000000     0.0000000     0.0000000     0.0000000     0.0000000     0.0000000     0.0000000
  1.01300001  6.97499990  0.00009663 -0.00196106     0.0000000     0.0000000     0.0000000     0.0000000     0.0000000     0.0000000     0.0000000     0.0000000     0.0000000     0.0000000     0.0000000     0.0000000
  2.02600002  6.97499990  0.00019282 -0.00196016     0.0000000     0.0000000     0.0000000     0.0000000     0.0000000     0.0000000     0.0000000     0.0000000     0.0000000     0.0000000     0.0000000     0.0000000
  3.03900003  6.97499990  0.00028864 -0.00195764     0.0000000     0.0000000     0.0000000     0.0000000     0.0000000     0.0000000     0.0000000     0.0000000     0.0000000     0.0000000     0.0000000     0.0000000
  0.00000000  7.75000000  0.00000000 -0.00218859     0.0000000     0.0000000     0.0000000     0.0000000     0.0000000     0.0000000     0.0000000     0.0000000     0.0000000     0.0000000     0.0000000     0.0000000
  0.50650001  7.75000000  0.00004778 -0.00218848     0.0000000     0.0000000     0.0000000     0.0000000     0.0000000     0.0000000     0.0000000     0.0000000     0.0000000     0.0000000     0.0000000     0.0000000
  1.01300001  7.75000000  0.00009555 -0.00218818     0.0000000     0.0000000     0.0000000     0.0000000     0.0000000     0.0000000     0.0000000     0.0000000     0.0000000     0.0000000     0.0000000     0.0000000
  1.51950002  7.75000000  0.00014325 -0.00218767     0.0000000     0.0000000     0.0000000     0.0000000     0.0000000     0.0000000     0.0000000     0.0000000     0.0000000     0.0000000     0.0000000     0.0000000
  2.02600002  7.75000000  0.00019090 -0.00218689     0.0000000     0.0000000     0.0000000     0.0000000     0.0000000     0.0000000     0.0000000     0.0000000     0.0000000     0.0000000     0.0000000     0.0000000
  2.53250003  7.75000000  0.00023851 -0.00218576     0.0000000     0.0000000     0.0000000     0.0000000     0.0000000     0.0000000     0.0000000     0.0000000     0.0000000     0.0000000     0.0000000     0.0000000
  3.03900003  7.75000000  0.00028620 -0.00218433     0.0000000     0.0000000     0.0000000     0.0000000     0.0000000     0.0000000     0.0000000     0.0000000     0.0000000     0.0000000     0.0000000     0.0000000
  0.00000000  8.52499962  0.00000000 -0.00241427     0.0000000     0.0000000     0.0000000     0.0000000     0.0000000     0.0000000     0.0000000     0.0000000     0.0000000     0.0000000     0.0000000     0.0000000
  1.01300001  8.52499962  0.00009469 -0.00241380     0.0000000     0.0000000     0.0000000     0.0000000     0.0000000     0.0000000     0.0000000     0.0000000     0.0000000     0.0000000     0.0000000     0.0000000
  2.02600002  8.52499962  0.00018930 -0.00241232     0.0000000     0.0000000     0.0000000     0.0000000     0.0000000     0.0000000     0.0000000     0.0000000     0.0000000     0.0000000     0.0000000     0.0000000
  3.03900003  8.52499962  0.00028391 -0.00240988     0.0000000     0.0000000     0.0000000     0.0000000     0.0000000     0.0000000     0.0000000     0.0000000     0.0000000     0.0000000     0.0000000     0.0000000
  0.00000000  9.30000019  0.00000000 -0.00263856     0.0000000     0.0000000     0.0000000     0.0000000     0.0000000     0.0000000     0.0000000     0.0000000     0.0000000     0.0000000     0.0000000     0.0000000
  0.50650001  9.30000019  0.00004695 -0.00263845     0.0000000     0.0000000     0.0000000     0.0000000     0.0000000     0.0000000     0.0000000     0.0000000     0.0000000     0.0000000     0.0000000     0.0000000
  1.01300001  9.30000019  0.00009390 -0.00263808     0.0000000     0.0000000     0.0000000     0.0000000     0.0000000     0.0000000     0.0000000     0.0000000     0.0000000     0.0000000     0.0000000     0.0000000
  1.51950002  9.30000019  0.00014084 -0.00263746     0.0000000     0.0000000     0.0000000     0.0000000     0.0000000     0.0000000     0.0000000     0.0000000     0.0000000     0.0000000     0.0000000     0.0000000
  2.02600002  9.30000019  0.00018780 -0.00263659     0.0000000     0.0000000     0.0000000     0.0000000     0.0000000     0.0000000     0.0000000     0.0000000     0.0000000     0.0000000     0.0000000     0.0000000
  2.53250003  9.30000019  0.00023476 -0.00263551     0.0000000     0.0000000     0.0000000     0.0000000     0.0000000     0.0000000     0.0000000     0.0000000     0.0000000     0.0000000     0.0000000     0.0000000
  3.03900003  9.30000019  0.00028171 -0.00263419     0.0000000     0.0000000     0.0000000     0.0000000     0.0000000     0.0000000     0.0000000     0.0000000     0.0000000     0.0000000     0.0000000     0.0000000
  0.00000000 10.07499981  0.00000000 -0.00286162     0.0000000     0.0000000     0.0000000     0.0000000     0.0000000     0.0000000     0.0000000     0.0000000     0.0000000     0.0000000     0.0000000     0.0000000
  1.01300001 10.07499981  0.00009317 -0.00286112     0.0000000     0.0000000     0.0000000     0.0000000     0.0000000     0.0000000     0.0000000     0.0000000     0.0000000     0.0000000     0.0000000     0.0000000
  2.02600002 10.07499981  0.00018634 -0.00285967     0.0000000     0.0000000     0.0000000     0.0000000     0.0000000     0.0000000     0.0000000     0.0000000     0.0000000     0.0000000     0.0000000     0.0000000
  3.03900003 10.07499981  0.00027953 -0.00285726     0.0000000     0.0000000     0.0000000     0.0000000     0.0000000     0.0000000     0.0000000     0.0000000     0.0000000     0.0000000     0.0000000     0.0000000
  0.00000000 10.85000038  0.00000000 -0.00308345     0.0000000     0.0000000     0.0000000     0.0000000     0.0000000     0.0000000     0.0000000     0.0000000     0.0000000     0.0000000     0.0000000     0.0000000
  0.50650001 10.85000038  0.00004622 -0.00308333     0.0000000     0.0000000     0.0000000     0.0000000     0.0000000     0.0000000     0.0000000     0.0000000     0.0000000     0.0000000     0.0000000     0.0000000
  1.01300001 10.85000038  0.00009244 -0.00308297     0.0000000     0.0000000     0.0000000     0.0000000     0.0000000     0.0000000     0.0000000     0.0000000     0.0000000     0.0000000     0.0000000     0.0000000
  1.51950002 10.85000038  0.00013867 -0.00308237     0.0000000     0.0000000     0.0000000     0.0000000     0.0000000     0.0000000     0.0000000     0.0000000     0.0000000     0.0000000     0.0000000     0.0000000
  2.02600002 10.85000038  0.00018490 -0.00308153     0.0000000     0.0000000     0.0000000     0.0000000     0.0000000     0.0000000     0.0000000     0.0000000     0.0000000     0.0000000     0.0000000     0.0000000
  2.53250003 10.85000038  0.00023112 -0.00308047     0.0000000     0.0000000     0.0000000     0.0000000     0.0000000     0.0000000     0.0000000     0.0000000     0.0000000     0.0000000     0.0000000     0.0000000
  3.03900003 10.85000038  0.00027736 -0.00307914     0.0000000     0.0000000     0.0000000     0.0000000     0.0000000     0.0000000     0.0000000     0.0000000     0.0000000     0.0000000     0.0000000     0.0000000
  0.00000000 11.62500000  0.00000000 -0.00330405     0.0000000     0.0000000     0.0000000     0.0000000     0.0000000     0.0000000     0.0000000     0.0000000     0.0000000     0.0000000     0.0000000     0.0000000
  1.01300001 11.62500000  0.00009170 -0.00330358     0.0000000     0.0000000     0.0000000     0.0000000     0.0000000     0.0000000     0.0000000     0.0000000     0.0000000     0.0000000     0.0000000     0.0000000
  2.02600002 11.62500000  0.00018341 -0.00330216     0.0000000     0.0000000     0.0000000     0.0000000     0.0000000     0.0000000     0.0000000     0.0000000     0.0000000     0.0000000     0.0000000     0.0000000
  3.03900003 11.62500000  0.00027512 -0.00329980     0.0000000     0.0000000     0.0000000     0.0000000     0.0000000     0.0000000     0.0000000     0.0000000     0.0000000     0.0000000     0.0000000     0.0000000
  0.00000000 12.40000057  0.00000000 -0.00352341     0.0000000     0.0000000     0.0000000     0.0000000     0.0000000     0.0000000     0.0000000     0.0000000     0.0000000     0.0000000     0.0000000     0.0000000
  0.50650001 12.40000057  0.00004549 -0.00352328     0.0000000     0.0000000     0.0000000     0.0000000     0.0000000     0.0000000     0.0000000     0.0000000     0.0000000     0.0000000     0.0000000     0.0000000
  1.01300001 12.40000057  0.00009098 -0.00352293     0.0000000     0.0000000     0.0000000     0.0000000     0.0000000     0.0000000     0.0000000     0.0000000     0.0000000     0.0000000     0.0000000     0.0000000
  1.51950002 12.40000057  0.00013648 -0.00352234     0.0000000     0.0000000     0.0000000     0.0000000     0.0000000     0.0000000     0.0000000     0.0000000     0.0000000     0.0000000     0.0000000     0.0000000
  2.02600002 12.40000057  0.00018199 -0.00352154     0.0000000     0.0000000     0.0000000     0.0000000     0.0000000     0.0000000     0.0000000     0.0000000     0.0000000     0.0000000     0.0000000     0.0000000
  2.53250003 12.40000057  0.00022748 -0.00352044     0.0000000     0.0000000     0.0000000     0.0000000     0.0000000     0.0000000     0.0000000     0.0000000     0.0000000     0.0000000     0.0000000     0.0000000
  3.03900003 12.40000057  0.00027298 -0.00351919     0.0000000     0.0000000     0.0000000     0.0000000     0.0000000     0.0000000     0.0000000     0.0000000     0.0000000     0.0000000     0.0000000     0.0000000
           1           3          14          12
           3           5          16          14
           5           7          18          16
          12          14          25          23
          14          16          27          25
          16          18          29          27
          23          25          36          34
          25          27          38          36
          27          29          40          38
          34          36          47          45
          36          38          49          47
          38          40          51          49
          45          47          58          56
          47          49          60          58
          49          51          62          60
          56          58          69          67
          58          60          71          69
          60          62          73          71
          67          69          80          78
          69          71          82          80
          71          73          84          82
          78          80          91          89
          80          82          93          91
          82          84          95          93
 ZONE T="STRESS & STRAIN", I=  216, F=POINT
  0.11416677  0.17468756  0.00000000  0.00000000     0.0000117     0.0000116    -0.0001401     0.0000077   -16.0544584   -16.0553041   -20.7966519     0.1207104   -20.7997227   -16.0553036   -16.0513878     1.4571806
  0.11416677  0.77499998  0.00000000  0.00000000     0.0000466     0.0000465    -0.0002012     0.0000073   -12.7771674   -12.7806558   -19.9777898     0.1062850   -19.9793587   -12.7806559   -12.7755985     0.8454703
  0.11416677  1.37531245  0.00000000  0.00000000     0.0000736     0.0000734    -0.0002624     0.0000068   -12.9705912   -12.9767905   -22.7443419     0.0995435   -22.7453556   -12.9767904   -12.9695778     0.5834642
  0.50650001  0.17468756  0.00000000  0.00000000     0.0000119     0.0000117    -0.0001404     0.0000324   -16.0640579   -16.0678113   -20.8246326     0.5066429   -20.8779545   -16.0678120   -16.0107365     6.0080278
  0.50650001  0.77499998  0.00000000  0.00000000     0.0000475     0.0000469    -0.0002016     0.0000234   -12.5934937   -12.6089102   -19.8014473     0.3389411   -19.8173504   -12.6089106   -12.5775909     2.6863295
  0.50650001  1.37531245  0.00000000  0.00000000     0.0000750     0.0000741    -0.0002628     0.0000144   -12.5877912   -12.6150578   -22.3321808     0.2071985   -22.3365841   -12.6150579   -12.5833874     1.2175674
  0.89883322  0.17468756  0.00000000  0.00000000     0.0000120     0.0000118    -0.0001430     0.0000575   -16.5112986   -16.5180142   -21.3970318     0.9064718   -21.5597916   -16.5180149   -16.3485394    10.1791606
  0.89883322  0.77499998  0.00000000  0.00000000     0.0000483     0.0000473    -0.0002042     0.0000400   -12.7998718   -12.8273481   -20.1380636     0.5805543   -20.1837101   -12.8273478   -12.7542257     4.4956325
  0.89883322  1.37531245  0.00000000  0.00000000     0.0000765     0.0000748    -0.0002654     0.0000223   -12.6003069   -12.6486911   -22.4620069     0.3217142   -22.4724903   -12.6486912   -12.5898228     1.8664911
  1.12716675  0.17468756  0.00000000  0.00000000     0.0000139     0.0000121    -0.0001437     0.0000761   -16.1033832   -16.1598290   -21.0185437     1.1865562   -21.2899952   -16.1598282   -15.8319311    12.8859691
  1.12716675  0.77499998  0.00000000  0.00000000     0.0000532     0.0000480    -0.0002061     0.0000586   -11.8622524   -12.0091110   -19.2030098     0.8302097   -19.2957325   -12.0091114   -11.7695303     6.3726812
  1.12716675  1.37531245  0.00000000  0.00000000     0.0000796     0.0000754    -0.0002684     0.0000354   -12.3559042   -12.4751981   -22.3390390     0.5082221   -22.3648453   -12.4751978   -12.3300982     2.9068003
  1.51950002  0.17468756  0.00000000  0.00000000     0.0000145     0.0000126    -0.0001444     0.0001054   -15.8568384   -15.9166285   -20.7694961     1.6296838   -21.2609501   -15.9166288   -15.3653851    16.7814042
  1.51950002  0.77499998  0.00000000  0.00000000     0.0000562     0.0000497    -0.0002105     0.0000749   -11.6742677   -11.8566074   -19.1882193     1.0555809   -19.3336945   -11.8566074   -11.5287933     7.8467674
  1.51950002  1.37531245  0.00000000  0.00000000     0.0000849     0.0000772    -0.0002765     0.0000387   -12.3997715   -12.6229668   -22.8242173     0.5573718   -22.8539333   -12.6229668   -12.3700552     3.0518791
  1.91183329  0.17468756  0.00000000  0.00000000     0.0000152     0.0000131    -0.0001480     0.0001363   -16.2425765   -16.3091831   -21.3075024     2.1145681   -22.0742455   -16.3091831   -15.4758320    19.9306831
  1.91183329  0.77499998  0.00000000  0.00000000     0.0000592     0.0000514    -0.0002178     0.0000927   -12.0614781   -12.2848694   -19.9499439     1.3199942   -20.1649609   -12.2848692   -11.8464613     9.2517784
  1.91183329  1.37531245  0.00000000  0.00000000     0.0000903     0.0000793    -0.0002877     0.0000434   -12.9419829   -13.2631569   -24.0307167     0.6366520   -24.0671501   -13.2631569   -12.9055500     3.2752522
  2.14016676  0.17468756  0.00000000  0.00000000     0.0000228     0.0000137    -0.0001527     0.0001563   -15.1530638   -15.4271550   -20.4672126     2.3677105   -21.3690853   -15.4271545   -14.2511921    20.8520639
  2.14016676  0.77499998  0.00000000  0.00000000     0.0000764     0.0000531    -0.0002220     0.0001009    -8.7185245    -9.3174321   -16.3815637     1.2959963   -16.5948124    -9.3174324    -8.5052757     9.3439514
  2.14016676  1.37531245  0.00000000  0.00000000     0.0000921     0.0000806    -0.0002913     0.0000543   -12.9790427   -13.3182792   -24.2550622     0.7982350   -24.3112888   -13.3182793   -12.9228153     4.0292166
  2.53250003  0.17468756  0.00000000  0.00000000     0.0000235     0.0000152    -0.0001665     0.0002024   -17.7982448   -18.0659937   -23.9240784     3.2636558   -25.3369751   -18.0659943   -16.3853474    23.4086770
  2.53250003  0.77499998  0.00000000  0.00000000     0.0000796     0.0000570    -0.0002300     0.0001145    -8.8347036    -9.4203274   -16.8525943     1.4825256   -17.1179352    -9.4203272    -8.5693626    10.1473073
  2.53250003  1.37531245  0.00000000  0.00000000     0.0000977     0.0000828    -0.0002936     0.0000354   -11.6796087   -12.1029895   -22.7954692     0.5022193   -22.8181133   -12.1029892   -11.6569643     2.5816361
  2.92483330  0.17468756  0.00000000  0.00000000     0.0000242     0.0000163    -0.0001853     0.0002500   -21.8485246   -22.1219456   -29.1431625     4.3540765   -31.1757126   -22.1219463   -19.8159733    25.0238959
  2.92483330  0.77499998  0.00000000  0.00000000     0.0000827     0.0000602    -0.0002431     0.0001297    -9.8776278   -10.4818848   -18.6209658     1.7395364   -18.9543457   -10.4818850    -9.5442486    10.8490828
  2.92483330  1.37531245  0.00000000  0.00000000     0.0001033     0.0000852    -0.0003010     0.0000180   -11.2616015   -11.7680938   -22.5614227     0.2520804   -22.5670433   -11.7680941   -11.2559805     1.2773275
  0.11416677  1.72468746  0.00000000  0.00000000     0.0000851     0.0000849    -0.0002823     0.0000045   -12.0116264   -12.0174019   -22.4996070     0.0646861   -22.5000057   -12.0174017   -12.0112276     0.3533620
  0.11416677  2.32499981  0.00000000  0.00000000     0.0000982     0.0000981    -0.0003001    -0.0000006    -9.9726305    -9.9745834   -20.7370131    -0.0075795   -20.7370186    -9.9745836    -9.9726248    -0.0403438
  0.11416677  2.92531228  0.00000000  0.00000000     0.0001042     0.0001043    -0.0003178    -0.0000038   -10.7396585   -10.7380572   -22.4317569    -0.0522046   -22.4319897   -10.7394257   -10.7380571    -0.2558157
  0.50650001  1.72468746  0.00000000  0.00000000     0.0000865     0.0000856    -0.0002846     0.0000072   -11.9931402   -12.0187607   -22.5843112     0.1023526   -22.5853004   -12.0187607   -11.9921513     0.5536351
  0.50650001  2.32499981  0.00000000  0.00000000     0.0000987     0.0000984    -0.0003011    -0.0000001   -10.0004852   -10.0091553   -20.8134514    -0.0007884   -20.8134518   -10.0091553   -10.0004854    -0.0041777
  0.50650001  2.92531228  0.00000000  0.00000000     0.0001038     0.0001041    -0.0003176    -0.0000054   -10.8098608   -10.8027499   -22.4964185    -0.0749142   -22.4968987   -10.8093805   -10.8027496    -0.3672623
  0.89883322  1.72468746  0.00000000  0.00000000     0.0000878     0.0000863    -0.0002852     0.0000092   -11.6813353   -11.7264655   -22.2519137     0.1307146   -22.2535305   -11.7264652   -11.6797190     0.7083686
  0.89883322  2.32499981  0.00000000  0.00000000     0.0000992     0.0000986    -0.0003005    -0.0000001    -9.7534353    -9.7687092   -20.4853251    -0.0018789   -20.4853249    -9.7687092    -9.7534351    -0.0100311
  0.89883322  2.92531228  0.00000000  0.00000000     0.0001034     0.0001039    -0.0003158    -0.0000076   -10.5964618   -10.5839278   -22.1433231    -0.1049623   -22.1442776   -10.5955076   -10.5839281    -0.5207679
  1.12716675  1.72468746  0.00000000  0.00000000     0.0000877     0.0000865    -0.0002865     0.0000150   -11.9236845   -11.9564842   -22.5951141     0.2138419   -22.5993977   -11.9564838   -11.9194012     1.1475203
  1.12716675  2.32499981  0.00000000  0.00000000     0.0000964     0.0000984    -0.0003007    -0.0000019   -10.3764212   -10.3220232   -21.2276007    -0.0261074   -21.2276630   -10.3763580   -10.3220234    -0.1378495
  1.12716675  2.92531228  0.00000000  0.00000000     0.0001039     0.0001039    -0.0003148    -0.0000146   -10.3247020   -10.3252503   -21.7687863    -0.2000089   -21.7722816   -10.3252506   -10.3212080    -1.0009540
  1.51950002  1.72468746  0.00000000  0.00000000     0.0000926     0.0000874    -0.0002895     0.0000093   -11.1886467   -11.3320954   -21.8684702     0.1303704   -21.8700619   -11.3320951   -11.1870556     0.6992804
  1.51950002  2.32499981  0.00000000  0.00000000     0.0000975     0.0000981    -0.0003009    -0.0000039   -10.2453573   -10.2311800   -21.0888627    -0.0524977   -21.0891171   -10.2451029   -10.2311802    -0.2773827
  1.51950002  2.92531228  0.00000000  0.00000000     0.0001012     0.0001035    -0.0003123    -0.0000129   -10.5114189   -10.4468695   -21.8582799    -0.1764713   -21.8610229   -10.5086746   -10.4468699    -0.8908014
  1.91183329  1.72468746  0.00000000  0.00000000     0.0000975     0.0000890    -0.0002895     0.0000012    -9.8363593   -10.0643673   -20.2315896     0.0156635   -20.2316132   -10.0643673    -9.8363361     0.0863327
  1.91183329  2.32499981  0.00000000  0.00000000     0.0000986     0.0000981    -0.0002982    -0.0000083    -9.5283402    -9.5435315   -20.0884851    -0.1104335   -20.0896397    -9.5435314    -9.5271854    -0.5990875
  1.91183329  2.92531228  0.00000000  0.00000000     0.0000985     0.0001028    -0.0003069    -0.0000136   -10.2388678   -10.1217690   -21.2535888    -0.1845557   -21.2566795   -10.2357759   -10.1217690    -0.9596525
  2.14016676  1.72468746  0.00000000  0.00000000     0.0000903     0.0000895    -0.0002904     0.0000126   -11.5002550   -11.5213528   -22.2391069     0.1770934   -22.2420273   -11.5213528   -11.4973354     0.9445167
  2.14016676  2.32499981  0.00000000  0.00000000     0.0000937     0.0000979    -0.0002972    -0.0000048   -10.3775514   -10.2637136   -21.0121439    -0.0648049   -21.0125389   -10.3771563   -10.2637138    -0.3491305
  2.14016676  2.92531228  0.00000000  0.00000000     0.0000987     0.0001024    -0.0003039    -0.0000160    -9.7442727    -9.6464048   -20.5254267    -0.2142709   -20.5296841    -9.7400160    -9.6464052    -1.1381304
  2.53250003  1.72468746  0.00000000  0.00000000     0.0000948     0.0000900    -0.0002917    -0.0000048   -10.6429192   -10.7758427   -21.2902560    -0.0664627   -21.2906704   -10.7758427   -10.6425047    -0.3576326
  2.53250003  2.32499981  0.00000000  0.00000000     0.0000922     0.0000971    -0.0002945    -0.0000120   -10.3244915   -10.1914369   -20.8046463    -0.1623447   -20.8071613   -10.3219776   -10.1914368    -0.8872668
  2.53250003  2.92531228  0.00000000  0.00000000     0.0000912     0.0001012    -0.0002972    -0.0000131   -10.3161607   -10.0442149   -20.8483612    -0.1769813   -20.8513336   -10.3131876   -10.0442152    -0.9624260
  2.92483330  1.72468746  0.00000000  0.00000000     0.0000994     0.0000909    -0.0002870    -0.0000262    -8.7387544    -8.9577059   -18.7877164    -0.3400562   -18.7992115    -8.9577055    -8.7272596    -1.9359332
  2.92483330  2.32499981  0.00000000  0.00000000     0.0000907     0.0000964    -0.0002858    -0.0000231    -9.2582175    -9.1105492   -19.1173560    -0.3029461   -19.1266556    -9.2489176    -9.1105490    -1.7583413
  2.92483330  2.92531228  0.00000000  0.00000000     0.0000837     0.0000994    -0.0002846    -0.0000140    -9.9761598    -9.5565394   -19.8172919    -0.1877067   -19.8208714    -9.9725809    -9.5565395    -1.0923123
  0.11416677  3.27468753  0.00000000  0.00000000     0.0001048     0.0001049    -0.0003152    -0.0000042   -10.0399618   -10.0372946   -21.4194374    -0.0571754   -21.4197254   -10.0396748   -10.0372944    -0.2878693
  0.11416677  3.87499976  0.00000000  0.00000000     0.0001044     0.0001045    -0.0003135    -0.0000030    -9.8649849    -9.8620729   -21.1307780    -0.0403544   -21.1309223    -9.8648405    -9.8620729    -0.2052316
  0.11416677  4.47531223  0.00000000  0.00000000     0.0001031     0.0001032    -0.0003117    -0.0000007   -10.0369079   -10.0337258   -21.2616045    -0.0098910   -21.2616138   -10.0368996   -10.0337257    -0.0504877
  0.50650001  3.27468753  0.00000000  0.00000000     0.0001041     0.0001045    -0.0003148    -0.0000066   -10.1723974   -10.1605139   -21.5702216    -0.0892553   -21.5709209   -10.1716986   -10.1605139    -0.4486414
  0.50650001  3.87499976  0.00000000  0.00000000     0.0001037     0.0001042    -0.0003124    -0.0000064    -9.8967224    -9.8837882   -21.1254443    -0.0866337   -21.1261120    -9.8960543    -9.8837881    -0.4420229
  0.50650001  4.47531223  0.00000000  0.00000000     0.0001023     0.0001028    -0.0003099    -0.0000052    -9.9677959    -9.9537083   -21.0988852    -0.0707868   -21.0993347    -9.9673462    -9.9537086    -0.3643460
  0.89883322  3.27468753  0.00000000  0.00000000     0.0001034     0.0001042    -0.0003147    -0.0000089   -10.3478429   -10.3266536   -21.7780423    -0.1222589   -21.7793503   -10.3465357   -10.3266535    -0.6127495
  0.89883322  3.87499976  0.00000000  0.00000000     0.0001029     0.0001038    -0.0003115    -0.0000099    -9.9695506    -9.9465604   -21.1744848    -0.1336638   -21.1760788    -9.9679565    -9.9465609    -0.6833524
  0.89883322  4.47531223  0.00000000  0.00000000     0.0001015     0.0001024    -0.0003084    -0.0000098    -9.9406612    -9.9156999   -20.9926642    -0.1320804   -20.9942417    -9.9390831    -9.9157000    -0.6846009
  1.12716675  3.27468753  0.00000000  0.00000000     0.0001053     0.0001043    -0.0003138    -0.0000172    -9.7955552    -9.8227419   -21.0706173    -0.2307341   -21.0753365    -9.8227415    -9.7908354    -1.1718529
  1.12716675  3.87499976  0.00000000  0.00000000     0.0001029     0.0001036    -0.0003104    -0.0000142    -9.7970633    -9.7782256   -20.9112354    -0.1904160   -20.9144974    -9.7938023    -9.7782259    -0.9812486
  1.12716675  4.47531223  0.00000000  0.00000000     0.0001000     0.0001021    -0.0003070    -0.0000109   -10.0557852    -9.9998814   -21.0591018    -0.1466943   -21.0610580   -10.0538301    -9.9998817    -0.7636763
  1.51950002  3.27468753  0.00000000  0.00000000     0.0001017     0.0001041    -0.0003109    -0.0000183   -10.0411141    -9.9772240   -21.1970947    -0.2474965   -21.2025833   -10.0356264    -9.9772243    -1.2702789
  1.51950002  3.87499976  0.00000000  0.00000000     0.0001002     0.0001031    -0.0003073    -0.0000158    -9.8859827    -9.8087808   -20.8533424    -0.2120087   -20.8574390    -9.8818855    -9.8087807    -1.1070261
  1.51950002  4.47531223  0.00000000  0.00000000     0.0000982     0.0001013    -0.0003037    -0.0000129    -9.9751253    -9.8910857   -20.8016119    -0.1735263   -20.8043919    -9.9723444    -9.8910856    -0.9180191
  1.91183329  3.27468753  0.00000000  0.00000000     0.0000981     0.0001032    -0.0003079    -0.0000189   -10.4133140   -10.2745777   -21.4923652    -0.2576294   -21.4983521   -10.4073267   -10.2745781    -1.3313819
  1.91183329  3.87499976  0.00000000  0.00000000     0.0000975     0.0001022    -0.0003041    -0.0000168   -10.0433026    -9.9163912   -20.8892158    -0.2264415   -20.8939419   -10.0385771    -9.9163914    -1.1955294
  1.91183329  4.47531223  0.00000000  0.00000000     0.0000964     0.0001005    -0.0003003    -0.0000143    -9.9128097    -9.8023076   -20.5713139    -0.1926088   -20.5747929    -9.9093304    -9.8023081    -1.0349360
  2.14016676  3.27468753  0.00000000  0.00000000     0.0000998     0.0001028    -0.0003047    -0.0000216    -9.5903892    -9.5100818   -20.3735882    -0.2879191   -20.3812695    -9.5827074    -9.5100822    -1.5283862
  2.14016676  3.87499976  0.00000000  0.00000000     0.0000974     0.0001017    -0.0003018    -0.0000141    -9.7805645    -9.6632126   -20.4799833    -0.1892709   -20.4833298    -9.7772179    -9.6632128    -1.0131302
  2.14016676  4.47531223  0.00000000  0.00000000     0.0000950     0.0001000    -0.0002990    -0.0000122   -10.0737417    -9.9387613   -20.7041069    -0.1652009   -20.7066746   -10.0711746    -9.9387617    -0.8901170
  2.53250003  3.27468753  0.00000000  0.00000000     0.0000916     0.0001017    -0.0002961    -0.0000180    -9.9195054    -9.6505710   -20.2914083    -0.2402546   -20.2969704    -9.9139433    -9.6505709    -1.3262504
  2.53250003  3.87499976  0.00000000  0.00000000     0.0000932     0.0001007    -0.0002969    -0.0000100    -9.9373353    -9.7337594   -20.3993526    -0.1338959   -20.4010658    -9.9356222    -9.7337589    -0.7331275
  2.53250003  4.47531223  0.00000000  0.00000000     0.0000947     0.0000992    -0.0002978    -0.0000076   -10.0384589    -9.9173113   -20.6026738    -0.1023233   -20.6036644   -10.0374680    -9.9173117    -0.5548884
  2.92483330  3.27468753  0.00000000  0.00000000     0.0000835     0.0000998    -0.0002872    -0.0000118   -10.3678535    -9.9278955   -20.3748327    -0.1587976   -20.3773518   -10.3653345    -9.9278955    -0.9089034
  2.92483330  3.87499976  0.00000000  0.00000000     0.0000889     0.0000994    -0.0002917    -0.0000033   -10.1247443    -9.8418219   -20.3745718    -0.0441995   -20.3747616   -10.1245537    -9.8418217    -0.2470656
  2.92483330  4.47531223  0.00000000  0.00000000     0.0000944     0.0000986    -0.0002962    -0.0000004    -9.9560345    -9.8438259   -20.4593710    -0.0053266   -20.4593735    -9.9560318    -9.8438263    -0.0290568
  0.11416677  4.82468700  0.00000000  0.00000000     0.0001018     0.0001019    -0.0003074     0.0000002    -9.8124179    -9.8094473   -20.8135366     0.0023903   -20.8135376    -9.8124170    -9.8094473     0.0124493
  0.11416677  5.42499971  0.00000000  0.00000000     0.0000994     0.0000995    -0.0003026     0.0000003    -9.8835398    -9.8814807   -20.6990943     0.0039583   -20.6990967    -9.8835382    -9.8814802     0.0209691
  0.11416677  6.02531242  0.00000000  0.00000000     0.0000974     0.0000974    -0.0002977    -0.0000004    -9.8122058    -9.8110641   -20.4108292    -0.0053579   -20.4108315    -9.8122034    -9.8110638    -0.0289644
  0.50650001  4.82468700  0.00000000  0.00000000     0.0001010     0.0001015    -0.0003067    -0.0000045    -9.8979005    -9.8846976   -20.8782522    -0.0604841   -20.8785858    -9.8975677    -9.8846979    -0.3155947
  0.50650001  5.42499971  0.00000000  0.00000000     0.0000989     0.0000992    -0.0003023    -0.0000027    -9.9934666    -9.9843067   -20.8179961    -0.0367818   -20.8181210    -9.9933414    -9.9843063    -0.1946882
  0.50650001  6.02531242  0.00000000  0.00000000     0.0000971     0.0000973    -0.0002980    -0.0000018    -9.9461186    -9.9410354   -20.5833652    -0.0238516   -20.5834179    -9.9460649    -9.9410353    -0.1284716
  0.89883322  4.82468700  0.00000000  0.00000000     0.0001003     0.0001011    -0.0003050    -0.0000090    -9.8318204    -9.8084460   -20.7211680    -0.1210211   -20.7225132    -9.8304758    -9.8084459    -0.6366642
  0.89883322  5.42499971  0.00000000  0.00000000     0.0000983     0.0000989    -0.0003012    -0.0000056    -9.9513212    -9.9350902   -20.7151638    -0.0753624   -20.7156906    -9.9507933    -9.9350901    -0.4011268
  0.89883322  6.02531242  0.00000000  0.00000000     0.0000968     0.0000971    -0.0002974    -0.0000030    -9.9282601    -9.9192450   -20.5350485    -0.0402480   -20.5352020    -9.9281073    -9.9192448    -0.2174074
  1.12716675  4.82468700  0.00000000  0.00000000     0.0000988     0.0001008    -0.0003037    -0.0000087    -9.9691753    -9.9135580   -20.8198689    -0.1171537   -20.8211346    -9.9679108    -9.9135580    -0.6185198
  1.12716675  5.42499971  0.00000000  0.00000000     0.0000976     0.0000988    -0.0003003    -0.0000053    -9.9771424    -9.9471421   -20.7045029    -0.0711471   -20.7049751    -9.9766703    -9.9471416    -0.3799807
  1.12716675  6.02531242  0.00000000  0.00000000     0.0000965     0.0000970    -0.0002970    -0.0000034    -9.9211546    -9.9078139   -20.5052834    -0.0457972   -20.5054817    -9.9209566    -9.9078140    -0.2479109
  1.51950002  4.82468700  0.00000000  0.00000000     0.0000973     0.0001001    -0.0003013    -0.0000094    -9.9624559    -9.8878601   -20.6961264    -0.1268028   -20.6976242    -9.9609585    -9.8878603    -0.6767407
  1.51950002  5.42499971  0.00000000  0.00000000     0.0000967     0.0000983    -0.0002989    -0.0000057    -9.9937667    -9.9495019   -20.6560118    -0.0765058   -20.6565609    -9.9932175    -9.9495020    -0.4110917
  1.51950002  6.02531242  0.00000000  0.00000000     0.0000961     0.0000969    -0.0002966    -0.0000035    -9.9761199    -9.9556056   -20.5518115    -0.0467973   -20.5520191    -9.9759130    -9.9556055    -0.2535263
  1.91183329  4.82468700  0.00000000  0.00000000     0.0000959     0.0000994    -0.0002987    -0.0000098    -9.9187632    -9.8252969   -20.5177290    -0.1320031   -20.5193729    -9.9171190    -9.8252964    -0.7134337
  1.91183329  5.42499971  0.00000000  0.00000000     0.0000958     0.0000979    -0.0002973    -0.0000058    -9.9792129    -9.9214104   -20.5612516    -0.0775151   -20.5618191    -9.9786453    -9.9214106    -0.4196707
  1.91183329  6.02531242  0.00000000  0.00000000     0.0000956     0.0000966    -0.0002960    -0.0000032    -9.9998879    -9.9726409   -20.5529834    -0.0434835   -20.5531616    -9.9997091    -9.9726410    -0.2360789
  2.14016676  4.82468700  0.00000000  0.00000000     0.0000944     0.0000989    -0.0002974    -0.0000088   -10.1141325    -9.9908145   -20.6964167    -0.1193692   -20.6977634   -10.1127863    -9.9908142    -0.6461926
  2.14016676  5.42499971  0.00000000  0.00000000     0.0000947     0.0000976    -0.0002964    -0.0000061   -10.0907005   -10.0110109   -20.6454637    -0.0826989   -20.6461124   -10.0900526   -10.0110111    -0.4488886
  2.14016676  6.02531242  0.00000000  0.00000000     0.0000951     0.0000965    -0.0002953    -0.0000033   -10.0099777    -9.9724160   -20.5286111    -0.0445065   -20.5287991   -10.0097895    -9.9724159    -0.2424247
  2.53250003  4.82468700  0.00000000  0.00000000     0.0000951     0.0000983    -0.0002967    -0.0000042    -9.9563190    -9.8701816   -20.4949387    -0.0569565   -20.4952469    -9.9560108    -9.8701820    -0.3096456
  2.53250003  5.42499971  0.00000000  0.00000000     0.0000949     0.0000972    -0.0002956    -0.0000030    -9.9772914    -9.9163695   -20.4856552    -0.0407523   -20.4858131    -9.9771338    -9.9163694    -0.2221935
  2.53250003  6.02531242  0.00000000  0.00000000     0.0000949     0.0000963    -0.0002944    -0.0000017    -9.9429245    -9.9060273   -20.4132209    -0.0229921   -20.4132710    -9.9428740    -9.9060268    -0.1258173
  2.92483330  4.82468700  0.00000000  0.00000000     0.0000958     0.0000979    -0.0002970     0.0000001    -9.9274757    -9.8707795   -20.4872770     0.0009248   -20.4872780    -9.9274759    -9.8707790     0.0050175
  2.92483330  5.42499971  0.00000000  0.00000000     0.0000952     0.0000969    -0.0002958    -0.0000002   -10.0128081    -9.9663015   -20.5455076    -0.0031037   -20.5455093   -10.0128069    -9.9663019    -0.0168835
  2.92483330  6.02531242  0.00000000  0.00000000     0.0000947     0.0000961    -0.0002946    -0.0000004   -10.0432097   -10.0058909   -20.5404086    -0.0056204   -20.5404110   -10.0432062   -10.0058908    -0.0306775
  0.11416677  6.37468719  0.00000000  0.00000000     0.0000965     0.0000966    -0.0002967    -0.0000005    -9.9452471    -9.9444549   -20.5297258    -0.0069643   -20.5297298    -9.9452429    -9.9444551    -0.0376990
  0.11416677  6.97499990  0.00000000  0.00000000     0.0000955     0.0000955    -0.0002946    -0.0000002    -9.9803821    -9.9798901   -20.4861717    -0.0027593   -20.4861717    -9.9803810    -9.9798899    -0.0150482
  0.11416677  7.57531261  0.00000000  0.00000000     0.0000946     0.0000946    -0.0002926    -0.0000001    -9.9755020    -9.9753106   -20.3953379    -0.0006808   -20.3953381    -9.9755020    -9.9753103    -0.0037435
  0.50650001  6.37468719  0.00000000  0.00000000     0.0000963     0.0000965    -0.0002964    -0.0000010    -9.9576630    -9.9541482   -20.5313777    -0.0140492   -20.5313969    -9.9576445    -9.9541483    -0.0761283
  0.50650001  6.97499990  0.00000000  0.00000000     0.0000954     0.0000955    -0.0002945    -0.0000006    -9.9881564    -9.9859738   -20.4867803    -0.0081710   -20.4867859    -9.9881496    -9.9859734    -0.0445929
  0.50650001  7.57531261  0.00000000  0.00000000     0.0000945     0.0000946    -0.0002925    -0.0000003    -9.9786195    -9.9777705   -20.3949217    -0.0044156   -20.3949242    -9.9786177    -9.9777708    -0.0242884
  0.89883322  6.37468719  0.00000000  0.00000000     0.0000961     0.0000964    -0.0002961    -0.0000015    -9.9666599    -9.9604213   -20.5293631    -0.0204628   -20.5294037    -9.9666204    -9.9604216    -0.1109970
  0.89883322  6.97499990  0.00000000  0.00000000     0.0000953     0.0000954    -0.0002943    -0.0000010    -9.9924918    -9.9886182   -20.4836921    -0.0129091   -20.4837074    -9.9924755    -9.9886179    -0.0705004
  0.89883322  7.57531261  0.00000000  0.00000000     0.0000945     0.0000946    -0.0002924    -0.0000006    -9.9782975    -9.9767910   -20.3907784    -0.0074759   -20.3907833    -9.9782925    -9.9767914    -0.0411370
  1.12716675  6.37468719  0.00000000  0.00000000     0.0000960     0.0000963    -0.0002959    -0.0000021    -9.9689829    -9.9599431   -20.5191191    -0.0281914   -20.5191936    -9.9689074    -9.9599428    -0.1531004
  1.12716675  6.97499990  0.00000000  0.00000000     0.0000952     0.0000954    -0.0002941    -0.0000013    -9.9923747    -9.9867038   -20.4752004    -0.0170964   -20.4752274    -9.9923468    -9.9867039    -0.0934434
  1.12716675  7.57531261  0.00000000  0.00000000     0.0000944     0.0000945    -0.0002924    -0.0000007    -9.9841888    -9.9809114   -20.3934630    -0.0091040   -20.3934708    -9.9841805    -9.9809113    -0.0501111
  1.51950002  6.37468719  0.00000000  0.00000000     0.0000957     0.0000962    -0.0002954    -0.0000021    -9.9693674    -9.9559847   -20.4985245    -0.0277805   -20.4985981    -9.9692945    -9.9559851    -0.1511698
  1.51950002  6.97499990  0.00000000  0.00000000     0.0000950     0.0000953    -0.0002938    -0.0000013    -9.9926242    -9.9838303   -20.4610284    -0.0168828   -20.4610558    -9.9925966    -9.9838305    -0.0924026
  1.51950002  7.57531261  0.00000000  0.00000000     0.0000943     0.0000945    -0.0002922    -0.0000007    -9.9858253    -9.9808995   -20.3876294    -0.0090876   -20.3876381    -9.9858170    -9.9808998    -0.0500566
  1.91183329  6.37468719  0.00000000  0.00000000     0.0000954     0.0000961    -0.0002950    -0.0000020    -9.9783726    -9.9608521   -20.4906012    -0.0265927   -20.4906693    -9.9783058    -9.9608517    -0.1449393
  1.91183329  6.97499990  0.00000000  0.00000000     0.0000948     0.0000952    -0.0002935    -0.0000012   -10.0010291    -9.9893109   -20.4585783    -0.0158882   -20.4586029   -10.0010052    -9.9893112    -0.0870495
  1.91183329  7.57531261  0.00000000  0.00000000     0.0000942     0.0000944    -0.0002921    -0.0000006    -9.9944834    -9.9879969   -20.3917230    -0.0082883   -20.3917294    -9.9944763    -9.9879971    -0.0456739
  2.14016676  6.37468719  0.00000000  0.00000000     0.0000952     0.0000960    -0.0002947    -0.0000019    -9.9909348    -9.9691397   -20.4892202    -0.0258140   -20.4892845    -9.9908714    -9.9691401    -0.1408819
  2.14016676  6.97499990  0.00000000  0.00000000     0.0000947     0.0000951    -0.0002934    -0.0000010    -9.9925690    -9.9806847   -20.4406614    -0.0135281   -20.4406796    -9.9925518    -9.9806843    -0.0741858
  2.14016676  7.57531261  0.00000000  0.00000000     0.0000942     0.0000944    -0.0002920    -0.0000005   -10.0005016    -9.9935591   -20.3966566    -0.0060587   -20.3966599   -10.0004978    -9.9935589    -0.0333909
  2.53250003  6.37468719  0.00000000  0.00000000     0.0000949     0.0000958    -0.0002943    -0.0000012    -9.9981837    -9.9724933   -20.4784887    -0.0166889   -20.4785156    -9.9981575    -9.9724932    -0.0912380
  2.53250003  6.97499990  0.00000000  0.00000000     0.0000946     0.0000951    -0.0002932    -0.0000006    -9.9914216    -9.9785164   -20.4306169    -0.0076996   -20.4306221    -9.9914160    -9.9785166    -0.0422594
  2.53250003  7.57531261  0.00000000  0.00000000     0.0000942     0.0000944    -0.0002920    -0.0000003    -9.9957473    -9.9914220   -20.3934941    -0.0035287   -20.3934956    -9.9957457    -9.9914217    -0.0194444
  2.92483330  6.37468719  0.00000000  0.00000000     0.0000946     0.0000957    -0.0002939    -0.0000004   -10.0216116    -9.9920048   -20.4893017    -0.0060004   -20.4893055   -10.0216084    -9.9920044    -0.0328435
  2.92483330  6.97499990  0.00000000  0.00000000     0.0000945     0.0000950    -0.0002930    -0.0000000   -10.0058678    -9.9917962   -20.4415509    -0.0003109   -20.4415512   -10.0058680    -9.9917965    -0.0017070
  2.92483330  7.57531261  0.00000000  0.00000000     0.0000943     0.0000944    -0.0002922     0.0000000   -10.0051222   -10.0029357   -20.4098759     0.0005609   -20.4098759   -10.0051222   -10.0029354     0.0030889
  0.11416677  7.92468739  0.00000000  0.00000000     0.0000941     0.0000942    -0.0002917     0.0000000    -9.9857099    -9.9856151   -20.3681011     0.0000162   -20.3681011    -9.9857101    -9.9856148     0.0000892
  0.11416677  8.52499962  0.00000000  0.00000000     0.0000935     0.0000935    -0.0002903     0.0000000    -9.9945718    -9.9945084   -20.3199846     0.0001450   -20.3199844    -9.9945717    -9.9945087     0.0008049
  0.11416677  9.12531281  0.00000000  0.00000000     0.0000929     0.0000929    -0.0002889    -0.0000000    -9.9917598    -9.9917278   -20.2603701    -0.0001023   -20.2603703    -9.9917603    -9.9917278    -0.0005708
  0.50650001  7.92468739  0.00000000  0.00000000     0.0000941     0.0000941    -0.0002917    -0.0000002    -9.9895736    -9.9891528   -20.3724774    -0.0020334   -20.3724785    -9.9895735    -9.9891529    -0.0112207
  0.50650001  8.52499962  0.00000000  0.00000000     0.0000935     0.0000935    -0.0002903    -0.0000001    -9.9990408    -9.9987595   -20.3257336    -0.0009822   -20.3257332    -9.9990406    -9.9987593    -0.0054495
  0.50650001  9.12531281  0.00000000  0.00000000     0.0000929     0.0000929    -0.0002889    -0.0000000    -9.9971584    -9.9970164   -20.2681463    -0.0003077   -20.2681465    -9.9971581    -9.9970169    -0.0017164
  0.89883322  7.92468739  0.00000000  0.00000000     0.0000941     0.0000941    -0.0002916    -0.0000003    -9.9873377    -9.9865911   -20.3671548    -0.0040120   -20.3671570    -9.9873362    -9.9865913    -0.0221457
  0.89883322  8.52499962  0.00000000  0.00000000     0.0000935     0.0000935    -0.0002903    -0.0000002    -9.9976233    -9.9971240   -20.3222276    -0.0020388   -20.3222275    -9.9976225    -9.9971237    -0.0113141
  0.89883322  9.12531281  0.00000000  0.00000000     0.0000929     0.0000929    -0.0002889    -0.0000000    -9.9962600    -9.9960080   -20.2658503    -0.0004425   -20.2658501    -9.9962597    -9.9960079    -0.0024688
  1.12716675  7.92468739  0.00000000  0.00000000     0.0000940     0.0000941    -0.0002916    -0.0000003    -9.9938585    -9.9915436   -20.3717310    -0.0044781   -20.3717327    -9.9938564    -9.9915438    -0.0247231
  1.12716675  8.52499962  0.00000000  0.00000000     0.0000934     0.0000935    -0.0002902    -0.0000001    -9.9985268    -9.9974628   -20.3214126    -0.0017201   -20.3214130    -9.9985266    -9.9974632    -0.0095472
  1.12716675  9.12531281  0.00000000  0.00000000     0.0000928     0.0000929    -0.0002889    -0.0000000    -9.9960883    -9.9958117   -20.2651955    -0.0003372   -20.2651958    -9.9960880    -9.9958115    -0.0018814
  1.51950002  7.92468739  0.00000000  0.00000000     0.0000940     0.0000941    -0.0002914    -0.0000003    -9.9934220    -9.9900752   -20.3659799    -0.0040918   -20.3659821    -9.9934206    -9.9900751    -0.0226023
  1.51950002  8.52499962  0.00000000  0.00000000     0.0000934     0.0000935    -0.0002902    -0.0000001    -9.9990874    -9.9975515   -20.3200129    -0.0012744   -20.3200130    -9.9990873    -9.9975519    -0.0070746
  1.51950002  9.12531281  0.00000000  0.00000000     0.0000929     0.0000929    -0.0002889     0.0000000    -9.9985725    -9.9985032   -20.2694813     0.0001682   -20.2694817    -9.9985723    -9.9985027     0.0009382
  1.91183329  7.92468739  0.00000000  0.00000000     0.0000939     0.0000941    -0.0002913    -0.0000003    -9.9929935    -9.9886548   -20.3594632    -0.0033741   -20.3594646    -9.9929924    -9.9886551    -0.0186485
  1.91183329  8.52499962  0.00000000  0.00000000     0.0000934     0.0000934    -0.0002901    -0.0000000    -9.9999076    -9.9979176   -20.3184803    -0.0004975   -20.3184795    -9.9999075    -9.9979172    -0.0027622
  1.91183329  9.12531281  0.00000000  0.00000000     0.0000929     0.0000929    -0.0002890     0.0000001   -10.0009309   -10.0010159   -20.2731739     0.0010047   -20.2731743   -10.0010157   -10.0009308     0.0056042
  2.14016676  7.92468739  0.00000000  0.00000000     0.0000938     0.0000940    -0.0002913    -0.0000002   -10.0048473    -9.9994939   -20.3721794    -0.0020832   -20.3721790   -10.0048466    -9.9994936    -0.0115130
  2.14016676  8.52499962  0.00000000  0.00000000     0.0000933     0.0000934    -0.0002901    -0.0000001   -10.0028784   -10.0006992   -20.3214110    -0.0012441   -20.3214111   -10.0028782   -10.0006990    -0.0069079
  2.14016676  9.12531281  0.00000000  0.00000000     0.0000929     0.0000929    -0.0002890     0.0000000    -9.9980139    -9.9981538   -20.2678372     0.0002705   -20.2678375    -9.9981537    -9.9980135     0.0015094
  2.53250003  7.92468739  0.00000000  0.00000000     0.0000939     0.0000940    -0.0002914    -0.0000000    -9.9993537    -9.9972827   -20.3702341    -0.0003036   -20.3702335    -9.9993534    -9.9972830    -0.0016770
  2.53250003  8.52499962  0.00000000  0.00000000     0.0000934     0.0000934    -0.0002902    -0.0000000    -9.9998988    -9.9992385   -20.3203905    -0.0001058   -20.3203907    -9.9998989    -9.9992380    -0.0005873
  2.53250003  9.12531281  0.00000000  0.00000000     0.0000929     0.0000929    -0.0002890     0.0000001    -9.9978740    -9.9979030   -20.2677860     0.0007680   -20.2677860    -9.9979029    -9.9978743     0.0042849
  2.92483330  7.92468739  0.00000000  0.00000000     0.0000940     0.0000940    -0.0002914     0.0000001    -9.9943087    -9.9949958   -20.3687024     0.0010256   -20.3687019    -9.9949961    -9.9943085     0.0056642
  2.92483330  8.52499962  0.00000000  0.00000000     0.0000934     0.0000934    -0.0002902     0.0000000    -9.9992956    -9.9999184   -20.3223663     0.0005824   -20.3223667    -9.9999180    -9.9992952     0.0032326
  2.92483330  9.12531281  0.00000000  0.00000000     0.0000929     0.0000929    -0.0002890     0.0000001   -10.0017236   -10.0016584   -20.2728306     0.0008157   -20.2728310   -10.0017233   -10.0016584     0.0045502
  0.11416677  9.47468758  0.00000000  0.00000000     0.0000925     0.0000925    -0.0002882    -0.0000000   -10.0006513   -10.0006338   -20.2433086    -0.0000991   -20.2433090   -10.0006514   -10.0006342    -0.0005542
  0.11416677 10.07500076  0.00000000  0.00000000     0.0000920     0.0000920    -0.0002870     0.0000000    -9.9981368    -9.9981380   -20.1867663     0.0000836   -20.1867657    -9.9981384    -9.9981365     0.0004702
  0.11416677 10.67531300  0.00000000  0.00000000     0.0000914     0.0000914    -0.0002858     0.0000000   -10.0015020   -10.0015219   -20.1430970     0.0000827   -20.1430969   -10.0015221   -10.0015020     0.0004674
  0.50650001  9.47468758  0.00000000  0.00000000     0.0000925     0.0000925    -0.0002882     0.0000000   -10.0009747   -10.0008974   -20.2438737     0.0001200   -20.2438736   -10.0009747   -10.0008974     0.0006712
  0.50650001 10.07500076  0.00000000  0.00000000     0.0000920     0.0000920    -0.0002870     0.0000000    -9.9985262    -9.9985317   -20.1877420     0.0002153   -20.1877422    -9.9985313    -9.9985266     0.0012109
  0.50650001 10.67531300  0.00000000  0.00000000     0.0000914     0.0000914    -0.0002858     0.0000000   -10.0025700   -10.0026583   -20.1457237     0.0001273   -20.1457233   -10.0026579   -10.0025702     0.0007190
  0.89883322  9.47468758  0.00000000  0.00000000     0.0000925     0.0000925    -0.0002882     0.0000000   -10.0011110   -10.0009737   -20.2435168     0.0003810   -20.2435169   -10.0011110   -10.0009737     0.0021312
  0.89883322 10.07500076  0.00000000  0.00000000     0.0000920     0.0000920    -0.0002870     0.0000000    -9.9989052    -9.9989149   -20.1881542     0.0003890   -20.1881542    -9.9989147    -9.9989052     0.0021873
  0.89883322 10.67531300  0.00000000  0.00000000     0.0000914     0.0000914    -0.0002858     0.0000000   -10.0034098   -10.0035665   -20.1473426     0.0002137   -20.1473427   -10.0035667   -10.0034094     0.0012073
  1.12716675  9.47468758  0.00000000  0.00000000     0.0000925     0.0000925    -0.0002882     0.0000000   -10.0018730   -10.0017572   -20.2445187     0.0002199   -20.2445183   -10.0018730   -10.0017576     0.0012301
  1.12716675 10.07500076  0.00000000  0.00000000     0.0000920     0.0000920    -0.0002870     0.0000000    -9.9982173    -9.9982205   -20.1863716     0.0001500   -20.1863708    -9.9982204    -9.9982176     0.0008438
  1.12716675 10.67531300  0.00000000  0.00000000     0.0000914     0.0000914    -0.0002858     0.0000000   -10.0005530   -10.0007600   -20.1420132     0.0002226   -20.1420135   -10.0007601   -10.0005531     0.0012576
  1.51950002  9.47468758  0.00000000  0.00000000     0.0000925     0.0000925    -0.0002882     0.0000000   -10.0012976   -10.0015632   -20.2446961     0.0005660   -20.2446957   -10.0015631   -10.0012980     0.0031658
  1.51950002 10.07500076  0.00000000  0.00000000     0.0000920     0.0000920    -0.0002870     0.0000000    -9.9990906    -9.9993029   -20.1891179     0.0004134   -20.1891174    -9.9993029    -9.9990902     0.0023247
  1.51950002 10.67531300  0.00000000  0.00000000     0.0000914     0.0000914    -0.0002858     0.0000000   -10.0027381   -10.0029604   -20.1471343     0.0004035   -20.1471348   -10.0029602   -10.0027380     0.0022792
  1.91183329  9.47468758  0.00000000  0.00000000     0.0000926     0.0000925    -0.0002883     0.0000001    -9.9989899    -9.9995630   -20.2410452     0.0008588   -20.2410450    -9.9995632    -9.9989901     0.0048043
  1.91183329 10.07500076  0.00000000  0.00000000     0.0000920     0.0000920    -0.0002871     0.0000000    -9.9985875    -9.9989725   -20.1885890     0.0006237   -20.1885891    -9.9989729    -9.9985876     0.0035071
  1.91183329 10.67531300  0.00000000  0.00000000     0.0000914     0.0000914    -0.0002858     0.0000000   -10.0038114   -10.0040588   -20.1493104     0.0005314   -20.1493111   -10.0040588   -10.0038118     0.0030011
  2.14016676  9.47468758  0.00000000  0.00000000     0.0000926     0.0000925    -0.0002883     0.0000000    -9.9976948    -9.9983790   -20.2391238     0.0002253   -20.2391243    -9.9983788    -9.9976950     0.0012603
  2.14016676 10.07500076  0.00000000  0.00000000     0.0000920     0.0000920    -0.0002871     0.0000000    -9.9958271    -9.9964562   -20.1843069     0.0002485   -20.1843071    -9.9964561    -9.9958267     0.0013975
  2.14016676 10.67531300  0.00000000  0.00000000     0.0000914     0.0000914    -0.0002858     0.0000000    -9.9978686    -9.9981989   -20.1371598     0.0000597   -20.1371593    -9.9981985    -9.9978685     0.0003373
  2.53250003  9.47468758  0.00000000  0.00000000     0.0000925     0.0000925    -0.0002883     0.0000000   -10.0041190   -10.0043186   -20.2498784     0.0002516   -20.2498779   -10.0043182   -10.0041189     0.0014070
  2.53250003 10.07500076  0.00000000  0.00000000     0.0000920     0.0000920    -0.0002871     0.0000000   -10.0019378   -10.0023666   -20.1954413     0.0004613   -20.1954422   -10.0023670   -10.0019379     0.0025927
  2.53250003 10.67531300  0.00000000  0.00000000     0.0000914     0.0000914    -0.0002859     0.0000000   -10.0033771   -10.0038287   -20.1479267     0.0004587   -20.1479263   -10.0038290   -10.0033770     0.0025909
  2.92483330  9.47468758  0.00000000  0.00000000     0.0000925     0.0000925    -0.0002883     0.0000000    -9.9988606    -9.9986506   -20.2376941     0.0003752   -20.2376938    -9.9988604    -9.9986506     0.0020997
  2.92483330 10.07500076  0.00000000  0.00000000     0.0000920     0.0000920    -0.0002871     0.0000001    -9.9979800    -9.9982468   -20.1871285     0.0007712   -20.1871281    -9.9982471    -9.9979801     0.0043366
  2.92483330 10.67531300  0.00000000  0.00000000     0.0000914     0.0000914    -0.0002859     0.0000001    -9.9986413    -9.9992065   -20.1391542     0.0009549   -20.1391544    -9.9992065    -9.9986410     0.0053954
  0.11416677 11.02468777  0.00000000  0.00000000     0.0000911     0.0000911    -0.0002851     0.0000000   -10.0059284   -10.0059491   -20.1219091     0.0000355   -20.1219082   -10.0059490   -10.0059280     0.0002014
  0.11416677 11.62500000  0.00000000  0.00000000     0.0000905     0.0000905    -0.0002838     0.0000000    -9.9970730    -9.9970775   -20.0567834     0.0001103   -20.0567837    -9.9970779    -9.9970732     0.0006280
  0.11416677 12.22531319  0.00000000  0.00000000     0.0000900     0.0000900    -0.0002826     0.0000000    -9.9960189    -9.9960074   -20.0098190     0.0002634   -20.0098190    -9.9960184    -9.9960070     0.0015070
  0.50650001 11.02468777  0.00000000  0.00000000     0.0000911     0.0000911    -0.0002851    -0.0000000   -10.0056033   -10.0056949   -20.1223823    -0.0000645   -20.1223831   -10.0056944   -10.0056028    -0.0003654
  0.50650001 11.62500000  0.00000000  0.00000000     0.0000905     0.0000905    -0.0002838     0.0000000    -9.9947339    -9.9947541   -20.0526051     0.0000042   -20.0526047    -9.9947538    -9.9947338     0.0000238
  0.50650001 12.22531319  0.00000000  0.00000000     0.0000900     0.0000900    -0.0002826     0.0000000   -10.0042697   -10.0042186   -20.0262456     0.0001513   -20.0262451   -10.0042696   -10.0042191     0.0008648
  0.89883322 11.02468777  0.00000000  0.00000000     0.0000911     0.0000911    -0.0002851    -0.0000000   -10.0065291   -10.0066917   -20.1250189    -0.0002007   -20.1250191   -10.0066919   -10.0065289    -0.0011366
  0.89883322 11.62500000  0.00000000  0.00000000     0.0000905     0.0000905    -0.0002838    -0.0000000    -9.9920708    -9.9921067   -20.0474171    -0.0001379   -20.0474167    -9.9921064    -9.9920712    -0.0007860
  0.89883322 12.22531319  0.00000000  0.00000000     0.0000900     0.0000900    -0.0002826     0.0000000   -10.0045299   -10.0044393   -20.0263156     0.0000028   -20.0263157   -10.0045300   -10.0044394     0.0000161
  1.12716675 11.02468777  0.00000000  0.00000000     0.0000911     0.0000911    -0.0002851    -0.0000000   -10.0064241   -10.0065319   -20.1247941    -0.0001667   -20.1247940   -10.0065317   -10.0064240    -0.0009438
  1.12716675 11.62500000  0.00000000  0.00000000     0.0000905     0.0000905    -0.0002838     0.0000000    -9.9993864    -9.9992259   -20.0605204     0.0001428   -20.0605202    -9.9993868    -9.9992256     0.0008130
  1.12716675 12.22531319  0.00000000  0.00000000     0.0000900     0.0000900    -0.0002826     0.0000000    -9.9943201    -9.9944045   -20.0067168     0.0003046   -20.0067177    -9.9944048    -9.9943199     0.0017433
  1.51950002 11.02468777  0.00000000  0.00000000     0.0000911     0.0000911    -0.0002851    -0.0000000   -10.0024412   -10.0025958   -20.1174745    -0.0004537   -20.1174736   -10.0025959   -10.0024414    -0.0025702
  1.51950002 11.62500000  0.00000000  0.00000000     0.0000905     0.0000905    -0.0002838    -0.0000000    -9.9950748    -9.9951922   -20.0528870    -0.0001399   -20.0528870    -9.9951925    -9.9950752    -0.0007968
  1.51950002 12.22531319  0.00000000  0.00000000     0.0000900     0.0000900    -0.0002826     0.0000000   -10.0059182   -10.0063799   -20.0318800     0.0000263   -20.0318794   -10.0063801   -10.0059185     0.0001501
  1.91183329 11.02468777  0.00000000  0.00000000     0.0000911     0.0000911    -0.0002851    -0.0000001   -10.0053639   -10.0055637   -20.1228616    -0.0006802   -20.1228619   -10.0055637   -10.0053635    -0.0038521
  1.91183329 11.62500000  0.00000000  0.00000000     0.0000905     0.0000905    -0.0002839    -0.0000000    -9.9939513    -9.9942882   -20.0507382    -0.0003617   -20.0507374    -9.9942884    -9.9939508    -0.0020605
  1.91183329 12.22531319  0.00000000  0.00000000     0.0000900     0.0000900    -0.0002826    -0.0000000   -10.0019236   -10.0027013   -20.0249348    -0.0001916   -20.0249348   -10.0027018   -10.0019236    -0.0010951
  2.14016676 11.02468777  0.00000000  0.00000000     0.0000911     0.0000911    -0.0002851    -0.0000001    -9.9999515   -10.0000900   -20.1120037    -0.0010927   -20.1120033   -10.0000896    -9.9999514    -0.0061914
  2.14016676 11.62500000  0.00000000  0.00000000     0.0000905     0.0000905    -0.0002839     0.0000000   -10.0094967   -10.0094397   -20.0798191     0.0003877   -20.0798187   -10.0094967   -10.0094395     0.0022058
  2.14016676 12.22531319  0.00000000  0.00000000     0.0000900     0.0000900    -0.0002826     0.0000002    -9.9780959    -9.9778564   -19.9713277     0.0020593   -19.9713287    -9.9780951    -9.9778566     0.0118067
  2.53250003 11.02468777  0.00000000  0.00000000     0.0000911     0.0000911    -0.0002851    -0.0000001    -9.9971322    -9.9974891   -20.1083543    -0.0010771   -20.1083546    -9.9974890    -9.9971323    -0.0061037
  2.53250003 11.62500000  0.00000000  0.00000000     0.0000905     0.0000905    -0.0002839    -0.0000000    -9.9988968    -9.9990452   -20.0610095    -0.0003146   -20.0610104    -9.9990454    -9.9988966    -0.0017915
  2.53250003 12.22531319  0.00000000  0.00000000     0.0000900     0.0000900    -0.0002826     0.0000000   -10.0122234   -10.0121737   -20.0425359     0.0006452   -20.0425358   -10.0122232   -10.0121737     0.0036854
  2.92483330 11.02468777  0.00000000  0.00000000     0.0000911     0.0000911    -0.0002852    -0.0000001   -10.0096792   -10.0102312   -20.1315884    -0.0010780   -20.1315880   -10.0102310   -10.0096788    -0.0061022
  2.92483330 11.62500000  0.00000000  0.00000000     0.0000905     0.0000905    -0.0002839    -0.0000001    -9.9925674    -9.9928944   -20.0467884    -0.0010310   -20.0467892    -9.9928942    -9.9925671    -0.0058754
  2.92483330 12.22531319  0.00000000  0.00000000     0.0000900     0.0000900    -0.0002826    -0.0000001    -9.9973672    -9.9974793   -20.0117458    -0.0007907   -20.0117455    -9.9974794    -9.9973669    -0.0045238
