 TITLE = "GEORGIA TECH TEST PIT GRID                                                      "
 VARIABLES = "R","Z","DISP_R","DISP_Z","EPSR","EPSTH","EPSZ","EPSRZ","SIGMAR","SIGMATH","SIGMAZ","SIGMARZ","SIGMA1","SIGMA2","SIGMA3","ANGLE"
 ZONE T="GEOMETRY & DISP", N=   95, E=   24, F=FEPOINT, ET=QUADRILATERAL
  0.00000000  0.00000000  0.00000000  0.00000000     0.0000000     0.0000000     0.0000000     0.0000000     0.0000000     0.0000000     0.0000000     0.0000000     0.0000000     0.0000000     0.0000000     0.0000000
  0.50650001  0.00000000  0.00000000  0.00000000     0.0000000     0.0000000     0.0000000     0.0000000     0.0000000     0.0000000     0.0000000     0.0000000     0.0000000     0.0000000     0.0000000     0.0000000
  1.01300001  0.00000000  0.00000000  0.00000000     0.0000000     0.0000000     0.0000000     0.0000000     0.0000000     0.0000000     0.0000000     0.0000000     0.0000000     0.0000000     0.0000000     0.0000000
  1.51950002  0.00000000  0.00000000  0.00000000     0.0000000     0.0000000     0.0000000     0.0000000     0.0000000     0.0000000     0.0000000     0.0000000     0.0000000     0.0000000     0.0000000     0.0000000
  2.02600002  0.00000000  0.00000000  0.00000000     0.0000000     0.0000000     0.0000000     0.0000000     0.0000000     0.0000000     0.0000000     0.0000000     0.0000000     0.0000000     0.0000000     0.0000000
  2.53250003  0.00000000  0.00000000  0.00000000     0.0000000     0.0000000     0.0000000     0.0000000     0.0000000     0.0000000     0.0000000     0.0000000     0.0000000     0.0000000     0.0000000     0.0000000
  3.03900003  0.00000000  0.00000000  0.00000000     0.0000000     0.0000000     0.0000000     0.0000000     0.0000000     0.0000000     0.0000000     0.0000000     0.0000000     0.0000000     0.0000000     0.0000000
  0.00000000  0.77499998  0.00000000 -0.00012910     0.0000000     0.0000000     0.0000000     0.0000000     0.0000000     0.0000000     0.0000000     0.0000000     0.0000000     0.0000000     0.0000000     0.0000000
  1.01300001  0.77499998  0.00004973 -0.00013179     0.0000000     0.0000000     0.0000000     0.0000000     0.0000000     0.0000000     0.0000000     0.0000000     0.0000000     0.0000000     0.0000000     0.0000000
  2.02600002  0.77499998  0.00010731 -0.00013810     0.0000000     0.0000000     0.0000000     0.0000000     0.0000000     0.0000000     0.0000000     0.0000000     0.0000000     0.0000000     0.0000000     0.0000000
  3.03900003  0.77499998  0.00018473 -0.00016109     0.0000000     0.0000000     0.0000000     0.0000000     0.0000000     0.0000000     0.0000000     0.0000000     0.0000000     0.0000000     0.0000000     0.0000000
  0.00000000  1.54999995  0.00000000 -0.00032445     0.0000000     0.0000000     0.0000000     0.0000000     0.0000000     0.0000000     0.0000000     0.0000000     0.0000000     0.0000000     0.0000000     0.0000000
  0.50650001  1.54999995  0.00004292 -0.00032410     0.0000000     0.0000000     0.0000000     0.0000000     0.0000000     0.0000000     0.0000000     0.0000000     0.0000000     0.0000000     0.0000000     0.0000000
  1.01300001  1.54999995  0.00008679 -0.00032981     0.0000000     0.0000000     0.0000000     0.0000000     0.0000000     0.0000000     0.0000000     0.0000000     0.0000000     0.0000000     0.0000000     0.0000000
  1.51950002  1.54999995  0.00013304 -0.00033751     0.0000000     0.0000000     0.0000000     0.0000000     0.0000000     0.0000000     0.0000000     0.0000000     0.0000000     0.0000000     0.0000000     0.0000000
  2.02600002  1.54999995  0.00018325 -0.00035188     0.0000000     0.0000000     0.0000000     0.0000000     0.0000000     0.0000000     0.0000000     0.0000000     0.0000000     0.0000000     0.0000000     0.0000000
  2.53250003  1.54999995  0.00023513 -0.00036730     0.0000000     0.0000000     0.0000000     0.0000000     0.0000000     0.0000000     0.0000000     0.0000000     0.0000000     0.0000000     0.0000000     0.0000000
  3.03900003  1.54999995  0.00029288 -0.00039400     0.0000000     0.0000000     0.0000000     0.0000000     0.0000000     0.0000000     0.0000000     0.0000000     0.0000000     0.0000000     0.0000000     0.0000000
  0.00000000  2.32499981  0.00000000 -0.00055943     0.0000000     0.0000000     0.0000000     0.0000000     0.0000000     0.0000000     0.0000000     0.0000000     0.0000000     0.0000000     0.0000000     0.0000000
  1.01300001  2.32499981  0.00010525 -0.00056713     0.0000000     0.0000000     0.0000000     0.0000000     0.0000000     0.0000000     0.0000000     0.0000000     0.0000000     0.0000000     0.0000000     0.0000000
  2.02600002  2.32499981  0.00021054 -0.00059350     0.0000000     0.0000000     0.0000000     0.0000000     0.0000000     0.0000000     0.0000000     0.0000000     0.0000000     0.0000000     0.0000000     0.0000000
  3.03900003  2.32499981  0.00031273 -0.00063767     0.0000000     0.0000000     0.0000000     0.0000000     0.0000000     0.0000000     0.0000000     0.0000000     0.0000000     0.0000000     0.0000000     0.0000000
  0.00000000  3.09999990  0.00000000 -0.00081612     0.0000000     0.0000000     0.0000000     0.0000000     0.0000000     0.0000000     0.0000000     0.0000000     0.0000000     0.0000000     0.0000000     0.0000000
  0.50650001  3.09999990  0.00005716 -0.00081916     0.0000000     0.0000000     0.0000000     0.0000000     0.0000000     0.0000000     0.0000000     0.0000000     0.0000000     0.0000000     0.0000000     0.0000000
  1.01300001  3.09999990  0.00011418 -0.00082415     0.0000000     0.0000000     0.0000000     0.0000000     0.0000000     0.0000000     0.0000000     0.0000000     0.0000000     0.0000000     0.0000000     0.0000000
  1.51950002  3.09999990  0.00017155 -0.00083464     0.0000000     0.0000000     0.0000000     0.0000000     0.0000000     0.0000000     0.0000000     0.0000000     0.0000000     0.0000000     0.0000000     0.0000000
  2.02600002  3.09999990  0.00022682 -0.00084649     0.0000000     0.0000000     0.0000000     0.0000000     0.0000000     0.0000000     0.0000000     0.0000000     0.0000000     0.0000000     0.0000000     0.0000000
  2.53250003  3.09999990  0.00027958 -0.00086028     0.0000000     0.0000000     0.0000000     0.0000000     0.0000000     0.0000000     0.0000000     0.0000000     0.0000000     0.0000000     0.0000000     0.0000000
  3.03900003  3.09999990  0.00032488 -0.00087321     0.0000000     0.0000000     0.0000000     0.0000000     0.0000000     0.0000000     0.0000000     0.0000000     0.0000000     0.0000000     0.0000000     0.0000000
  0.00000000  3.87500000  0.00000000 -0.00107971     0.0000000     0.0000000     0.0000000     0.0000000     0.0000000     0.0000000     0.0000000     0.0000000     0.0000000     0.0000000     0.0000000     0.0000000
  1.01300001  3.87500000  0.00011416 -0.00108725     0.0000000     0.0000000     0.0000000     0.0000000     0.0000000     0.0000000     0.0000000     0.0000000     0.0000000     0.0000000     0.0000000     0.0000000
  2.02600002  3.87500000  0.00022470 -0.00110386     0.0000000     0.0000000     0.0000000     0.0000000     0.0000000     0.0000000     0.0000000     0.0000000     0.0000000     0.0000000     0.0000000     0.0000000
  3.03900003  3.87500000  0.00032612 -0.00111148     0.0000000     0.0000000     0.0000000     0.0000000     0.0000000     0.0000000     0.0000000     0.0000000     0.0000000     0.0000000     0.0000000     0.0000000
  0.00000000  4.64999962  0.00000000 -0.00134312     0.0000000     0.0000000     0.0000000     0.0000000     0.0000000     0.0000000     0.0000000     0.0000000     0.0000000     0.0000000     0.0000000     0.0000000
  0.50650001  4.64999962  0.00005667 -0.00134425     0.0000000     0.0000000     0.0000000     0.0000000     0.0000000     0.0000000     0.0000000     0.0000000     0.0000000     0.0000000     0.0000000     0.0000000
  1.01300001  4.64999962  0.00011263 -0.00134774     0.0000000     0.0000000     0.0000000     0.0000000     0.0000000     0.0000000     0.0000000     0.0000000     0.0000000     0.0000000     0.0000000     0.0000000
  1.51950002  4.64999962  0.00016710 -0.00135213     0.0000000     0.0000000     0.0000000     0.0000000     0.0000000     0.0000000     0.0000000     0.0000000     0.0000000     0.0000000     0.0000000     0.0000000
  2.02600002  4.64999962  0.00022003 -0.00135694     0.0000000     0.0000000     0.0000000     0.0000000     0.0000000     0.0000000     0.0000000     0.0000000     0.0000000     0.0000000     0.0000000     0.0000000
  2.53250003  4.64999962  0.00027202 -0.00135886     0.0000000     0.0000000     0.0000000     0.0000000     0.0000000     0.0000000     0.0000000     0.0000000     0.0000000     0.0000000     0.0000000     0.0000000
  3.03900003  4.64999962  0.00032447 -0.00135768     0.0000000     0.0000000     0.0000000     0.0000000     0.0000000     0.0000000     0.0000000     0.0000000     0.0000000     0.0000000     0.0000000     0.0000000
  0.00000000  5.42499971  0.00000000 -0.00160178     0.0000000     0.0000000     0.0000000     0.0000000     0.0000000     0.0000000     0.0000000     0.0000000     0.0000000     0.0000000     0.0000000     0.0000000
  1.01300001  5.42499971  0.00010945 -0.00160381     0.0000000     0.0000000     0.0000000     0.0000000     0.0000000     0.0000000     0.0000000     0.0000000     0.0000000     0.0000000     0.0000000     0.0000000
  2.02600002  5.42499971  0.00021601 -0.00160737     0.0000000     0.0000000     0.0000000     0.0000000     0.0000000     0.0000000     0.0000000     0.0000000     0.0000000     0.0000000     0.0000000     0.0000000
  3.03900003  5.42499971  0.00032025 -0.00160735     0.0000000     0.0000000     0.0000000     0.0000000     0.0000000     0.0000000     0.0000000     0.0000000     0.0000000     0.0000000     0.0000000     0.0000000
  0.00000000  6.19999981  0.00000000 -0.00185502     0.0000000     0.0000000     0.0000000     0.0000000     0.0000000     0.0000000     0.0000000     0.0000000     0.0000000     0.0000000     0.0000000     0.0000000
  0.50650001  6.19999981  0.00005354 -0.00185518     0.0000000     0.0000000     0.0000000     0.0000000     0.0000000     0.0000000     0.0000000     0.0000000     0.0000000     0.0000000     0.0000000     0.0000000
  1.01300001  6.19999981  0.00010686 -0.00185582     0.0000000     0.0000000     0.0000000     0.0000000     0.0000000     0.0000000     0.0000000     0.0000000     0.0000000     0.0000000     0.0000000     0.0000000
  1.51950002  6.19999981  0.00015987 -0.00185645     0.0000000     0.0000000     0.0000000     0.0000000     0.0000000     0.0000000     0.0000000     0.0000000     0.0000000     0.0000000     0.0000000     0.0000000
  2.02600002  6.19999981  0.00021258 -0.00185683     0.0000000     0.0000000     0.0000000     0.0000000     0.0000000     0.0000000     0.0000000     0.0000000     0.0000000     0.0000000     0.0000000     0.0000000
  2.53250003  6.19999981  0.00026490 -0.00185691     0.0000000     0.0000000     0.0000000     0.0000000     0.0000000     0.0000000     0.0000000     0.0000000     0.0000000     0.0000000     0.0000000     0.0000000
  3.03900003  6.19999981  0.00031689 -0.00185567     0.0000000     0.0000000     0.0000000     0.0000000     0.0000000     0.0000000     0.0000000     0.0000000     0.0000000     0.0000000     0.0000000     0.0000000
  0.00000000  6.97499990  0.00000000 -0.00210505     0.0000000     0.0000000     0.0000000     0.0000000     0.0000000     0.0000000     0.0000000     0.0000000     0.0000000     0.0000000     0.0000000     0.0000000
  1.01300001  6.97499990  0.00010541 -0.00210517     0.0000000     0.0000000     0.0000000     0.0000000     0.0000000     0.0000000     0.0000000     0.0000000     0.0000000     0.0000000     0.0000000     0.0000000
  2.02600002  6.97499990  0.00021014 -0.00210509     0.0000000     0.0000000     0.0000000     0.0000000     0.0000000     0.0000000     0.0000000     0.0000000     0.0000000     0.0000000     0.0000000     0.0000000
  3.03900003  6.97499990  0.00031422 -0.00210295     0.0000000     0.0000000     0.0000000     0.0000000     0.0000000     0.0000000     0.0000000     0.0000000     0.0000000     0.0000000     0.0000000     0.0000000
  0.00000000  7.75000000  0.00000000 -0.00235275     0.0000000     0.0000000     0.0000000     0.0000000     0.0000000     0.0000000     0.0000000     0.0000000     0.0000000     0.0000000     0.0000000     0.0000000
  0.50650001  7.75000000  0.00005210 -0.00235266     0.0000000     0.0000000     0.0000000     0.0000000     0.0000000     0.0000000     0.0000000     0.0000000     0.0000000     0.0000000     0.0000000     0.0000000
  1.01300001  7.75000000  0.00010417 -0.00235259     0.0000000     0.0000000     0.0000000     0.0000000     0.0000000     0.0000000     0.0000000     0.0000000     0.0000000     0.0000000     0.0000000     0.0000000
  1.51950002  7.75000000  0.00015612 -0.00235233     0.0000000     0.0000000     0.0000000     0.0000000     0.0000000     0.0000000     0.0000000     0.0000000     0.0000000     0.0000000     0.0000000     0.0000000
  2.02600002  7.75000000  0.00020800 -0.00235189     0.0000000     0.0000000     0.0000000     0.0000000     0.0000000     0.0000000     0.0000000     0.0000000     0.0000000     0.0000000     0.0000000     0.0000000
  2.53250003  7.75000000  0.00025978 -0.00235109     0.0000000     0.0000000     0.0000000     0.0000000     0.0000000     0.0000000     0.0000000     0.0000000     0.0000000     0.0000000     0.0000000     0.0000000
  3.03900003  7.75000000  0.00031167 -0.00234960     0.0000000     0.0000000     0.0000000     0.0000000     0.0000000     0.0000000     0.0000000     0.0000000     0.0000000     0.0000000     0.0000000     0.0000000
  0.00000000  8.52499962  0.00000000 -0.00259888     0.0000000     0.0000000     0.0000000     0.0000000     0.0000000     0.0000000     0.0000000     0.0000000     0.0000000     0.0000000     0.0000000     0.0000000
  1.01300001  8.52499962  0.00010336 -0.00259856     0.0000000     0.0000000     0.0000000     0.0000000     0.0000000     0.0000000     0.0000000     0.0000000     0.0000000     0.0000000     0.0000000     0.0000000
  2.02600002  8.52499962  0.00020650 -0.00259748     0.0000000     0.0000000     0.0000000     0.0000000     0.0000000     0.0000000     0.0000000     0.0000000     0.0000000     0.0000000     0.0000000     0.0000000
  3.03900003  8.52499962  0.00030955 -0.00259538     0.0000000     0.0000000     0.0000000     0.0000000     0.0000000     0.0000000     0.0000000     0.0000000     0.0000000     0.0000000     0.0000000     0.0000000
  0.00000000  9.30000019  0.00000000 -0.00284395     0.0000000     0.0000000     0.0000000     0.0000000     0.0000000     0.0000000     0.0000000     0.0000000     0.0000000     0.0000000     0.0000000     0.0000000
  0.50650001  9.30000019  0.00005135 -0.00284381     0.0000000     0.0000000     0.0000000     0.0000000     0.0000000     0.0000000     0.0000000     0.0000000     0.0000000     0.0000000     0.0000000     0.0000000
  1.01300001  9.30000019  0.00010264 -0.00284342     0.0000000     0.0000000     0.0000000     0.0000000     0.0000000     0.0000000     0.0000000     0.0000000     0.0000000     0.0000000     0.0000000     0.0000000
  1.51950002  9.30000019  0.00015389 -0.00284284     0.0000000     0.0000000     0.0000000     0.0000000     0.0000000     0.0000000     0.0000000     0.0000000     0.0000000     0.0000000     0.0000000     0.0000000
  2.02600002  9.30000019  0.00020508 -0.00284206     0.0000000     0.0000000     0.0000000     0.0000000     0.0000000     0.0000000     0.0000000     0.0000000     0.0000000     0.0000000     0.0000000     0.0000000
  2.53250003  9.30000019  0.00025627 -0.00284102     0.0000000     0.0000000     0.0000000     0.0000000     0.0000000     0.0000000     0.0000000     0.0000000     0.0000000     0.0000000     0.0000000     0.0000000
  3.03900003  9.30000019  0.00030751 -0.00284010     0.0000000     0.0000000     0.0000000     0.0000000     0.0000000     0.0000000     0.0000000     0.0000000     0.0000000     0.0000000     0.0000000     0.0000000
  0.00000000 10.07499981  0.00000000 -0.00308813     0.0000000     0.0000000     0.0000000     0.0000000     0.0000000     0.0000000     0.0000000     0.0000000     0.0000000     0.0000000     0.0000000     0.0000000
  1.01300001 10.07499981  0.00010205 -0.00308747     0.0000000     0.0000000     0.0000000     0.0000000     0.0000000     0.0000000     0.0000000     0.0000000     0.0000000     0.0000000     0.0000000     0.0000000
  2.02600002 10.07499981  0.00020399 -0.00308567     0.0000000     0.0000000     0.0000000     0.0000000     0.0000000     0.0000000     0.0000000     0.0000000     0.0000000     0.0000000     0.0000000     0.0000000
  3.03900003 10.07499981  0.00030567 -0.00308344     0.0000000     0.0000000     0.0000000     0.0000000     0.0000000     0.0000000     0.0000000     0.0000000     0.0000000     0.0000000     0.0000000     0.0000000
  0.00000000 10.85000038  0.00000000 -0.00333115     0.0000000     0.0000000     0.0000000     0.0000000     0.0000000     0.0000000     0.0000000     0.0000000     0.0000000     0.0000000     0.0000000     0.0000000
  0.50650001 10.85000038  0.00005057 -0.00333098     0.0000000     0.0000000     0.0000000     0.0000000     0.0000000     0.0000000     0.0000000     0.0000000     0.0000000     0.0000000     0.0000000     0.0000000
  1.01300001 10.85000038  0.00010116 -0.00333046     0.0000000     0.0000000     0.0000000     0.0000000     0.0000000     0.0000000     0.0000000     0.0000000     0.0000000     0.0000000     0.0000000     0.0000000
  1.51950002 10.85000038  0.00015174 -0.00332964     0.0000000     0.0000000     0.0000000     0.0000000     0.0000000     0.0000000     0.0000000     0.0000000     0.0000000     0.0000000     0.0000000     0.0000000
  2.02600002 10.85000038  0.00020229 -0.00332843     0.0000000     0.0000000     0.0000000     0.0000000     0.0000000     0.0000000     0.0000000     0.0000000     0.0000000     0.0000000     0.0000000     0.0000000
  2.53250003 10.85000038  0.00025288 -0.00332712     0.0000000     0.0000000     0.0000000     0.0000000     0.0000000     0.0000000     0.0000000     0.0000000     0.0000000     0.0000000     0.0000000     0.0000000
  3.03900003 10.85000038  0.00030333 -0.00332553     0.0000000     0.0000000     0.0000000     0.0000000     0.0000000     0.0000000     0.0000000     0.0000000     0.0000000     0.0000000     0.0000000     0.0000000
  0.00000000 11.62500000  0.00000000 -0.00357325     0.0000000     0.0000000     0.0000000     0.0000000     0.0000000     0.0000000     0.0000000     0.0000000     0.0000000     0.0000000     0.0000000     0.0000000
  1.01300001 11.62500000  0.00010077 -0.00357266     0.0000000     0.0000000     0.0000000     0.0000000     0.0000000     0.0000000     0.0000000     0.0000000     0.0000000     0.0000000     0.0000000     0.0000000
  2.02600002 11.62500000  0.00020167 -0.00357067     0.0000000     0.0000000     0.0000000     0.0000000     0.0000000     0.0000000     0.0000000     0.0000000     0.0000000     0.0000000     0.0000000     0.0000000
  3.03900003 11.62500000  0.00030229 -0.00356710     0.0000000     0.0000000     0.0000000     0.0000000     0.0000000     0.0000000     0.0000000     0.0000000     0.0000000     0.0000000     0.0000000     0.0000000
  0.00000000 12.40000057  0.00000000 -0.00381360     0.0000000     0.0000000     0.0000000     0.0000000     0.0000000     0.0000000     0.0000000     0.0000000     0.0000000     0.0000000     0.0000000     0.0000000
  0.50650001 12.40000057  0.00004958 -0.00381338     0.0000000     0.0000000     0.0000000     0.0000000     0.0000000     0.0000000     0.0000000     0.0000000     0.0000000     0.0000000     0.0000000     0.0000000
  1.01300001 12.40000057  0.00009913 -0.00381291     0.0000000     0.0000000     0.0000000     0.0000000     0.0000000     0.0000000     0.0000000     0.0000000     0.0000000     0.0000000     0.0000000     0.0000000
  1.51950002 12.40000057  0.00014863 -0.00381221     0.0000000     0.0000000     0.0000000     0.0000000     0.0000000     0.0000000     0.0000000     0.0000000     0.0000000     0.0000000     0.0000000     0.0000000
  2.02600002 12.40000057  0.00019818 -0.00381112     0.0000000     0.0000000     0.0000000     0.0000000     0.0000000     0.0000000     0.0000000     0.0000000     0.0000000     0.0000000     0.0000000     0.0000000
  2.53250003 12.40000057  0.00024776 -0.00380941     0.0000000     0.0000000     0.0000000     0.0000000     0.0000000     0.0000000     0.0000000     0.0000000     0.0000000     0.0000000     0.0000000     0.0000000
  3.03900003 12.40000057  0.00029713 -0.00380699     0.0000000     0.0000000     0.0000000     0.0000000     0.0000000     0.0000000     0.0000000     0.0000000     0.0000000     0.0000000     0.0000000     0.0000000
           1           3          14          12
           3           5          16          14
           5           7          18          16
          12          14          25          23
          14          16          27          25
          16          18          29          27
          23          25          36          34
          25          27          38          36
          27          29          40          38
          34          36          47          45
          36          38          49          47
          38          40          51          49
          45          47          58          56
          47          49          60          58
          49          51          62          60
          56          58          69          67
          58          60          71          69
          60          62          73          71
          67          69          80          78
          69          71          82          80
          71          73          84          82
          78          80          91          89
          80          82          93          91
          82          84          95          93
 ZONE T="STRESS & STRAIN", I=  216, F=POINT
  0.11416677  0.17468756  0.00000000  0.00000000     0.0000120     0.0000120    -0.0001427     0.0000081   -16.5895349   -16.5903001   -21.5025062     0.1279186   -21.5058346   -16.5902996   -16.5862064     1.4904585
  0.11416677  0.77499998  0.00000000  0.00000000     0.0000484     0.0000483    -0.0002089     0.0000082   -12.5042387   -12.5071631   -19.5431858     0.1116038   -19.5449543   -12.5071630   -12.5024700     0.9081311
  0.11416677  1.37531245  0.00000000  0.00000000     0.0000772     0.0000770    -0.0002751     0.0000083   -13.5800179   -13.5855367   -23.8314301     0.1204353   -23.8328457   -13.5855370   -13.5786028     0.6729966
  0.50650001  0.17468756  0.00000000  0.00000000     0.0000122     0.0000121    -0.0001429     0.0000334   -16.3654578   -16.3688096   -21.2273136     0.5239430   -21.2831364   -16.3688087   -16.3096352     6.0815077
  0.50650001  0.77499998  0.00000000  0.00000000     0.0000491     0.0000486    -0.0002091     0.0000250   -12.0739292   -12.0865941   -18.9690263     0.3341746   -18.9851837   -12.0865936   -12.0577707     2.7682223
  0.50650001  1.37531245  0.00000000  0.00000000     0.0000785     0.0000777    -0.0002753     0.0000167   -12.8230742   -12.8466693   -22.7430552     0.2334444   -22.7485466   -12.8466692   -12.8175840     1.3473325
  0.89883322  0.17468756  0.00000000  0.00000000     0.0000123     0.0000121    -0.0001454     0.0000592   -17.2704320   -17.2765903   -22.3912859     0.9601580   -22.5653954   -17.2765903   -17.0963230    10.2780016
  0.89883322  0.77499998  0.00000000  0.00000000     0.0000498     0.0000490    -0.0002116     0.0000423   -12.6101710   -12.6333563   -19.8126580     0.5822123   -19.8594170   -12.6333561   -12.5634117     4.5917681
  0.89883322  1.37531245  0.00000000  0.00000000     0.0000798     0.0000783    -0.0002778     0.0000254   -13.0723880   -13.1149670   -23.2683649     0.3620542   -23.2812042   -13.1149673   -13.0595474     2.0311352
  1.12716675  0.17468756  0.00000000  0.00000000     0.0000137     0.0000123    -0.0001463     0.0000778   -16.6374818   -16.6826122   -21.6864354     1.2279902   -21.9692612   -16.6826115   -16.3546562    12.9699208
  1.12716675  0.77499998  0.00000000  0.00000000     0.0000538     0.0000495    -0.0002135     0.0000614   -11.3259226   -11.4355294   -18.1752671     0.7863739   -18.2643909   -11.4355297   -11.2367983     6.4660468
  1.12716675  1.37531245  0.00000000  0.00000000     0.0000828     0.0000789    -0.0002808     0.0000393   -12.8870734   -12.9986454   -23.2276600     0.5593407   -23.2578278   -12.9986458   -12.8569059     3.0872239
  1.51950002  0.17468756  0.00000000  0.00000000     0.0000144     0.0000128    -0.0001468     0.0001073   -16.2964089   -16.3478961   -21.3115764     1.6678312   -21.8155766   -16.3478966   -15.7924089    16.8142335
  1.51950002  0.77499998  0.00000000  0.00000000     0.0000568     0.0000510    -0.0002177     0.0000796   -10.9980098   -11.1440326   -17.8979552     1.0002360   -18.0400276   -11.1440325   -10.8559380     8.0841173
  1.51950002  1.37531245  0.00000000  0.00000000     0.0000882     0.0000806    -0.0002887     0.0000464   -12.7385819   -12.9528138   -23.3742527     0.6542592   -23.4143486   -12.9528141   -12.6984863     3.5069579
  1.91183329  0.17468756  0.00000000  0.00000000     0.0000151     0.0000132    -0.0001500     0.0001382   -17.4314343   -17.4945529   -22.8349822     2.2618295   -23.6567650   -17.4945526   -16.6096516    19.9674375
  1.91183329  0.77499998  0.00000000  0.00000000     0.0000599     0.0000525    -0.0002246     0.0000994   -11.8354420   -12.0306111   -19.4019897     1.3217276   -19.6262245   -12.0306110   -11.6112070     9.6287060
  1.91183329  1.37531245  0.00000000  0.00000000     0.0000936     0.0000827    -0.0002991     0.0000549   -13.6665573   -13.9894944   -25.3480429     0.8169562   -25.4049015   -13.9894943   -13.6096992     3.9812075
  2.14016676  0.17468756  0.00000000  0.00000000     0.0000201     0.0000136    -0.0001534     0.0001584   -16.2029397   -16.4050921   -21.6272043     2.4751861   -22.5868855   -16.4050922   -15.2432594    21.1923303
  2.14016676  0.77499998  0.00000000  0.00000000     0.0000719     0.0000539    -0.0002286     0.0001114    -8.2089344    -8.5874331   -14.5290277     1.1708962   -14.7389803    -8.5874329    -7.9989820    10.1656216
  2.14016676  1.37531245  0.00000000  0.00000000     0.0000970     0.0000840    -0.0003038     0.0000667   -13.6583115   -14.0470224   -25.6707790     0.9987993   -25.7532597   -14.0470228   -13.5758305     4.7207666
  2.53250003  0.17468756  0.00000000  0.00000000     0.0000211     0.0000147    -0.0001633     0.0002002   -18.5289110   -18.7436216   -24.7157666     3.3586680   -26.1885128   -18.7436218   -17.0561638    23.6770266
  2.53250003  0.77499998  0.00000000  0.00000000     0.0000764     0.0000571    -0.0002370     0.0001290    -8.1685389    -8.5747980   -14.7473767     1.3540066   -15.0151491    -8.5747976    -7.9007664    11.1866409
  2.53250003  1.37531245  0.00000000  0.00000000     0.0001050     0.0000866    -0.0003107     0.0000601   -12.0689291   -12.5817507   -23.7099431     0.8416511   -23.7704792   -12.5817509   -12.0083923     4.1139975
  2.92483330  0.17468756  0.00000000  0.00000000     0.0000221     0.0000157    -0.0001775     0.0002443   -23.5317607   -23.7834051   -31.2774962     4.7399455   -33.5255928   -23.7834053   -21.2836647    25.3743830
  2.92483330  0.77499998  0.00000000  0.00000000     0.0000809     0.0000600    -0.0002497     0.0001489    -9.5506737   -10.0402678   -17.2783893     1.7403736   -17.6522541   -10.0402679    -9.1768084    12.1239676
  2.92483330  1.37531245  0.00000000  0.00000000     0.0001129     0.0000896    -0.0003219     0.0000558   -12.0600169   -12.7221949   -24.4248070     0.7936854   -24.4755440   -12.7221947   -12.0092793     3.6577604
  0.11416677  1.72468746  0.00000000  0.00000000     0.0000893     0.0000891    -0.0002965     0.0000058   -12.5086257   -12.5138966   -23.4362196     0.0818209   -23.4368324   -12.5138969   -12.5080128     0.4289730
  0.11416677  2.32499981  0.00000000  0.00000000     0.0001033     0.0001032    -0.0003179     0.0000007    -9.5432126    -9.5453897   -19.6343444     0.0077898   -19.6343498    -9.5453901    -9.5432062     0.0442294
  0.11416677  2.92531228  0.00000000  0.00000000     0.0001116     0.0001116    -0.0003394    -0.0000033   -10.9317922   -10.9316769   -22.9122962    -0.0436203   -22.9124546   -10.9316769   -10.9316330    -0.2086070
  0.50650001  1.72468746  0.00000000  0.00000000     0.0000906     0.0000898    -0.0002987     0.0000080   -12.5261698   -12.5495777   -23.5645536     0.1129261   -23.5657082   -12.5495777   -12.5250149     0.5860717
  0.50650001  2.32499981  0.00000000  0.00000000     0.0001039     0.0001035    -0.0003194     0.0000016    -9.7112284    -9.7210143   -19.9860019     0.0192906   -19.9860382    -9.7210140    -9.7111921     0.1075706
  0.50650001  2.92531228  0.00000000  0.00000000     0.0001115     0.0001116    -0.0003401    -0.0000036   -11.2797298   -11.2792061   -23.5608184    -0.0488650   -23.5610123   -11.2795353   -11.2792063    -0.2279682
  0.89883322  1.72468746  0.00000000  0.00000000     0.0000919     0.0000904    -0.0002994     0.0000097   -11.9000228   -11.9401211   -22.6081340     0.1331017   -22.6097889   -11.9401207   -11.8983688     0.7120391
  0.89883322  2.32499981  0.00000000  0.00000000     0.0001045     0.0001038    -0.0003193     0.0000021    -9.3158807    -9.3327691   -19.3196994     0.0247967   -19.3197613    -9.3327694    -9.3158188     0.1420194
  0.89883322  2.92531228  0.00000000  0.00000000     0.0001115     0.0001116    -0.0003392    -0.0000043   -11.0155639   -11.0146478   -23.0967415    -0.0580570   -23.0970211   -11.0152845   -11.0146475    -0.2753304
  1.12716675  1.72468746  0.00000000  0.00000000     0.0000923     0.0000907    -0.0003009     0.0000152   -12.4072161   -12.4523444   -23.5411983     0.2146446   -23.5453339   -12.4523439   -12.4030800     1.1040202
  1.12716675  2.32499981  0.00000000  0.00000000     0.0001025     0.0001037    -0.0003196    -0.0000003   -10.1412861   -10.1107905   -20.6421606    -0.0031718   -20.6421623   -10.1412849   -10.1107903    -0.0173062
  1.12716675  2.92531228  0.00000000  0.00000000     0.0001118     0.0001116    -0.0003384    -0.0000107   -10.5069426   -10.5130141   -22.1782960    -0.1391599   -22.1799545   -10.5130138   -10.5052834    -0.6830194
  1.51950002  1.72468746  0.00000000  0.00000000     0.0000973     0.0000918    -0.0003052     0.0000116   -11.6297163   -11.7814359   -22.6374494     0.1592198   -22.6397514   -11.7814360   -11.6274137     0.8285158
  1.51950002  2.32499981  0.00000000  0.00000000     0.0001039     0.0001036    -0.0003207    -0.0000012   -10.1008543   -10.1091174   -20.6820426    -0.0148742   -20.6820641   -10.1091175   -10.1008339    -0.0805418
  1.51950002  2.92531228  0.00000000  0.00000000     0.0001097     0.0001114    -0.0003363    -0.0000091   -10.8364514   -10.7911054   -22.6625074    -0.1206456   -22.6637383   -10.8352203   -10.7911053    -0.5844321
  1.91183329  1.72468746  0.00000000  0.00000000     0.0001023     0.0000934    -0.0003075     0.0000058    -9.7343834    -9.9509325   -19.6963159     0.0703036   -19.6968117    -9.9509325    -9.7338877     0.4043223
  1.91183329  2.32499981  0.00000000  0.00000000     0.0001054     0.0001038    -0.0003198    -0.0000045    -9.2590737    -9.2954808   -19.2940923    -0.0528470   -19.2943707    -9.2954807    -9.2587957    -0.3017234
  1.91183329  2.92531228  0.00000000  0.00000000     0.0001075     0.0001108    -0.0003321    -0.0000098   -10.4091742   -10.3242034   -21.7281289    -0.1262452   -21.7295361   -10.4077663   -10.3242035    -0.6389388
  2.14016676  1.72468746  0.00000000  0.00000000     0.0000996     0.0000942    -0.0003104     0.0000111   -11.6736179   -11.8216914   -22.9355002     0.1519962   -22.9375515   -11.8216915   -11.6715670     0.7731058
  2.14016676  2.32499981  0.00000000  0.00000000     0.0001021     0.0001038    -0.0003195    -0.0000066   -10.3779077   -10.3338009   -21.0710476    -0.0842859   -21.0717125   -10.3772430   -10.3338013    -0.4515818
  2.14016676  2.92531228  0.00000000  0.00000000     0.0001066     0.0001105    -0.0003287    -0.0000128    -9.6746720    -9.5789464   -20.3069785    -0.1564949   -20.3092823    -9.6723690    -9.5789461    -0.8430819
  2.53250003  1.72468746  0.00000000  0.00000000     0.0001063     0.0000956    -0.0003164    -0.0000057   -10.6324705   -10.9108617   -21.6116631    -0.0738142   -21.6121597   -10.9108620   -10.6319742    -0.3851819
  2.53250003  2.32499981  0.00000000  0.00000000     0.0001009     0.0001035    -0.0003181    -0.0000149   -10.4137278   -10.3480537   -21.0337937    -0.1891555   -21.0371609   -10.4103594   -10.3480539    -1.0200717
  2.53250003  2.92531228  0.00000000  0.00000000     0.0000974     0.0001092    -0.0003197    -0.0000126   -10.3879179   -10.0920575   -20.9206473    -0.1592754   -20.9230556   -10.3855095   -10.0920572    -0.8661601
  2.92483330  1.72468746  0.00000000  0.00000000     0.0001130     0.0000974    -0.0003178    -0.0000276    -8.3284118    -8.6773985   -18.0185709    -0.3103880   -18.0285034    -8.6773987    -8.3184795    -1.8327512
  2.92483330  2.32499981  0.00000000  0.00000000     0.0000997     0.0001030    -0.0003119    -0.0000284    -9.2139612    -9.1344954   -18.8985831    -0.3337051   -18.9100685    -9.2024765    -9.1344957    -1.9711367
  2.92483330  2.92531228  0.00000000  0.00000000     0.0000883     0.0001070    -0.0003059    -0.0000176    -9.8789633    -9.4291370   -19.3911178    -0.2120380   -19.3958416    -9.8742390    -9.4291372    -1.2763502
  0.11416677  3.27468753  0.00000000  0.00000000     0.0001132     0.0001132    -0.0003401    -0.0000049   -10.2085946   -10.2074144   -21.8098662    -0.0621216   -21.8101997   -10.2082615   -10.2074146    -0.3067911
  0.11416677  3.87499976  0.00000000  0.00000000     0.0001133     0.0001134    -0.0003397    -0.0000042    -9.7972455    -9.7949018   -21.0391265    -0.0520209   -21.0393677    -9.7970047    -9.7949018    -0.2651239
  0.11416677  4.47531223  0.00000000  0.00000000     0.0001126     0.0001128    -0.0003393    -0.0000021   -10.2772470   -10.2735748   -21.8989447    -0.0268146   -21.8990059   -10.2771854   -10.2735748    -0.1321967
  0.50650001  3.27468753  0.00000000  0.00000000     0.0001128     0.0001130    -0.0003402    -0.0000076   -10.2932453   -10.2879991   -21.9097242    -0.0973845   -21.9105396   -10.2924290   -10.2879992    -0.4802833
  0.50650001  3.87499976  0.00000000  0.00000000     0.0001127     0.0001131    -0.0003388    -0.0000078    -9.7736651    -9.7633142   -20.9257767    -0.0958970   -20.9266014    -9.7728405    -9.7633142    -0.4926376
  0.50650001  4.47531223  0.00000000  0.00000000     0.0001117     0.0001123    -0.0003374    -0.0000065   -10.0699005   -10.0539041   -21.4090178    -0.0819107   -21.4096088   -10.0693092   -10.0539045    -0.4138602
  0.89883322  3.27468753  0.00000000  0.00000000     0.0001125     0.0001129    -0.0003403    -0.0000106   -10.5672007   -10.5577197   -22.3933525    -0.1377929   -22.3949585   -10.5655956   -10.5577202    -0.6674635
  0.89883322  3.87499976  0.00000000  0.00000000     0.0001120     0.0001128    -0.0003380    -0.0000116    -9.8556102    -9.8371610   -21.0214871    -0.1433152   -21.0233269    -9.8537712    -9.8371611    -0.7352359
  0.89883322  4.47531223  0.00000000  0.00000000     0.0001107     0.0001118    -0.0003357    -0.0000111   -10.0331156   -10.0048249   -21.2659099    -0.1397572   -21.2676487   -10.0313768   -10.0048246    -0.7127206
  1.12716675  3.27468753  0.00000000  0.00000000     0.0001139     0.0001130    -0.0003398    -0.0000188    -9.7819652    -9.8050910   -21.0490999    -0.2339463   -21.0539551    -9.8050909    -9.7771101    -1.1889833
  1.12716675  3.87499976  0.00000000  0.00000000     0.0001119     0.0001127    -0.0003370    -0.0000165    -9.7074732    -9.6890517   -20.7681564    -0.2030188   -20.7718811    -9.7037477    -9.6890516    -1.0511917
  1.12716675  4.47531223  0.00000000  0.00000000     0.0001093     0.0001114    -0.0003342    -0.0000131   -10.1504951   -10.0949567   -21.3650361    -0.1659185   -21.3674908   -10.1480408   -10.0949564    -0.8474403
  1.51950002  3.27468753  0.00000000  0.00000000     0.0001108     0.0001128    -0.0003373    -0.0000218   -10.1456505   -10.0945688   -21.4929859    -0.2756179   -21.4996758   -10.1389599   -10.0945692    -1.3905763
  1.51950002  3.87499976  0.00000000  0.00000000     0.0001091     0.0001121    -0.0003339    -0.0000193    -9.8395778    -9.7660726   -20.7990091    -0.2383121   -20.8041897    -9.8343983    -9.7660723    -1.2451081
  1.51950002  4.47531223  0.00000000  0.00000000     0.0001068     0.0001106    -0.0003304    -0.0000158   -10.0626969    -9.9686896   -21.0114475    -0.1974160   -21.0150051   -10.0591383    -9.9686899    -1.0326479
  1.91183329  3.27468753  0.00000000  0.00000000     0.0001077     0.0001121    -0.0003345    -0.0000245   -10.5632760   -10.4496311   -22.0007898    -0.3165780   -22.0095463   -10.5545206   -10.4496307    -1.5842681
  1.91183329  3.87499976  0.00000000  0.00000000     0.0001064     0.0001112    -0.0003304    -0.0000218    -9.9267240    -9.8067494   -20.7272231    -0.2699746   -20.7339668    -9.9199800    -9.8067493    -1.4310022
  1.91183329  4.47531223  0.00000000  0.00000000     0.0001044     0.0001095    -0.0003263    -0.0000182    -9.9180385    -9.7901896   -20.5610057    -0.2248205   -20.5657520    -9.9132919    -9.7901897    -1.2095883
  2.14016676  3.27468753  0.00000000  0.00000000     0.0001076     0.0001117    -0.0003306    -0.0000251    -9.5386159    -9.4402540   -20.1661705    -0.3045038   -20.1748886    -9.5298986    -9.4402542    -1.6398621
  2.14016676  3.87499976  0.00000000  0.00000000     0.0001055     0.0001107    -0.0003277    -0.0000155    -9.6388451    -9.5125566   -20.1633838    -0.1880392   -20.1667423    -9.6354866    -9.5125570    -1.0232535
  2.14016676  4.47531223  0.00000000  0.00000000     0.0001031     0.0001089    -0.0003248    -0.0000131   -10.0358551    -9.8918456   -20.6546346    -0.1622850   -20.6571140   -10.0333757    -9.8918457    -0.8753689
  2.53250003  3.27468753  0.00000000  0.00000000     0.0000976     0.0001103    -0.0003198    -0.0000232   -10.0180093    -9.7051090   -20.3087144    -0.2863688   -20.3166771   -10.0100460    -9.7051086    -1.5927785
  2.53250003  3.87499976  0.00000000  0.00000000     0.0001001     0.0001094    -0.0003217    -0.0000124    -9.9658415    -9.7359508   -20.3605697    -0.1527700   -20.3628139    -9.9635963    -9.7359505    -0.8418262
  2.53250003  4.47531223  0.00000000  0.00000000     0.0001025     0.0001080    -0.0003235    -0.0000088   -10.2274394   -10.0887401   -20.9483253    -0.1107286   -20.9494686   -10.2262955   -10.0887403    -0.5916842
  2.92483330  3.27468753  0.00000000  0.00000000     0.0000875     0.0001079    -0.0003082    -0.0000183   -10.4924043    -9.9836220   -20.3821027    -0.2284600   -20.3873768   -10.4871292    -9.9836216    -1.3226382
  2.92483330  3.87499976  0.00000000  0.00000000     0.0000948     0.0001078    -0.0003147    -0.0000062   -10.0231381    -9.7035813   -20.0370607    -0.0764065   -20.0376434   -10.0225554    -9.7035809    -0.4371343
  2.92483330  4.47531223  0.00000000  0.00000000     0.0001018     0.0001072    -0.0003213    -0.0000015    -9.9028543    -9.7707401   -20.2841259    -0.0177903   -20.2841568    -9.9028234    -9.7707405    -0.0981868
  0.11416677  4.82468700  0.00000000  0.00000000     0.0001114     0.0001116    -0.0003355    -0.0000011    -9.7510740    -9.7474977   -20.7898893    -0.0138503   -20.7899075    -9.7510567    -9.7474976    -0.0718884
  0.11416677  5.42499971  0.00000000  0.00000000     0.0001088     0.0001089    -0.0003302    -0.0000003    -9.8470794    -9.8445224   -20.7098747    -0.0038434   -20.7098751    -9.8470783    -9.8445225    -0.0202719
  0.11416677  6.02531242  0.00000000  0.00000000     0.0001064     0.0001065    -0.0003250    -0.0000003    -9.7706729    -9.7691523   -20.3715173    -0.0038568   -20.3715191    -9.7706718    -9.7691526    -0.0208454
  0.50650001  4.82468700  0.00000000  0.00000000     0.0001104     0.0001111    -0.0003344    -0.0000062    -9.9019769    -9.8859739   -20.9834421    -0.0769551   -20.9839764    -9.9014425    -9.8859739    -0.3978644
  0.50650001  5.42499971  0.00000000  0.00000000     0.0001080     0.0001085    -0.0003296    -0.0000040   -10.0086698    -9.9972217   -20.9384485    -0.0501867   -20.9386787   -10.0084391    -9.9972219    -0.2630797
  0.50650001  6.02531242  0.00000000  0.00000000     0.0001060     0.0001063    -0.0003249    -0.0000027    -9.9425677    -9.9357550   -20.6358852    -0.0331931   -20.6359882    -9.9424648    -9.9357548    -0.1778495
  0.89883322  4.82468700  0.00000000  0.00000000     0.0001094     0.0001106    -0.0003325    -0.0000110    -9.8479473    -9.8196594   -20.8154518    -0.1370828   -20.8171654    -9.8462343    -9.8196592    -0.7159904
  0.89883322  5.42499971  0.00000000  0.00000000     0.0001073     0.0001082    -0.0003283    -0.0000075    -9.9603948    -9.9401552   -20.7986780    -0.0938165   -20.7994900    -9.9595823    -9.9401550    -0.4959043
  0.89883322  6.02531242  0.00000000  0.00000000     0.0001056     0.0001061    -0.0003241    -0.0000049    -9.9019391    -9.8898915   -20.5280891    -0.0599718   -20.5284271    -9.9016008    -9.8898916    -0.3233519
  1.12716675  4.82468700  0.00000000  0.00000000     0.0001080     0.0001102    -0.0003310    -0.0000116    -9.9220985    -9.8662196   -20.8186441    -0.1441624   -20.8205509    -9.9201918    -9.8662195    -0.7578523
  1.12716675  5.42499971  0.00000000  0.00000000     0.0001066     0.0001079    -0.0003273    -0.0000074    -9.9483689    -9.9151992   -20.7142734    -0.0916056   -20.7150536    -9.9475899    -9.9151993    -0.4874748
  1.12716675  6.02531242  0.00000000  0.00000000     0.0001052     0.0001059    -0.0003236    -0.0000050    -9.9086345    -9.8906590   -20.5123959    -0.0615751   -20.5127525    -9.9082766    -9.8906593    -0.3326964
  1.51950002  4.82468700  0.00000000  0.00000000     0.0001058     0.0001094    -0.0003279    -0.0000128    -9.9726321    -9.8850264   -20.7513884    -0.1592877   -20.7537422    -9.9702787    -9.8850260    -0.8464665
  1.51950002  5.42499971  0.00000000  0.00000000     0.0001052     0.0001074    -0.0003254    -0.0000082   -10.0003055    -9.9453573   -20.7010233    -0.1016450   -20.7019882    -9.9993401    -9.9453573    -0.5441813
  1.51950002  6.02531242  0.00000000  0.00000000     0.0001045     0.0001057    -0.0003229    -0.0000054    -9.9858428    -9.9579829   -20.5931896    -0.0666144   -20.5936069    -9.9854240    -9.9579830    -0.3598001
  1.91183329  4.82468700  0.00000000  0.00000000     0.0001037     0.0001084    -0.0003245    -0.0000135    -9.9672200    -9.8503734   -20.5827866    -0.1679000   -20.5854416    -9.9645653    -9.8503733    -0.9059106
  1.91183329  5.42499971  0.00000000  0.00000000     0.0001038     0.0001068    -0.0003232    -0.0000085    -9.9857227    -9.9110438   -20.5665342    -0.1052995   -20.5675812    -9.9846745    -9.9110441    -0.5701283
  1.91183329  6.02531242  0.00000000  0.00000000     0.0001039     0.0001054    -0.0003219    -0.0000053    -9.9778431    -9.9408676   -20.5197985    -0.0653598   -20.5202045    -9.9774380    -9.9408674    -0.3552137
  2.14016676  4.82468700  0.00000000  0.00000000     0.0001025     0.0001078    -0.0003232    -0.0000104   -10.0824719    -9.9490779   -20.6665196    -0.1289066   -20.6680889   -10.0809021    -9.9490776    -0.6976861
  2.14016676  5.42499971  0.00000000  0.00000000     0.0001028     0.0001064    -0.0003221    -0.0000081   -10.1168716   -10.0267233   -20.7218068    -0.1007404   -20.7227631   -10.1159143   -10.0267229    -0.5442093
  2.14016676  6.02531242  0.00000000  0.00000000     0.0001033     0.0001052    -0.0003211    -0.0000055   -10.0234943    -9.9766568   -20.5614731    -0.0688409   -20.5619221   -10.0230446    -9.9766569    -0.3742717
  2.53250003  4.82468700  0.00000000  0.00000000     0.0001030     0.0001070    -0.0003225    -0.0000059    -9.9104136    -9.8119003   -20.3789540    -0.0728172   -20.3794613    -9.9099073    -9.8119001    -0.3985130
  2.53250003  5.42499971  0.00000000  0.00000000     0.0001029     0.0001059    -0.0003213    -0.0000046    -9.9648392    -9.8919283   -20.4394108    -0.0565594   -20.4397163    -9.9645338    -9.8919287    -0.3093674
  2.53250003  6.02531242  0.00000000  0.00000000     0.0001029     0.0001049    -0.0003202    -0.0000030    -9.9096430    -9.8623109   -20.3203346    -0.0370195   -20.3204670    -9.9095116    -9.8623104    -0.2037355
  2.92483330  4.82468700  0.00000000  0.00000000     0.0001036     0.0001065    -0.0003225    -0.0000018    -9.9153267    -9.8430039   -20.4247077    -0.0219009   -20.4247532    -9.9152813    -9.8430042    -0.1194004
  2.92483330  5.42499971  0.00000000  0.00000000     0.0001030     0.0001055    -0.0003212    -0.0000014   -10.0381594    -9.9771578   -20.5743441    -0.0173052   -20.5743732   -10.0381308    -9.9771576    -0.0941051
  2.92483330  6.02531242  0.00000000  0.00000000     0.0001026     0.0001046    -0.0003199    -0.0000008   -10.0389853    -9.9894043   -20.5186057    -0.0096340   -20.5186138   -10.0389767    -9.9894047    -0.0526725
  0.11416677  6.37468719  0.00000000  0.00000000     0.0001055     0.0001055    -0.0003234    -0.0000002    -9.8957775    -9.8946637   -20.4914032    -0.0024967   -20.4914036    -9.8957767    -9.8946638    -0.0135007
  0.11416677  6.97499990  0.00000000  0.00000000     0.0001043     0.0001043    -0.0003211     0.0000000    -9.9521921    -9.9514796   -20.4746938     0.0006055   -20.4746933    -9.9521923    -9.9514799     0.0032971
  0.11416677  7.57531261  0.00000000  0.00000000     0.0001032     0.0001032    -0.0003188     0.0000000    -9.9171195    -9.9168111   -20.3063143     0.0006070   -20.3063145    -9.9171190    -9.9168110     0.0033474
  0.50650001  6.37468719  0.00000000  0.00000000     0.0001051     0.0001053    -0.0003231    -0.0000016    -9.9474941    -9.9425389   -20.5571076    -0.0203519   -20.5571461    -9.9474554    -9.9425392    -0.1099072
  0.50650001  6.97499990  0.00000000  0.00000000     0.0001041     0.0001042    -0.0003209    -0.0000010   -10.0042369   -10.0010659   -20.5508783    -0.0129501   -20.5508938   -10.0042210   -10.0010662    -0.0703528
  0.50650001  7.57531261  0.00000000  0.00000000     0.0001031     0.0001031    -0.0003188    -0.0000007    -9.9691885    -9.9678157   -20.3925547    -0.0085881   -20.3925610    -9.9691811    -9.9678154    -0.0472074
  0.89883322  6.37468719  0.00000000  0.00000000     0.0001048     0.0001052    -0.0003226    -0.0000030    -9.9417853    -9.9330012   -20.5203657    -0.0372550   -20.5204964    -9.9416542    -9.9330015    -0.2017773
  0.89883322  6.97499990  0.00000000  0.00000000     0.0001039     0.0001041    -0.0003206    -0.0000021    -9.9964538    -9.9908318   -20.5201935    -0.0255764   -20.5202560    -9.9963913    -9.9908314    -0.1392479
  0.89883322  7.57531261  0.00000000  0.00000000     0.0001030     0.0001031    -0.0003187    -0.0000014    -9.9592733    -9.9568392   -20.3678097    -0.0168679   -20.3678379    -9.9592457    -9.9568396    -0.0928524
  1.12716675  6.37468719  0.00000000  0.00000000     0.0001046     0.0001051    -0.0003222    -0.0000032    -9.9592785    -9.9459205   -20.5306972    -0.0397035   -20.5308456    -9.9591293    -9.9459209    -0.2151842
  1.12716675  6.97499990  0.00000000  0.00000000     0.0001037     0.0001040    -0.0003204    -0.0000021    -9.9980415    -9.9893936   -20.5090254    -0.0265516   -20.5090923    -9.9979744    -9.9893932    -0.1447327
  1.12716675  7.57531261  0.00000000  0.00000000     0.0001028     0.0001031    -0.0003185    -0.0000014    -9.9641891    -9.9587118   -20.3620964    -0.0167874   -20.3621235    -9.9641619    -9.9587116    -0.0925038
  1.51950002  6.37468719  0.00000000  0.00000000     0.0001041     0.0001049    -0.0003216    -0.0000034    -9.9561604    -9.9372336   -20.4889805    -0.0419341   -20.4891472    -9.9559937    -9.9372339    -0.2281056
  1.51950002  6.97499990  0.00000000  0.00000000     0.0001034     0.0001039    -0.0003199    -0.0000023    -9.9980860    -9.9854684   -20.4866997    -0.0289288   -20.4867802    -9.9980059    -9.9854689    -0.1580267
  1.51950002  7.57531261  0.00000000  0.00000000     0.0001027     0.0001030    -0.0003182    -0.0000016    -9.9759688    -9.9685445   -20.3747140    -0.0192920   -20.3747501    -9.9759331    -9.9685450    -0.1062961
  1.91183329  6.37468719  0.00000000  0.00000000     0.0001037     0.0001047    -0.0003210    -0.0000035    -9.9610054    -9.9366779   -20.4601995    -0.0431142   -20.4603767    -9.9608288    -9.9366779    -0.2352758
  1.91183329  6.97499990  0.00000000  0.00000000     0.0001031     0.0001038    -0.0003195    -0.0000024   -10.0060012    -9.9895794   -20.4770053    -0.0302510   -20.4770927   -10.0059137    -9.9895792    -0.1655272
  1.91183329  7.57531261  0.00000000  0.00000000     0.0001025     0.0001029    -0.0003180    -0.0000017    -9.9944650    -9.9850923   -20.3983049    -0.0207460   -20.3983459    -9.9944239    -9.9850922    -0.1142511
  2.14016676  6.37468719  0.00000000  0.00000000     0.0001034     0.0001046    -0.0003206    -0.0000038   -10.0157088    -9.9853607   -20.5360318    -0.0473015   -20.5362453   -10.0154963    -9.9853611    -0.2576067
  2.14016676  6.97499990  0.00000000  0.00000000     0.0001029     0.0001037    -0.0003192    -0.0000025   -10.0125307    -9.9933249   -20.4737819    -0.0306896   -20.4738712   -10.0124407    -9.9933252    -0.1680838
  2.14016676  7.57531261  0.00000000  0.00000000     0.0001023     0.0001029    -0.0003179    -0.0000016   -10.0156555   -10.0028441   -20.4155855    -0.0201477   -20.4156246   -10.0156164   -10.0028439    -0.1109981
  2.53250003  6.37468719  0.00000000  0.00000000     0.0001029     0.0001044    -0.0003199    -0.0000021    -9.9744198    -9.9393830   -20.4222354    -0.0257316   -20.4222984    -9.9743567    -9.9393826    -0.1411109
  2.53250003  6.97499990  0.00000000  0.00000000     0.0001027     0.0001035    -0.0003188    -0.0000012    -9.9734048    -9.9536636   -20.3893719    -0.0147154   -20.3893929    -9.9733839    -9.9536638    -0.0809456
  2.53250003  7.57531261  0.00000000  0.00000000     0.0001024     0.0001028    -0.0003178    -0.0000008    -9.9699916    -9.9615721   -20.3392637    -0.0097043   -20.3392735    -9.9699821    -9.9615717    -0.0536216
  2.92483330  6.37468719  0.00000000  0.00000000     0.0001025     0.0001041    -0.0003194    -0.0000002   -10.0390523    -9.9989620   -20.5033384    -0.0022661   -20.5033398   -10.0390520    -9.9989624    -0.0124076
  2.92483330  6.97499990  0.00000000  0.00000000     0.0001026     0.0001034    -0.0003187     0.0000003   -10.0210192   -10.0002617   -20.4616818     0.0032800   -20.4616833   -10.0210180   -10.0002613     0.0179998
  2.92483330  7.57531261  0.00000000  0.00000000     0.0001026     0.0001027    -0.0003179     0.0000002   -10.0253348   -10.0204228   -20.4507303     0.0027924   -20.4507313   -10.0253344   -10.0204229     0.0153465
  0.11416677  7.92468739  0.00000000  0.00000000     0.0001027     0.0001027    -0.0003180     0.0000001    -9.9544848    -9.9542853   -20.3229999     0.0007505   -20.3230000    -9.9544849    -9.9542856     0.0041471
  0.11416677  8.52499962  0.00000000  0.00000000     0.0001021     0.0001021    -0.0003169     0.0000000    -9.9963348    -9.9961090   -20.3369360     0.0005244   -20.3369370    -9.9963350    -9.9961090     0.0029059
  0.11416677  9.12531281  0.00000000  0.00000000     0.0001015     0.0001016    -0.0003158     0.0000000    -9.9513267    -9.9510764   -20.1887618     0.0004919   -20.1887627    -9.9513264    -9.9510765     0.0027528
  0.50650001  7.92468739  0.00000000  0.00000000     0.0001026     0.0001027    -0.0003180    -0.0000003    -9.9755460    -9.9746596   -20.3562441    -0.0042609   -20.3562450    -9.9755440    -9.9746599    -0.0235181
  0.50650001  8.52499962  0.00000000  0.00000000     0.0001020     0.0001021    -0.0003169    -0.0000002   -10.0077347   -10.0067324   -20.3497549    -0.0020600   -20.3497543   -10.0077343   -10.0067320    -0.0114125
  0.50650001  9.12531281  0.00000000  0.00000000     0.0001015     0.0001015    -0.0003158     0.0000000    -9.9871228    -9.9860091   -20.2504219     0.0003386   -20.2504215    -9.9871225    -9.9860096     0.0018901
  0.89883322  7.92468739  0.00000000  0.00000000     0.0001026     0.0001027    -0.0003178    -0.0000008    -9.9632632    -9.9616915   -20.3311332    -0.0093246   -20.3311424    -9.9632549    -9.9616919    -0.0515306
  0.89883322  8.52499962  0.00000000  0.00000000     0.0001020     0.0001020    -0.0003167    -0.0000004   -10.0063245   -10.0045454   -20.3461443    -0.0047045   -20.3461456   -10.0063219   -10.0045452    -0.0260688
  0.89883322  9.12531281  0.00000000  0.00000000     0.0001014     0.0001015    -0.0003156     0.0000000    -9.9760981    -9.9741231   -20.2266357     0.0001255   -20.2266350    -9.9760981    -9.9741230     0.0007015
  1.12716675  7.92468739  0.00000000  0.00000000     0.0001025     0.0001026    -0.0003177    -0.0000007    -9.9800510    -9.9759015   -20.3513126    -0.0081627   -20.3513184    -9.9800444    -9.9759016    -0.0450947
  1.12716675  8.52499962  0.00000000  0.00000000     0.0001019     0.0001020    -0.0003166    -0.0000003   -10.0207109   -10.0181294   -20.3743538    -0.0039107   -20.3743553   -10.0207090   -10.0181293    -0.0216414
  1.12716675  9.12531281  0.00000000  0.00000000     0.0001014     0.0001015    -0.0003155    -0.0000000    -9.9795595    -9.9772144   -20.2348401    -0.0002459   -20.2348404    -9.9795599    -9.9772148    -0.0013737
  1.51950002  7.92468739  0.00000000  0.00000000     0.0001023     0.0001026    -0.0003175    -0.0000007    -9.9701706    -9.9646212   -20.3227727    -0.0090966   -20.3227806    -9.9701624    -9.9646215    -0.0503444
  1.51950002  8.52499962  0.00000000  0.00000000     0.0001018     0.0001020    -0.0003165    -0.0000004   -10.0100457   -10.0058390   -20.3448318    -0.0047111   -20.3448334   -10.0100431   -10.0058393    -0.0261180
  1.51950002  9.12531281  0.00000000  0.00000000     0.0001013     0.0001014    -0.0003154    -0.0000001    -9.9812497    -9.9774117   -20.2294090    -0.0009082   -20.2294083    -9.9812498    -9.9774113    -0.0050776
  1.91183329  7.92468739  0.00000000  0.00000000     0.0001022     0.0001025    -0.0003173    -0.0000008    -9.9789123    -9.9719454   -20.3332665    -0.0099789   -20.3332767    -9.9789028    -9.9719458    -0.0552184
  1.91183329  8.52499962  0.00000000  0.00000000     0.0001017     0.0001019    -0.0003163    -0.0000004   -10.0120649   -10.0063568   -20.3415196    -0.0054472   -20.3415222   -10.0120621   -10.0063572    -0.0302147
  1.91183329  9.12531281  0.00000000  0.00000000     0.0001012     0.0001014    -0.0003153    -0.0000001    -9.9716585    -9.9664519   -20.2016041    -0.0014994   -20.2016048    -9.9716587    -9.9664516    -0.0083979
  2.14016676  7.92468739  0.00000000  0.00000000     0.0001020     0.0001025    -0.0003172    -0.0000007   -10.0137941   -10.0029617   -20.3786181    -0.0090574   -20.3786259   -10.0137863   -10.0029621    -0.0500685
  2.14016676  8.52499962  0.00000000  0.00000000     0.0001016     0.0001019    -0.0003162    -0.0000003   -10.0315885   -10.0238907   -20.3705844    -0.0041339   -20.3705864   -10.0315866   -10.0238905    -0.0229089
  2.14016676  9.12531281  0.00000000  0.00000000     0.0001012     0.0001014    -0.0003151     0.0000001   -10.0174224   -10.0124230   -20.3001711     0.0011140   -20.3001709   -10.0174227   -10.0124226     0.0062070
  2.53250003  7.92468739  0.00000000  0.00000000     0.0001022     0.0001024    -0.0003171    -0.0000001    -9.9838780    -9.9785740   -20.3440967    -0.0014356   -20.3440971    -9.9838781    -9.9785738    -0.0079391
  2.53250003  8.52499962  0.00000000  0.00000000     0.0001017     0.0001019    -0.0003161    -0.0000002    -9.9924116    -9.9888618   -20.3141979    -0.0022909   -20.3141975    -9.9924107    -9.9888620    -0.0127165
  2.53250003  9.12531281  0.00000000  0.00000000     0.0001013     0.0001013    -0.0003150    -0.0000002    -9.9854473    -9.9832688   -20.2550118    -0.0028252   -20.2550125    -9.9854469    -9.9832687    -0.0157623
  2.92483330  7.92468739  0.00000000  0.00000000     0.0001024     0.0001024    -0.0003174     0.0000005   -10.0001040    -9.9993979   -20.3801183     0.0058664   -20.3801212   -10.0001011    -9.9993982     0.0323812
  2.92483330  8.52499962  0.00000000  0.00000000     0.0001019     0.0001019    -0.0003163    -0.0000001   -10.0087187   -10.0086217   -20.3461207    -0.0007745   -20.3461208   -10.0087185   -10.0086222    -0.0042927
  2.92483330  9.12531281  0.00000000  0.00000000     0.0001013     0.0001013    -0.0003153    -0.0000006   -10.0007602   -10.0009378   -20.2804596    -0.0070829   -20.2804642   -10.0009375   -10.0007553    -0.0394778
  0.11416677  9.47468758  0.00000000  0.00000000     0.0001013     0.0001013    -0.0003155     0.0000001    -9.9477114    -9.9474991   -20.1385334     0.0009812   -20.1385326    -9.9477110    -9.9474993     0.0055168
  0.11416677 10.07500076  0.00000000  0.00000000     0.0001008     0.0001008    -0.0003143     0.0000001   -10.0254663   -10.0254073   -20.2537082     0.0010619   -20.2537079   -10.0254660   -10.0254068     0.0059483
  0.11416677 10.67531300  0.00000000  0.00000000     0.0001001     0.0001001    -0.0003132     0.0000000    -9.9802205    -9.9803156   -20.0723258     0.0002725   -20.0723267    -9.9803152    -9.9802208     0.0015472
  0.50650001  9.47468758  0.00000000  0.00000000     0.0001012     0.0001013    -0.0003154     0.0000002    -9.9721509    -9.9712070   -20.1808577     0.0025515   -20.1808586    -9.9721498    -9.9712067     0.0143202
  0.50650001 10.07500076  0.00000000  0.00000000     0.0001007     0.0001008    -0.0003143     0.0000002   -10.0371781   -10.0369160   -20.2756428     0.0019197   -20.2756424   -10.0371780   -10.0369158     0.0107426
  0.50650001 10.67531300  0.00000000  0.00000000     0.0001001     0.0001001    -0.0003132     0.0000000    -9.9879989    -9.9884211   -20.0916470     0.0004060   -20.0916462    -9.9884214    -9.9879990     0.0023025
  0.89883322  9.47468758  0.00000000  0.00000000     0.0001012     0.0001012    -0.0003153     0.0000004    -9.9728396    -9.9711644   -20.1783638     0.0044662   -20.1783657    -9.9728374    -9.9711647     0.0250739
  0.89883322 10.07500076  0.00000000  0.00000000     0.0001007     0.0001007    -0.0003142     0.0000003   -10.0281112   -10.0276463   -20.2588567     0.0031229   -20.2588577   -10.0281105   -10.0276461     0.0174892
  0.89883322 10.67531300  0.00000000  0.00000000     0.0001001     0.0001001    -0.0003132     0.0000001    -9.9670390    -9.9677872   -20.0563456     0.0008832   -20.0563450    -9.9677868    -9.9670391     0.0050158
  1.12716675  9.47468758  0.00000000  0.00000000     0.0001011     0.0001012    -0.0003152     0.0000004    -9.9713406    -9.9691420   -20.1745311     0.0048378   -20.1745338    -9.9713383    -9.9691420     0.0271667
  1.12716675 10.07500076  0.00000000  0.00000000     0.0001007     0.0001007    -0.0003142     0.0000003   -10.0334975   -10.0322705   -20.2670118     0.0032841   -20.2670135   -10.0334969   -10.0322704     0.0183869
  1.12716675 10.67531300  0.00000000  0.00000000     0.0001001     0.0001001    -0.0003132     0.0000000   -10.0171753   -10.0167213   -20.1509745     0.0001951   -20.1509743   -10.0171757   -10.0167217     0.0011028
  1.51950002  9.47468758  0.00000000  0.00000000     0.0001010     0.0001012    -0.0003150     0.0000005    -9.9779872    -9.9744715   -20.1883112     0.0064189   -20.1883144    -9.9779835    -9.9744711     0.0360199
  1.51950002 10.07500076  0.00000000  0.00000000     0.0001006     0.0001007    -0.0003141     0.0000004   -10.0143946   -10.0121415   -20.2273728     0.0047618   -20.2273750   -10.0143929   -10.0121412     0.0267144
  1.51950002 10.67531300  0.00000000  0.00000000     0.0001000     0.0001001    -0.0003131     0.0000001    -9.9838219    -9.9826929   -20.0812260     0.0015698   -20.0812263    -9.9838219    -9.9826927     0.0089073
  1.91183329  9.47468758  0.00000000  0.00000000     0.0001009     0.0001011    -0.0003147     0.0000007   -10.0055039   -10.0007497   -20.2504731     0.0082319   -20.2504807   -10.0054970   -10.0007496     0.0460377
  1.91183329 10.07500076  0.00000000  0.00000000     0.0001006     0.0001007    -0.0003139     0.0000005   -10.0253021   -10.0221191   -20.2544260     0.0064634   -20.2544308   -10.0252981   -10.0221195     0.0362033
  1.91183329 10.67531300  0.00000000  0.00000000     0.0001000     0.0001001    -0.0003130     0.0000003    -9.9579120    -9.9562003   -20.0324688     0.0031421   -20.0324688    -9.9579115    -9.9562006     0.0178696
  2.14016676  9.47468758  0.00000000  0.00000000     0.0001009     0.0001011    -0.0003147     0.0000008   -10.0165024   -10.0110586   -20.2675066     0.0095370   -20.2675152   -10.0164938   -10.0110588     0.0533051
  2.14016676 10.07500076  0.00000000  0.00000000     0.0001004     0.0001007    -0.0003138     0.0000002   -10.0116470   -10.0059853   -20.2128825     0.0022393   -20.2128830   -10.0116463   -10.0059853     0.0125769
  2.14016676 10.67531300  0.00000000  0.00000000     0.0001001     0.0001001    -0.0003129    -0.0000002   -10.0157220   -10.0155704   -20.1681582    -0.0020719   -20.1681595   -10.0157213   -10.0155706    -0.0116930
  2.53250003  9.47468758  0.00000000  0.00000000     0.0001009     0.0001011    -0.0003147     0.0000003    -9.9711766    -9.9676287   -20.1798614     0.0040283   -20.1798630    -9.9711752    -9.9676285     0.0226089
  2.53250003 10.07500076  0.00000000  0.00000000     0.0001004     0.0001006    -0.0003136     0.0000000    -9.9742689    -9.9679954   -20.1360346     0.0001505   -20.1360340    -9.9742689    -9.9679956     0.0008486
  2.53250003 10.67531300  0.00000000  0.00000000     0.0000999     0.0001000    -0.0003126    -0.0000001   -10.0225746   -10.0183911   -20.1791459    -0.0007693   -20.1791458   -10.0225744   -10.0183907    -0.0043397
  2.92483330  9.47468758  0.00000000  0.00000000     0.0001010     0.0001011    -0.0003145    -0.0000002   -10.0166529   -10.0146120   -20.2912121    -0.0023550   -20.2912121   -10.0166521   -10.0146122    -0.0131327
  2.92483330 10.07500076  0.00000000  0.00000000     0.0001003     0.0001006    -0.0003133    -0.0000002   -10.0288805   -10.0218738   -20.2586244    -0.0028510   -20.2586250   -10.0288801   -10.0218735    -0.0159683
  2.92483330 10.67531300  0.00000000  0.00000000     0.0000997     0.0001000    -0.0003121    -0.0000000    -9.9864363    -9.9787227   -20.1146614    -0.0003644   -20.1146622    -9.9864359    -9.9787226    -0.0020617
  0.11416677 11.02468777  0.00000000  0.00000000     0.0000999     0.0000999    -0.0003130     0.0000001    -9.7655645    -9.7656637   -19.5986522     0.0015398   -19.5986519    -9.7656641    -9.7655640     0.0089719
  0.11416677 11.62500000  0.00000000  0.00000000     0.0000995     0.0000995    -0.0003112    -0.0000000   -10.2928426   -10.2928126   -20.7122355    -0.0001755   -20.7122364   -10.2928429   -10.2928123    -0.0009649
  0.11416677 12.22531319  0.00000000  0.00000000     0.0000984     0.0000984    -0.0003095    -0.0000000    -9.7774545    -9.7772983   -19.5311639    -0.0005128   -19.5311642    -9.7774544    -9.7772980    -0.0030124
  0.50650001 11.02468777  0.00000000  0.00000000     0.0000999     0.0000999    -0.0003131     0.0000006    -9.7794962    -9.7799370   -19.6279334     0.0074787   -19.6279392    -9.7799368    -9.7794905     0.0435091
  0.50650001 11.62500000  0.00000000  0.00000000     0.0000995     0.0000995    -0.0003112    -0.0000001   -10.2843205   -10.2841874   -20.6949623    -0.0006419   -20.6949615   -10.2843208   -10.2841873    -0.0035327
  0.50650001 12.22531319  0.00000000  0.00000000     0.0000983     0.0000984    -0.0003094    -0.0000006    -9.7761259    -9.7754327   -19.5269352    -0.0073470   -19.5269413    -9.7761202    -9.7754326    -0.0431707
  0.89883322 11.02468777  0.00000000  0.00000000     0.0000999     0.0000999    -0.0003132     0.0000011    -9.7975550    -9.7983383   -19.6626657     0.0131475   -19.6626835    -9.7983379    -9.7975378     0.0763592
  0.89883322 11.62500000  0.00000000  0.00000000     0.0000995     0.0000995    -0.0003112    -0.0000001   -10.2832262   -10.2829901   -20.6896107    -0.0014124   -20.6896114   -10.2832260   -10.2829905    -0.0077764
  0.89883322 12.22531319  0.00000000  0.00000000     0.0000983     0.0000983    -0.0003093    -0.0000012    -9.7769446    -9.7757146   -19.5241826    -0.0144669   -19.5242043    -9.7769232    -9.7757149    -0.0850382
  1.12716675 11.02468777  0.00000000  0.00000000     0.0000999     0.0000999    -0.0003132     0.0000014    -9.8285821    -9.8295636   -19.7257247     0.0163261   -19.7257519    -9.8295631    -9.8285551     0.0945137
  1.12716675 11.62500000  0.00000000  0.00000000     0.0000996     0.0000995    -0.0003113    -0.0000001   -10.2208119   -10.2230788   -20.5802219    -0.0015352   -20.5802231   -10.2230787   -10.2208118    -0.0084911
  1.12716675 12.22531319  0.00000000  0.00000000     0.0000983     0.0000983    -0.0003093    -0.0000017    -9.8385007    -9.8370010   -19.6394913    -0.0203735   -19.6395340    -9.8384581    -9.8370008    -0.1191011
  1.51950002 11.02468777  0.00000000  0.00000000     0.0000999     0.0000999    -0.0003132     0.0000021    -9.8272439    -9.8276043   -19.7207966     0.0247155   -19.7208576    -9.8276043    -9.8271818     0.1431316
  1.51950002 11.62500000  0.00000000  0.00000000     0.0000996     0.0000995    -0.0003113    -0.0000000   -10.2015325   -10.2037491   -20.5429294    -0.0005637   -20.5429287   -10.2037487   -10.2015324    -0.0031230
  1.51950002 12.22531319  0.00000000  0.00000000     0.0000983     0.0000983    -0.0003095    -0.0000022    -9.8423502    -9.8426353   -19.6467538    -0.0269484   -19.6468277    -9.8426352    -9.8422766    -0.1574817
  1.91183329 11.02468777  0.00000000  0.00000000     0.0000999     0.0000999    -0.0003132     0.0000028    -9.8772963    -9.8772038   -19.8185305     0.0336028   -19.8186436    -9.8772039    -9.8771830     0.1936649
  1.91183329 11.62500000  0.00000000  0.00000000     0.0000996     0.0000995    -0.0003114     0.0000001   -10.2018087   -10.2041249   -20.5446778     0.0007517   -20.5446777   -10.2041254   -10.2018089     0.0041640
  1.91183329 12.22531319  0.00000000  0.00000000     0.0000984     0.0000983    -0.0003096    -0.0000028    -9.8476737    -9.8493407   -19.6590617    -0.0332029   -19.6591740    -9.8493404    -9.8475609    -0.1938930
  2.14016676 11.02468777  0.00000000  0.00000000     0.0001000     0.0000999    -0.0003132     0.0000027    -9.8869033    -9.8886837   -19.8556957     0.0329069   -19.8558044    -9.8886833    -9.8867950     0.1891303
  2.14016676 11.62500000  0.00000000  0.00000000     0.0000996     0.0000995    -0.0003114    -0.0000000   -10.0983950   -10.0995443   -20.3333837    -0.0003818   -20.3333836   -10.0995445   -10.0983953    -0.0021372
  2.14016676 12.22531319  0.00000000  0.00000000     0.0000985     0.0000983    -0.0003096    -0.0000029    -9.8917906    -9.8949235   -19.7594182    -0.0345593   -19.7595387    -9.8949232    -9.8916693    -0.2006630
  2.53250003 11.02468777  0.00000000  0.00000000     0.0000998     0.0000999    -0.0003129     0.0000032    -9.9333572    -9.9298667   -19.9360406     0.0389408   -19.9361916    -9.9332056    -9.9298668     0.2230501
  2.53250003 11.62500000  0.00000000  0.00000000     0.0000993     0.0000995    -0.0003112     0.0000002   -10.0918098   -10.0866590   -20.2948983     0.0027733   -20.2948990   -10.0918093   -10.0866594     0.0155734
  2.53250003 12.22531319  0.00000000  0.00000000     0.0000982     0.0000983    -0.0003094    -0.0000028    -9.9766075    -9.9723100   -19.8947172    -0.0345071   -19.8948364    -9.9764872    -9.9723101    -0.1993402
  2.92483330 11.02468777  0.00000000  0.00000000     0.0000995     0.0000999    -0.0003125     0.0000037    -9.9472996    -9.9391965   -19.9618338     0.0446046   -19.9620323    -9.9471006    -9.9391966     0.2551881
  2.92483330 11.62500000  0.00000000  0.00000000     0.0000991     0.0000995    -0.0003108     0.0000004   -10.0410432   -10.0304459   -20.1783620     0.0055495   -20.1783657   -10.0410404   -10.0304461     0.0313654
  2.92483330 12.22531319  0.00000000  0.00000000     0.0000978     0.0000983    -0.0003091    -0.0000028    -9.9444548    -9.9337377   -19.8059577    -0.0344377   -19.8060780    -9.9443350    -9.9337378    -0.2000813
