 TITLE ="GEORGIA TECH TEST PIT GRID (linear elastic)                                     "
 VARIABLES = "R","Z","DISP_R","DISP_Z","EPSR","EPSTH","EPSZ","EPSRZ","SIGMAR","SIGMATH","SIGMAZ","SIGMARZ"
 ZONE T="GEOMETRY & DISP", N=  475, E=  140, F=FEPOINT, ET=QUADRILATERAL
  0.00000000  0.00000000  0.00000000  0.00000000     0.0000000     0.0000000    -0.0001582     0.0000000    -3.3904941    -3.3904941    -5.0857408     0.0000000
  0.69999999  0.00000000  0.00000000  0.00000000     0.0000000     0.0000000    -0.0001582     0.0000017    -3.3906873    -3.3906873    -5.0860306     0.0091818
  1.39999998  0.00000000  0.00000000  0.00000000     0.0000000     0.0000000    -0.0001582     0.0000034    -3.3898112    -3.3898112    -5.0847164     0.0183494
  2.97499990  0.00000000  0.00000000  0.00000000     0.0000000     0.0000000    -0.0001581     0.0000073    -3.3888594    -3.3888594    -5.0832888     0.0388729
  4.55000019  0.00000000  0.00000000  0.00000000     0.0000000     0.0000000    -0.0001579     0.0000110    -3.3826076    -3.3826076    -5.0739111     0.0591047
  7.05000019  0.00000000  0.00000000  0.00000000     0.0000000     0.0000000    -0.0001575     0.0000169    -3.3748617    -3.3748617    -5.0622923     0.0903098
  9.55000019  0.00000000  0.00000000  0.00000000     0.0000000     0.0000000    -0.0001566     0.0000224    -3.3552002    -3.3552002    -5.0328000     0.1198946
 13.55000019  0.00000000  0.00000000  0.00000000     0.0000000     0.0000000    -0.0001554     0.0000303    -3.3299401    -3.3299401    -4.9949099     0.1623616
 17.54999924  0.00000000  0.00000000  0.00000000     0.0000000     0.0000000    -0.0001533     0.0000370    -3.2840860    -3.2840860    -4.9261288     0.1981160
 25.04999924  0.00000000  0.00000000  0.00000000     0.0000000     0.0000000    -0.0001487     0.0000448    -3.1854827    -3.1854827    -4.7782238     0.2399162
 32.54999924  0.00000000  0.00000000  0.00000000     0.0000000     0.0000000    -0.0001442     0.0000478    -3.0905948    -3.0905948    -4.6358920     0.2559534
 42.54999924  0.00000000  0.00000000  0.00000000     0.0000000     0.0000000    -0.0001365     0.0000426    -2.9240081    -2.9240081    -4.3860118     0.2284600
 52.54999924  0.00000000  0.00000000  0.00000000     0.0000000     0.0000000    -0.0001327     0.0000332    -2.8433391    -2.8433391    -4.2650084     0.1778177
 65.05000305  0.00000000  0.00000000  0.00000000     0.0000000     0.0000000    -0.0001277     0.0000166    -2.7369707    -2.7369707    -4.1054558     0.0888140
 77.55000305  0.00000000  0.00000000  0.00000000     0.0000000     0.0000000    -0.0001272     0.0000000    -2.7263990    -2.7263990    -4.0895983     0.0000000
  0.00000000 10.00000000  0.00000000 -0.00166990     0.0000223     0.0000223    -0.0001758    -0.0000002    -2.5734590    -2.5734590    -4.6951180    -0.0008722
  1.39999998 10.00000000  0.00003112 -0.00166913     0.0000222     0.0000222    -0.0001756     0.0000038    -2.5730950    -2.5730176    -4.6929637     0.0205086
  4.55000019 10.00000000  0.00010012 -0.00166167     0.0000216     0.0000220    -0.0001745     0.0000126    -2.5728906    -2.5686151    -4.6737925     0.0673104
  9.55000019 10.00000000  0.00020232 -0.00163450     0.0000192     0.0000212    -0.0001703     0.0000253    -2.5775156    -2.5566302    -4.6085171     0.1354665
 17.54999924 10.00000000  0.00033119 -0.00156130     0.0000126     0.0000189    -0.0001590     0.0000410    -2.5981054    -2.5308130    -4.4366053     0.2195603
 32.54999924 10.00000000  0.00041809 -0.00138623    -0.0000015     0.0000128    -0.0001330     0.0000480    -2.6223413    -2.4689931    -4.0318099     0.2573363
 52.54999924 10.00000000  0.00028533 -0.00120737    -0.0000112     0.0000054    -0.0001088     0.0000296    -2.5747478    -2.3965697    -3.6202883     0.1583415
 77.55000305 10.00000000  0.00000000 -0.00113592    -0.0000114     0.0000000    -0.0001000    -0.0000007    -2.5077597    -2.3857797    -3.4566893    -0.0038489
  0.00000000 20.00000000  0.00000000 -0.00351513     0.0000401     0.0000401    -0.0002981     0.0000003    -2.2954771    -2.2954771    -4.4945807     0.0011970
  0.69999999 20.00000000  0.00002801 -0.00351441     0.0000400     0.0000400    -0.0002980     0.0000052    -2.2966940    -2.2964110    -4.4947081     0.0156113
  1.39999998 20.00000000  0.00005597 -0.00351269     0.0000400     0.0000400    -0.0002978     0.0000105    -2.2948062    -2.2946396    -4.4911769     0.0319201
  2.97499990 20.00000000  0.00011843 -0.00350361     0.0000393     0.0000398    -0.0002969     0.0000218    -2.2983912    -2.2946883    -4.4833412     0.0657791
  4.55000019 20.00000000  0.00017981 -0.00348959     0.0000387     0.0000395    -0.0002951     0.0000332    -2.2938447    -2.2877666    -4.4629564     0.1004075
  7.05000019 20.00000000  0.00027377 -0.00345359     0.0000364     0.0000388    -0.0002912     0.0000496    -2.3026844    -2.2842389    -4.4272749     0.1498574
  9.55000019 20.00000000  0.00036168 -0.00340648     0.0000341     0.0000379    -0.0002854     0.0000654    -2.2951440    -2.2666692    -4.3656772     0.1980558
 13.55000019 20.00000000  0.00048594 -0.00330287     0.0000279     0.0000359    -0.0002744     0.0000849    -2.3096584    -2.2501816    -4.2571938     0.2568210
 17.54999924 20.00000000  0.00058514 -0.00318005     0.0000216     0.0000333    -0.0002611     0.0001007    -2.3098962    -2.2220937    -4.1205488     0.3052548
 25.04999924 20.00000000  0.00069906 -0.00291848     0.0000088     0.0000279    -0.0002309     0.0001081    -2.2835478    -2.1400754    -3.7991872     0.3276986
 32.54999924 20.00000000  0.00071679 -0.00266037    -0.0000037     0.0000220    -0.0002049     0.0001045    -2.2922393    -2.0994352    -3.5344085     0.3156234
 42.54999924 20.00000000  0.00064034 -0.00237793    -0.0000120     0.0000150    -0.0001744     0.0000811    -2.1896248    -1.9870064    -3.1729300     0.2470235
 52.54999924 20.00000000  0.00047746 -0.00217568    -0.0000199     0.0000091    -0.0001547     0.0000545    -2.1826446    -1.9653857    -2.9693227     0.1645792
 65.05000305 20.00000000  0.00023838 -0.00204265    -0.0000191     0.0000037    -0.0001420     0.0000256    -2.0839471    -1.9132251    -2.7953089     0.0777865
 77.55000305 20.00000000  0.00000000 -0.00199903    -0.0000190     0.0000000    -0.0001375    -0.0000001    -2.0743525    -1.9315393    -2.7544956    -0.0003256
  0.00000000 25.00000000  0.00000000 -0.00563360     0.0000776     0.0000776    -0.0004445    -0.0000001    -2.1478902    -2.1478902    -4.3855841    -0.0002948
  1.39999998 25.00000000  0.00010835 -0.00562859     0.0000774     0.0000774    -0.0004439     0.0000165    -2.1470888    -2.1469316    -4.3811462     0.0353146
  4.55000019 25.00000000  0.00034707 -0.00558203     0.0000742     0.0000763    -0.0004380     0.0000528    -2.1461048    -2.1372157    -4.3411311     0.1130691
  9.55000019 25.00000000  0.00068983 -0.00541641     0.0000626     0.0000722    -0.0004172     0.0001030    -2.1512830    -2.1101411    -4.2075774     0.2207074
 17.54999924 25.00000000  0.00108224 -0.00498831     0.0000335     0.0000617    -0.0003659     0.0001528    -2.1767572    -2.0561866    -3.8887040     0.3275150
 32.54999924 25.00000000  0.00122888 -0.00404786    -0.0000132     0.0000378    -0.0002669     0.0001437    -2.1335868    -1.9154046    -3.2212289     0.3080052
 52.54999924 25.00000000  0.00074835 -0.00322186    -0.0000327     0.0000142    -0.0001940     0.0000683    -1.9613493    -1.7600283    -2.6523336     0.1463453
 77.55000305 25.00000000  0.00000000 -0.00293536    -0.0000281     0.0000000    -0.0001722    -0.0000005    -1.8365718    -1.7162732    -2.4541111    -0.0010106
  0.00000000 30.00000000  0.00000000 -0.00796059     0.0001080     0.0001080    -0.0004843     0.0000002    -1.8375242    -1.8375242    -4.3760379     0.0004093
  0.69999999 30.00000000  0.00007548 -0.00795835     0.0001077     0.0001078    -0.0004841     0.0000101    -1.8406522    -1.8400017    -4.3768268     0.0216669
  1.39999998 30.00000000  0.00015075 -0.00795192     0.0001076     0.0001077    -0.0004834     0.0000205    -1.8367243    -1.8364331    -4.3695566     0.0440182
  2.97499990 30.00000000  0.00031844 -0.00792082     0.0001051     0.0001070    -0.0004803     0.0000428    -1.8479624    -1.8396060    -4.3566270     0.0916307
  4.55000019 30.00000000  0.00048178 -0.00786926     0.0001026     0.0001059    -0.0004749     0.0000649    -1.8436753    -1.8296691    -4.3187849     0.1390814
  7.05000019 30.00000000  0.00072757 -0.00774523     0.0000937     0.0001032    -0.0004624     0.0000951    -1.8737119    -1.8331030    -4.2570681     0.2038886
  9.55000019 30.00000000  0.00095041 -0.00757816     0.0000842     0.0000995    -0.0004456     0.0001241    -1.8836578    -1.8181852    -4.1545970     0.2658529
 13.55000019 30.00000000  0.00124484 -0.00723599     0.0000633     0.0000919    -0.0004118     0.0001516    -1.9287802    -1.8062291    -3.9648420     0.3248435
 17.54999924 30.00000000  0.00145661 -0.00683926     0.0000407     0.0000830    -0.0003750     0.0001745    -1.9796256    -1.7983206    -3.7611406     0.3739250
 25.04999924 30.00000000  0.00163274 -0.00604158     0.0000082     0.0000652    -0.0003045     0.0001664    -1.9456319    -1.7014027    -3.2855630     0.3565427
 32.54999924 30.00000000  0.00157949 -0.00532976    -0.0000223     0.0000485    -0.0002469     0.0001442    -1.9873999    -1.6837525    -2.9498589     0.3090110
 42.54999924 30.00000000  0.00130367 -0.00459374    -0.0000329     0.0000306    -0.0001953     0.0001007    -1.8340953    -1.5617665    -2.5298975     0.2158271
 52.54999924 30.00000000  0.00092140 -0.00411532    -0.0000420     0.0000175    -0.0001638     0.0000587    -1.7944347    -1.5391249    -2.3163828     0.1257706
 65.05000305 30.00000000  0.00043775 -0.00381355    -0.0000369     0.0000067    -0.0001471     0.0000262    -1.6768549    -1.4900613    -2.1492389     0.0562454
 77.55000305 30.00000000  0.00000000 -0.00372065    -0.0000332     0.0000000    -0.0001421    -0.0000009    -1.6445893    -1.5023743    -2.1113464    -0.0019793
  0.00000000 33.00000000  0.00000000 -0.00945135     0.0001260     0.0001260    -0.0005114     0.0000000    -1.6827579    -1.6827579    -4.4147153    -0.0000321
  1.39999998 33.00000000  0.00017587 -0.00943925     0.0001256     0.0001256    -0.0005102     0.0000258    -1.6815508    -1.6814730    -4.4064036     0.0552817
  4.55000019 33.00000000  0.00056089 -0.00932674     0.0001189     0.0001233    -0.0004988     0.0000815    -1.6897535    -1.6710213    -4.3368838     0.1746656
  9.55000019 33.00000000  0.00109686 -0.00893393     0.0000949     0.0001149    -0.0004601     0.0001531    -1.7396608    -1.6539408    -4.1180150     0.3280700
 17.54999924 33.00000000  0.00165115 -0.00796188     0.0000411     0.0000941    -0.0003729     0.0002029    -1.8611230    -1.6341153    -3.6354078     0.4348109
 32.54999924 33.00000000  0.00173096 -0.00604843    -0.0000280     0.0000532    -0.0002311     0.0001496    -1.8854764    -1.5375314    -2.7560318     0.3206779
 52.54999924 33.00000000  0.00097938 -0.00458287    -0.0000453     0.0000186    -0.0001475     0.0000528    -1.6861977    -1.4123494    -2.1242317     0.1131925
 77.55000305 33.00000000  0.00000000 -0.00412436    -0.0000346     0.0000000    -0.0001269    -0.0000011    -1.5332546    -1.3847641    -1.9286556    -0.0024616
  0.00000000 36.00000000  0.00000000 -0.01102910     0.0001450     0.0001450    -0.0005405     0.0000001    -1.5257467    -1.5257467    -4.4636247     0.0002293
  0.69999999 36.00000000  0.00010131 -0.01102506     0.0001445     0.0001447    -0.0005401     0.0000160    -1.5315448    -1.5303935    -4.4654139     0.0342300
  1.39999998 36.00000000  0.00020225 -0.01101311     0.0001443     0.0001445    -0.0005389     0.0000324    -1.5255539    -1.5248432    -4.4534995     0.0693583
  2.97499990 36.00000000  0.00042633 -0.01095651     0.0001399     0.0001433    -0.0005335     0.0000670    -1.5462836    -1.5316162    -4.4323316     0.1436182
  4.55000019 36.00000000  0.00064288 -0.01086183     0.0001353     0.0001413    -0.0005244     0.0001016    -1.5443611    -1.5185790    -4.3714658     0.2177132
  7.05000019 36.00000000  0.00096262 -0.01063760     0.0001203     0.0001365    -0.0005035     0.0001451    -1.5978838    -1.5284258    -4.2713001     0.3109385
  9.55000019 36.00000000  0.00124455 -0.01033873     0.0001039     0.0001303    -0.0004764     0.0001868    -1.6304046    -1.5172784    -4.1175826     0.4003847
 13.55000019 36.00000000  0.00159491 -0.00974219     0.0000725     0.0001177    -0.0004244     0.0002139    -1.6965214    -1.5029757    -3.8264973     0.4584166
 17.54999924 36.00000000  0.00182491 -0.00907657     0.0000392     0.0001040    -0.0003718     0.0002345    -1.7920139    -1.5143579    -3.5536310     0.5024910
 25.04999924 36.00000000  0.00196164 -0.00780051     0.0000005     0.0000783    -0.0002822     0.0002000    -1.7406761    -1.4073147    -2.9522477     0.4285683
 32.54999924 36.00000000  0.00183278 -0.00671658    -0.0000343     0.0000563    -0.0002151     0.0001552    -1.8017227    -1.4135013    -2.5766295     0.3325555
 42.54999924 36.00000000  0.00145692 -0.00566153    -0.0000415     0.0000342    -0.0001610     0.0000967    -1.6198928    -1.2952752    -2.1318976     0.2071939
 52.54999924 36.00000000  0.00100270 -0.00500013    -0.0000474     0.0000191    -0.0001307     0.0000469    -1.5659521    -1.2809695    -1.9226851     0.1004069
 65.05000305 36.00000000  0.00046771 -0.00460194    -0.0000401     0.0000072    -0.0001156     0.0000201    -1.4446917    -1.2419859    -1.7681232     0.0430562
 77.55000305 36.00000000  0.00000000 -0.00448210    -0.0000347     0.0000000    -0.0001114    -0.0000015    -1.4014731    -1.2526489    -1.7301492    -0.0033142
  0.00000000 38.00000000  0.00000000 -0.01213863     0.0001589     0.0001589    -0.0005689     0.0000000    -1.4711846    -1.4711846    -4.5905547    -0.0000585
  1.39999998 38.00000000  0.00022152 -0.01211876     0.0001581     0.0001582    -0.0005669     0.0000386    -1.4698892    -1.4694689    -4.5772102     0.0826155
  4.55000019 38.00000000  0.00070220 -0.01193442     0.0001469     0.0001543    -0.0005485     0.0001205    -1.4893127    -1.4575407    -4.4694999     0.2582229
  9.55000019 38.00000000  0.00134535 -0.01130401     0.0001088     0.0001409    -0.0004889     0.0002168    -1.5837488    -1.4463887    -4.1453422     0.4646537
 17.54999924 38.00000000  0.00193209 -0.00981768     0.0000353     0.0001101    -0.0003677     0.0002578    -1.7537528    -1.4332409    -3.4807124     0.5523651
 32.54999924 38.00000000  0.00187543 -0.00713506    -0.0000386     0.0000576    -0.0002026     0.0001571    -1.7384762    -1.3262785    -2.4414726     0.3365527
 52.54999924 38.00000000  0.00099917 -0.00525083    -0.0000478     0.0000190    -0.0001201     0.0000422    -1.4809793    -1.1946499    -1.7908509     0.0904071
 77.55000305 38.00000000  0.00000000 -0.00469557    -0.0000341     0.0000000    -0.0001022    -0.0000017    -1.3142539    -1.1682415    -1.6063498    -0.0036409
  0.00000000 40.00000000  0.00000000 -0.01330483     0.0001742     0.0001742    -0.0005979     0.0000001    -1.3913031    -1.3913031    -4.7003377     0.0001638
  0.69999999 40.00000000  0.00012166 -0.01329879     0.0001734     0.0001738    -0.0005972     0.0000228    -1.4002071    -1.3984011    -4.7028576     0.0488210
  1.39999998 40.00000000  0.00024274 -0.01328076     0.0001731     0.0001734    -0.0005954     0.0000460    -1.3910361    -1.3899633    -4.6846132     0.0985984
  2.97499990 40.00000000  0.00051048 -0.01319652     0.0001663     0.0001716    -0.0005868     0.0000945    -1.4216902    -1.3988659    -4.6493048     0.2023975
  4.55000019 40.00000000  0.00076646 -0.01305567     0.0001590     0.0001685    -0.0005728     0.0001428    -1.4220309    -1.3814677    -4.5584438     0.3060458
  7.05000019 40.00000000  0.00113648 -0.01272625     0.0001368     0.0001612    -0.0005410     0.0001985    -1.4961850    -1.3917593    -4.4012595     0.4253540
  9.55000019 40.00000000  0.00145065 -0.01229426     0.0001127     0.0001519    -0.0005018     0.0002513    -1.5503997    -1.3822289    -4.1836801     0.5385322
 13.55000019 40.00000000  0.00181650 -0.01145296     0.0000721     0.0001341    -0.0004306     0.0002723    -1.6150352    -1.3494996    -3.7695983     0.5834255
 17.54999924 40.00000000  0.00202745 -0.01054718     0.0000299     0.0001155    -0.0003631     0.0002836    -1.7377797    -1.3709050    -3.4223504     0.6076706
 25.04999924 40.00000000  0.00209285 -0.00888609    -0.0000090     0.0000835    -0.0002609     0.0002239    -1.6362083    -1.2394738    -2.7156807     0.4798797
 32.54999924 40.00000000  0.00189209 -0.00752696    -0.0000431     0.0000581    -0.0001897     0.0001587    -1.6817416    -1.2480214    -2.3102421     0.3400097
 42.54999924 40.00000000  0.00145578 -0.00625707    -0.0000456     0.0000342    -0.0001370     0.0000912    -1.4677074    -1.1255240    -1.8593019     0.1953855
 52.54999924 40.00000000  0.00097950 -0.00548053    -0.0000476     0.0000186    -0.0001095     0.0000371    -1.3906860    -1.1067647    -1.6558163     0.0795837
 65.05000305 40.00000000  0.00044967 -0.00502607    -0.0000392     0.0000069    -0.0000964     0.0000152    -1.2709828    -1.0734427    -1.5163151     0.0325135
 77.55000305 40.00000000  0.00000000 -0.00489100    -0.0000328     0.0000000    -0.0000931    -0.0000020    -1.2190752    -1.0786414    -1.4775284    -0.0042207
  0.00000000 41.00000000  0.00000000 -0.01391267     0.0001826     0.0001826    -0.0006172     0.0000001    -1.3775359    -1.3775359    -4.8050736     0.0001756
  1.39999998 41.00000000  0.00025424 -0.01388574     0.0001814     0.0001816    -0.0006143     0.0000507    -1.3766591    -1.3757725    -4.7867976     0.1086481
  4.55000019 41.00000000  0.00080110 -0.01363637     0.0001653     0.0001761    -0.0005885     0.0001568    -1.4098639    -1.3637622    -4.6405239     0.3359745
  9.55000019 41.00000000  0.00150467 -0.01279966     0.0001138     0.0001576    -0.0005086     0.0002714    -1.5459952    -1.3585101    -4.2136297     0.5815109
 17.54999924 41.00000000  0.00207145 -0.01090931     0.0000263     0.0001180    -0.0003598     0.0002961    -1.7338280    -1.3408295    -3.3887197     0.6344635
 32.54999924 41.00000000  0.00189101 -0.00771350    -0.0000452     0.0000581    -0.0001829     0.0001582    -1.6509530    -1.2083610    -2.2413814     0.3390988
 52.54999924 41.00000000  0.00096344 -0.00558738    -0.0000472     0.0000183    -0.0001043     0.0000343    -1.3438231    -1.0630551    -1.5888223     0.0735485
 77.55000305 41.00000000  0.00000000 -0.00498187    -0.0000319     0.0000000    -0.0000888    -0.0000021    -1.1714783    -1.0346795    -1.4152205    -0.0044176
  0.00000000 42.00000000  0.00000000 -0.01453918     0.0001915     0.0001915    -0.0006358     0.0000001    -1.3455606    -1.3455606    -4.8911424     0.0002374
  0.69999999 42.00000000  0.00013367 -0.01453169     0.0001904     0.0001910    -0.0006350     0.0000277    -1.3585029    -1.3560963    -4.8961163     0.0593969
  1.39999998 42.00000000  0.00026656 -0.01450937     0.0001901     0.0001904    -0.0006326     0.0000559    -1.3459801    -1.3448628    -4.8721321     0.1197961
  2.97499990 42.00000000  0.00055976 -0.01440567     0.0001813     0.0001882    -0.0006218     0.0001140    -1.3851835    -1.3559245    -4.8269657     0.2442431
  4.55000019 42.00000000  0.00083774 -0.01423269     0.0001718     0.0001841    -0.0006037     0.0001720    -1.3883605    -1.3354188    -4.7119714     0.3684964
  7.05000019 42.00000000  0.00123319 -0.01383125     0.0001445     0.0001749    -0.0005637     0.0002345    -1.4746989    -1.3442589    -4.5097526     0.5025732
  9.55000019 42.00000000  0.00156016 -0.01331153     0.0001145     0.0001634    -0.0005157     0.0002929    -1.5474613    -1.3381298    -4.2483807     0.6276730
 13.55000019 42.00000000  0.00192173 -0.01231524     0.0000688     0.0001418    -0.0004316     0.0003069    -1.5992267    -1.2863942    -3.7441335     0.6576496
 17.54999924 42.00000000  0.00211081 -0.01126680     0.0000223     0.0001203    -0.0003564     0.0003093    -1.7374385    -1.3173734    -3.3601051     0.6628825
 25.04999924 42.00000000  0.00212419 -0.00939416    -0.0000152     0.0000848    -0.0002476     0.0002339    -1.5912134    -1.1624837    -2.5869684     0.5012860
 32.54999924 42.00000000  0.00188223 -0.00789285    -0.0000473     0.0000578    -0.0001760     0.0001579    -1.6213705    -1.1708621    -2.1731706     0.3383757
 42.54999924 42.00000000  0.00142097 -0.00651890    -0.0000470     0.0000334    -0.0001249     0.0000867    -1.3878349    -1.0434952    -1.7218341     0.1858642
 52.54999924 42.00000000  0.00094322 -0.00568922    -0.0000466     0.0000179    -0.0000992     0.0000314    -1.2953009    -1.0187620    -1.5208381     0.0673603
 65.05000305 42.00000000  0.00042896 -0.00521008    -0.0000377     0.0000066    -0.0000875     0.0000125    -1.1785306    -0.9885752    -1.3918217     0.0267571
 77.55000305 42.00000000  0.00000000 -0.00506859    -0.0000309     0.0000000    -0.0000845    -0.0000022    -1.1216821    -0.9892333    -1.3514011    -0.0046871
  0.00000000 43.00000000  0.00000000 -0.01518654     0.0002012     0.0002012    -0.0006590    -0.0000001    -1.3378391    -1.3378391    -5.0243540    -0.0002623
  1.39999998 43.00000000  0.00027985 -0.01515319     0.0001996     0.0001999    -0.0006553     0.0000621    -1.3380564    -1.3366241    -5.0018918     0.1329897
  4.55000019 43.00000000  0.00087662 -0.01484533     0.0001784     0.0001927    -0.0006219     0.0001898    -1.3849816    -1.3240547    -4.8151032     0.4066431
  9.55000019 43.00000000  0.00161621 -0.01383088     0.0001145     0.0001692    -0.0005224     0.0003163    -1.5552540    -1.3206093    -4.2848235     0.6778278
 17.54999924 43.00000000  0.00214611 -0.01162129     0.0000175     0.0001223    -0.0003514     0.0003211    -1.7397838    -1.2904908    -3.3207260     0.6881767
 32.54999924 43.00000000  0.00186629 -0.00806546    -0.0000492     0.0000573    -0.0001689     0.0001563    -1.5886414    -1.1320351    -2.1014871     0.3349285
 52.54999924 43.00000000  0.00091868 -0.00578588    -0.0000457     0.0000175    -0.0000943     0.0000284    -1.2459998    -0.9751019    -1.4539843     0.0607903
 77.55000305 43.00000000  0.00000000 -0.00515100    -0.0000298     0.0000000    -0.0000805    -0.0000023    -1.0722435    -0.9447070    -1.2895239    -0.0048879
  0.00000000 44.00000000  0.00000000 -0.01585721     0.0002116     0.0002116    -0.0006824    -0.0000002    -1.3155786    -1.3155786    -5.1470793    -0.0003330
  0.69999999 44.00000000  0.00014760 -0.01584797     0.0002101     0.0002109    -0.0006812     0.0000340    -1.3297455    -1.3266643    -5.1498421     0.0728950
  1.39999998 44.00000000  0.00029420 -0.01582004     0.0002096     0.0002101    -0.0006779     0.0000689    -1.3143019    -1.3120363    -5.1179314     0.1477042
  2.97499990 44.00000000  0.00061598 -0.01569085     0.0001981     0.0002071    -0.0006634     0.0001392    -1.3649933    -1.3265626    -5.0571884     0.2983260
  4.55000019 44.00000000  0.00091817 -0.01547652     0.0001852     0.0002018    -0.0006402     0.0002092    -1.3760599    -1.3050613    -4.9135149     0.4483729
  7.05000019 44.00000000  0.00133798 -0.01498364     0.0001510     0.0001898    -0.0005886     0.0002787    -1.4767782    -1.3107372    -4.6468365     0.5973058
  9.55000019 44.00000000  0.00167338 -0.01435636     0.0001138     0.0001752    -0.0005297     0.0003417    -1.5753124    -1.3121268    -4.3333433     0.7322668
 13.55000019 44.00000000  0.00201945 -0.01317773     0.0000627     0.0001490    -0.0004305     0.0003447    -1.6069413    -1.2368523    -3.7207386     0.7386868
 17.54999924 44.00000000  0.00217484 -0.01196967     0.0000121     0.0001239    -0.0003466     0.0003340    -1.7530889    -1.2738090    -3.2902675     0.7157552
 25.04999924 44.00000000  0.00212592 -0.00987465    -0.0000222     0.0000849    -0.0002330     0.0002419    -1.5550818    -1.0961661    -2.4583374     0.5182759
 32.54999924 44.00000000  0.00184163 -0.00823059    -0.0000511     0.0000566    -0.0001616     0.0001548    -1.5568682    -1.0954837    -2.0305206     0.3316761
 42.54999924 44.00000000  0.00136089 -0.00675653    -0.0000476     0.0000320    -0.0001128     0.0000810    -1.3043416    -0.9633226    -1.5837163     0.1735402
 52.54999924 44.00000000  0.00088988 -0.00587774    -0.0000447     0.0000169    -0.0000893     0.0000253    -1.1947447    -0.9306774    -1.3859586     0.0541211
 65.05000305 44.00000000  0.00040023 -0.00537650    -0.0000356     0.0000062    -0.0000789     0.0000095    -1.0813222    -0.9024025    -1.2669745     0.0204124
 77.55000305 44.00000000  0.00000000 -0.00522950    -0.0000284     0.0000000    -0.0000764    -0.0000024    -1.0207786    -0.8988841    -1.2264317    -0.0051648
  0.00000000 45.00000000  0.00000000 -0.01655400     0.0002228     0.0002228    -0.0007110     0.0000001    -1.3198431    -1.3198431    -5.3220331     0.0001145
  1.39999998 45.00000000  0.00030962 -0.01651204     0.0002208     0.0002212    -0.0007066     0.0000770    -1.3223174    -1.3206018    -5.2965256     0.1650409
  4.55000019 45.00000000  0.00096224 -0.01612742     0.0001921     0.0002115    -0.0006619     0.0002326    -1.3911440    -1.3080205    -5.0511278     0.4984549
  9.55000019 45.00000000  0.00173035 -0.01488980     0.0001119     0.0001812    -0.0005360     0.0003687    -1.6028570    -1.3057006    -4.3792294     0.7900779
 17.54999924 45.00000000  0.00219763 -0.01231359     0.0000059     0.0001252    -0.0003400     0.0003443    -1.7644243    -1.2532466    -3.2470077     0.7376945
 32.54999924 45.00000000  0.00180897 -0.00838856    -0.0000526     0.0000556    -0.0001541     0.0001518    -1.5215110    -1.0577918    -1.9565941     0.3253288
 52.54999924 45.00000000  0.00085677 -0.00596459    -0.0000434     0.0000163    -0.0000846     0.0000220    -1.1424633    -0.8867891    -1.3190682     0.0471108
 77.55000305 45.00000000  0.00000000 -0.00530398    -0.0000270     0.0000000    -0.0000726    -0.0000025    -0.9695111    -0.8538703    -1.1651646    -0.0053900
  0.00000000 46.00000000  0.00000000 -0.01727926     0.0002350     0.0002350    -0.0009575    -0.0000002    -1.9107336    -1.9107336    -5.5103036    -0.0003238
  0.69999999 46.00000000  0.00016387 -0.01726781     0.0002332     0.0002341    -0.0009550     0.0000631    -1.9225706    -1.9195394    -5.5098719     0.0899210
  1.39999998 46.00000000  0.00032642 -0.01723316     0.0002328     0.0002332    -0.0009489     0.0001282    -1.8999007    -1.8986351    -5.4696720     0.1834445
  2.97499990 46.00000000  0.00068179 -0.01706895     0.0002170     0.0002292    -0.0009262     0.0002587    -1.9349638    -1.8958976    -5.3829910     0.3697775
  4.55000019 46.00000000  0.00101003 -0.01680034     0.0001989     0.0002220    -0.0008871     0.0003830    -1.9221553    -1.8481055    -5.1954354     0.5491933
  7.05000019 46.00000000  0.00145200 -0.01618820     0.0001555     0.0002060    -0.0008047     0.0005004    -1.9450542    -1.7827714    -4.8288942     0.7146778
  9.55000019 46.00000000  0.00178738 -0.01542829     0.0001089     0.0001872    -0.0007177     0.0005915    -1.9814543    -1.7300115    -4.4491230     0.8473085
 13.55000019 46.00000000  0.00210335 -0.01403457     0.0000530     0.0001552    -0.0005690     0.0005772    -1.8452753    -1.5165298    -3.6923720     0.8244384
 17.54999924 46.00000000  0.00221100 -0.01264965    -0.0000008     0.0001260    -0.0004599     0.0005300    -1.8806852    -1.4731567    -3.2195113     0.7576104
 25.04999924 46.00000000  0.00209056 -0.01032413    -0.0000296     0.0000835    -0.0003064     0.0003693    -1.5274521    -1.1639409    -2.3212751     0.5278534
 32.54999924 46.00000000  0.00176644 -0.00853888    -0.0000541     0.0000543    -0.0002200     0.0002228    -1.4290742    -1.0809055    -1.8837115     0.3180399
 42.54999924 46.00000000  0.00127313 -0.00697004    -0.0000474     0.0000299    -0.0001568     0.0001097    -1.1521614    -0.9037732    -1.4438815     0.1570190
 52.54999924 46.00000000  0.00081933 -0.00604686    -0.0000418     0.0000156    -0.0001284     0.0000288    -1.0243043    -0.8398307    -1.2506769     0.0408515
 65.05000305 46.00000000  0.00036327 -0.00552619    -0.0000328     0.0000056    -0.0001153     0.0000091    -0.9256445    -0.8023512    -1.1430597     0.0131062
 77.55000305 46.00000000  0.00000000 -0.00537477    -0.0000254     0.0000000    -0.0001116    -0.0000027    -0.8706097    -0.7891257    -1.1022044    -0.0042695
  0.00000000 47.00000000  0.00000000 -0.01851357     0.0003053     0.0003053    -0.0012931     0.0000017    -2.2711867    -2.2711867    -5.6963712     0.0018643
  1.39999998 47.00000000  0.00042244 -0.01845497     0.0003005     0.0003017    -0.0012815     0.0001730    -2.2670294    -2.2643976    -5.6570329     0.1853894
  4.55000019 47.00000000  0.00129163 -0.01793718     0.0002459     0.0002839    -0.0011833     0.0005183    -2.2739387    -2.1926060    -5.3366308     0.5553171
  9.55000019 47.00000000  0.00220092 -0.01633896     0.0001130     0.0002305    -0.0009270     0.0007768    -2.2586710    -2.0070107    -4.4873262     0.8322652
 17.54999924 47.00000000  0.00254159 -0.01323117    -0.0000211     0.0001448    -0.0005753     0.0006757    -1.9806423    -1.6251074    -3.1682752     0.7239277
 32.54999924 47.00000000  0.00185315 -0.00882350    -0.0000652     0.0000569    -0.0002757     0.0002762    -1.3569020    -1.0951971    -1.8080845     0.2958904
 52.54999924 47.00000000  0.00079552 -0.00621829    -0.0000425     0.0000151    -0.0001661     0.0000313    -0.9203792    -0.7968567    -1.1853007     0.0335851
 77.55000305 47.00000000  0.00000000 -0.00552513    -0.0000236     0.0000000    -0.0001464    -0.0000027    -0.7789700    -0.7284997    -1.0422793    -0.0029207
  0.00000000 48.00000000  0.00000000 -0.01986554     0.0003674     0.0003674    -0.0014092     0.0000025    -2.1027204    -2.1027204    -5.9098511     0.0026554
  0.69999999 48.00000000  0.00025539 -0.01984732     0.0003622     0.0003648    -0.0014065     0.0000905    -2.1355621    -2.1300049    -5.9257705     0.0969466
  1.39999998 48.00000000  0.00050715 -0.01979613     0.0003610     0.0003622    -0.0013949     0.0001812    -2.1049110    -2.1022591    -5.8676070     0.1941408
  2.97499990 48.00000000  0.00105318 -0.01955699     0.0003284     0.0003540    -0.0013504     0.0003645    -2.1591082    -2.1042568    -5.7566126     0.3905747
  4.55000019 48.00000000  0.00154165 -0.01916702     0.0002869     0.0003388    -0.0012754     0.0005397    -2.1692680    -2.0580940    -5.5171494     0.5782453
  7.05000019 48.00000000  0.00214766 -0.01830097     0.0002028     0.0003046    -0.0011181     0.0006806    -2.1828612    -1.9646158    -5.0134198     0.7292387
  9.55000019 48.00000000  0.00255557 -0.01728233     0.0001144     0.0002676    -0.0009645     0.0007812    -2.2516296    -1.9232868    -4.5635812     0.8370524
 13.55000019 48.00000000  0.00283038 -0.01547702     0.0000322     0.0002089    -0.0007287     0.0007384    -2.0209011    -1.6423033    -3.6514862     0.7911765
 17.54999924 48.00000000  0.00281321 -0.01380030    -0.0000404     0.0001603    -0.0005670     0.0006513    -2.0027849    -1.5726454    -3.1310559     0.6978120
 25.04999924 48.00000000  0.00243702 -0.01108567    -0.0000602     0.0000973    -0.0003643     0.0004418    -1.5317746    -1.1942262    -2.1834368     0.4733505
 32.54999924 48.00000000  0.00190966 -0.00909038    -0.0000749     0.0000587    -0.0002592     0.0002551    -1.3408212    -1.0546945    -1.7359299     0.2732956
 42.54999924 48.00000000  0.00127627 -0.00736782    -0.0000574     0.0000300    -0.0001846     0.0001178    -1.0312592    -0.8440812    -1.3039036     0.1261941
 52.54999924 48.00000000  0.00076256 -0.00637913    -0.0000425     0.0000145    -0.0001554     0.0000227    -0.8769887    -0.7548188    -1.1188923     0.0243575
 65.05000305 48.00000000  0.00032432 -0.00582735    -0.0000305     0.0000050    -0.0001416     0.0000048    -0.7814723    -0.7054261    -1.0194859     0.0051141
 77.55000305 48.00000000  0.00000000 -0.00566763    -0.0000214     0.0000000    -0.0001382    -0.0000029    -0.7296609    -0.6838275    -0.9799080    -0.0031119
  0.00000000 49.00000000  0.00000000 -0.02133143     0.0004263     0.0004263    -0.0015241    -0.0000022    -1.9644291    -1.9644291    -6.1439083    -0.0023133
  1.39999998 49.00000000  0.00058815 -0.02124272     0.0004175     0.0004201    -0.0015042     0.0002045    -1.9621535    -1.9565547    -6.0800416     0.2191528
  4.55000019 49.00000000  0.00177085 -0.02048229     0.0003229     0.0003892    -0.0013561     0.0005988    -2.0681864    -1.9260381    -5.6658866     0.6415379
  9.55000019 49.00000000  0.00286635 -0.01826102     0.0001110     0.0003001    -0.0009880     0.0008110    -2.2343625    -1.8291075    -4.5894654     0.8689633
 17.54999924 49.00000000  0.00303180 -0.01436356    -0.0000580     0.0001728    -0.0005555     0.0006286    -2.0133339    -1.5188626    -3.0794643     0.6734971
 32.54999924 49.00000000  0.00193534 -0.00934255    -0.0000826     0.0000595    -0.0002439     0.0002314    -1.3210533    -1.0167299    -1.6667029     0.2479163
 52.54999924 49.00000000  0.00071863 -0.00652942    -0.0000418     0.0000137    -0.0001454     0.0000130    -0.8329763    -0.7141275    -1.0549062     0.0139693
 77.55000305 49.00000000  0.00000000 -0.00580169    -0.0000190     0.0000000    -0.0001304    -0.0000030    -0.6809140    -0.6401570    -0.9194785    -0.0032235
  0.00000000 50.00000000  0.00000000 -0.02291379     0.0004827     0.0004827    -0.0012410    -0.0000059    10.2303823    10.2303823    -6.2369728    -0.0346731
  0.69999999 50.00000000  0.00033539 -0.02288852     0.0004755     0.0004791    -0.0012360     0.0000632     9.8893191     9.9317729    -6.4266435     0.1164981
  1.39999998 50.00000000  0.00066574 -0.02280451     0.0004718     0.0004755    -0.0012238     0.0001319     9.8695352     9.9129118    -6.3061591     0.2959320
  2.97499990 50.00000000  0.00137138 -0.02245508     0.0004207     0.0004610    -0.0011615     0.0002445     8.6524908     9.1274506    -6.2777903     0.4663636
  4.55000019 50.00000000  0.00199089 -0.02187915     0.0003546     0.0004376    -0.0010648     0.0003689     7.6283082     8.6068835    -5.5090290     0.7236041
  7.05000019 50.00000000  0.00270578 -0.02063534     0.0002288     0.0003838    -0.0008819     0.0004272     4.5913317     6.4188302    -5.2677798     0.8289013
  9.55000019 50.00000000  0.00313486 -0.01925838     0.0001034     0.0003283    -0.0006980     0.0004645     2.0320901     4.6832080    -4.4378072     0.8980675
 13.55000019 50.00000000  0.00333397 -0.01693240     0.0000072     0.0002460    -0.0004832     0.0004092    -0.1503189     2.6653695    -3.5574378     0.7912659
 17.54999924 50.00000000  0.00319270 -0.01491136    -0.0000757     0.0001819    -0.0003269     0.0003329    -2.1784608     0.8586257    -3.0829020     0.6479665
 25.04999924 50.00000000  0.00260118 -0.01177957    -0.0000842     0.0001038    -0.0001817     0.0002157    -2.2790851    -0.0615084    -1.9877878     0.4176742
 32.54999924 50.00000000  0.00192896 -0.00957810    -0.0000889     0.0000593    -0.0001091     0.0001139    -2.5929679    -0.8466783    -1.6927719     0.2204941
 42.54999924 50.00000000  0.00119943 -0.00771024    -0.0000632     0.0000282    -0.0000695     0.0000477    -1.9360685    -0.8585100    -1.1574913     0.0964091
 52.54999924 50.00000000  0.00066482 -0.00666984    -0.0000403     0.0000127    -0.0000607     0.0000013    -1.4819097    -0.8573555    -1.0010617    -0.0042183
 65.05000305 50.00000000  0.00026781 -0.00609364    -0.0000266     0.0000041    -0.0000570    -0.0000016    -1.2077519    -0.8456821    -0.9154280     0.0002446
 77.55000305 50.00000000  0.00000000 -0.00592833    -0.0000163     0.0000000    -0.0000582    -0.0000032    -0.9588865    -0.7672282    -0.8289140    -0.0189282
  0.00000000 50.09999847  0.00000000 -0.02299720     0.0004723     0.0004723    -0.0008270    -0.0000052    21.4752079    21.4752079    -6.3773855    -0.0554224
  1.39999998 50.09999847  0.00065354 -0.02288661     0.0004645     0.0004668    -0.0008140     0.0000377    21.2808183    21.3297991    -6.1267908     0.4043468
  4.55000019 50.09999847  0.00195318 -0.02194783     0.0003491     0.0004293    -0.0006817     0.0000922    16.8127173    18.5311093    -5.2846267     0.9885382
  9.55000019 50.09999847  0.00308407 -0.01929710     0.0001024     0.0003229    -0.0003852     0.0001035     6.0651132    10.7928695    -4.3881734     1.1092417
 17.54999924 50.09999847  0.00315161 -0.01492269    -0.0000743     0.0001796    -0.0001131     0.0000665    -2.3454706     3.0975383    -3.1756345     0.7132390
 32.54999924 50.09999847  0.00190802 -0.00957722    -0.0000877     0.0000586     0.0000086     0.0000206    -3.8568089    -0.7193529    -1.7908237     0.2204229
 52.54999924 50.09999847  0.00065843 -0.00666844    -0.0000398     0.0000125     0.0000139    -0.0000016    -2.1476229    -1.0255039    -0.9967582    -0.0173661
 77.55000305 50.09999847  0.00000000 -0.00592768    -0.0000160     0.0000000     0.0000065    -0.0000032    -1.2671424    -0.9232439    -0.7845109    -0.0347658
  0.00000000 50.20000076  0.00000000 -0.02307918     0.0004622     0.0004622    -0.0008062    -0.0000045    21.3085466    21.3085466    -5.8807346    -0.0479076
  0.69999999 50.20000076  0.00032219 -0.02305277     0.0004584     0.0004603    -0.0008024     0.0000207    21.0388125    21.0793458    -5.9897282     0.2221162
  1.39999998 50.20000076  0.00064174 -0.02296730     0.0004576     0.0004584    -0.0007972     0.0000463    21.2649613    21.2822035    -5.6344746     0.4967656
  2.97499990 50.20000076  0.00132332 -0.02260773     0.0004049     0.0004448    -0.0007461     0.0000743    18.6812196    19.5359744    -5.9937618     0.7968335
  4.55000019 50.20000076  0.00191731 -0.02201549     0.0003439     0.0004214    -0.0006715     0.0001260    16.4154537    18.0773460    -5.3510872     1.3501335
  7.05000019 50.20000076  0.00261968 -0.02074320     0.0002235     0.0003716    -0.0005299     0.0001215    11.0797649    14.2543805    -5.0708779     1.3022438
  9.55000019 50.20000076  0.00303480 -0.01933542     0.0001013     0.0003178    -0.0003810     0.0001332     5.8446124    10.4852802    -4.4947935     1.4282149
 13.55000019 50.20000076  0.00324185 -0.01697935     0.0000095     0.0002393    -0.0002332     0.0000979     1.7100513     6.6349144    -3.4922053     1.0492192
 17.54999924 50.20000076  0.00311093 -0.01493397    -0.0000731     0.0001773    -0.0001117     0.0000744    -2.2873993     3.0787207    -3.1154112     0.7971822
 25.04999924 50.20000076  0.00253821 -0.01178603    -0.0000816     0.0001013    -0.0000327     0.0000447    -3.0035489     0.9176880    -1.9562688     0.4794262
 32.54999924 50.20000076  0.00188706 -0.00957637    -0.0000866     0.0000580     0.0000087     0.0000187    -3.7854640    -0.6854302    -1.7423177     0.1999057
 42.54999924 50.20000076  0.00117218 -0.00770651    -0.0000618     0.0000275     0.0000183     0.0000104    -2.8570821    -0.9427011    -1.1407170     0.1114992
 52.54999924 50.20000076  0.00065199 -0.00666706    -0.0000393     0.0000124     0.0000136    -0.0000039    -2.1211559    -1.0125283    -0.9859340    -0.0417501
 65.05000305 50.20000076  0.00026192 -0.00609157    -0.0000261     0.0000040     0.0000103     0.0000005    -1.6918721    -1.0464808    -0.9117646     0.0051469
 77.55000305 50.20000076  0.00000000 -0.00592704    -0.0000158     0.0000000     0.0000063    -0.0000033    -1.2608078    -0.9215257    -0.7870271    -0.0351103
  0.00000000 50.85000229  0.00000000 -0.02358298     0.0004196     0.0004196    -0.0007504    -0.0000023    17.5617198    17.5617198    -7.5200681    -0.0250131
  1.39999998 50.85000229  0.00058053 -0.02346622     0.0004128     0.0004147    -0.0007404     0.0000925    17.2511538    17.2904630    -7.4712642     0.9917967
  4.55000019 50.85000229  0.00173217 -0.02243633     0.0003133     0.0003807    -0.0006233     0.0002599    13.5335822    14.9787782    -6.5442468     2.7861637
  9.55000019 50.85000229  0.00275830 -0.01957419     0.0000948     0.0002888    -0.0003538     0.0002558     4.9119528     9.0704360    -4.7063599     2.7413215
 17.54999924 50.85000229  0.00285811 -0.01500428    -0.0000650     0.0001629    -0.0001054     0.0001134    -2.1195102     2.7643007    -2.9869211     1.2158081
 32.54999924 50.85000229  0.00174799 -0.00957109    -0.0000796     0.0000537     0.0000072     0.0000176    -3.5108608    -0.6527290    -1.6491153     0.1885671
 52.54999924 50.85000229  0.00060697 -0.00665863    -0.0000362     0.0000116     0.0000124    -0.0000083    -1.9675520    -0.9429617    -0.9257646    -0.0894108
 77.55000305 50.85000229  0.00000000 -0.00592321    -0.0000146     0.0000000     0.0000056    -0.0000035    -1.1770642    -0.8641715    -0.7433169    -0.0376724
  0.00000000 51.50000000  0.00000000 -0.02405470     0.0003918     0.0003918    -0.0007017     0.0000021    16.2850186    16.2850186    -7.1564564     0.0225856
  0.69999999 51.50000000  0.00027209 -0.02402275     0.0003857     0.0003887    -0.0006956     0.0000659    15.8620520    15.9273558    -7.3178729     0.7065279
  1.39999998 51.50000000  0.00053992 -0.02392984     0.0003815     0.0003857    -0.0006849     0.0001356    16.1157796    16.2042649    -6.7458236     1.4537492
  2.97499990 51.50000000  0.00110844 -0.02350461     0.0003384     0.0003726    -0.0006405     0.0002485    14.0628839    14.7949500    -6.9217608     2.6633741
  4.55000019 51.50000000  0.00160599 -0.02282578     0.0002882     0.0003530    -0.0005784     0.0003768    12.2385527    13.6263117    -6.3391724     4.0387349
  7.05000019 51.50000000  0.00219214 -0.02138018     0.0001858     0.0003109    -0.0004507     0.0003675     8.4283981    11.1103426    -5.2172491     3.9390696
  9.55000019 51.50000000  0.00253517 -0.01979540     0.0000855     0.0002655    -0.0003288     0.0003670     3.9694036     7.8274524    -4.9120676     3.9339521
 13.55000019 51.50000000  0.00272152 -0.01726233     0.0000108     0.0002008    -0.0002009     0.0002417     1.2627812     5.3374960    -3.2754981     2.5907652
 17.54999924 51.50000000  0.00262136 -0.01507102    -0.0000597     0.0001494    -0.0000992     0.0001530    -2.2014919     2.2813196    -3.0463934     1.6400675
 25.04999924 51.50000000  0.00214825 -0.01182697    -0.0000675     0.0000858    -0.0000302     0.0000778    -2.6052533     0.6805838    -1.8061513     0.8340909
 32.54999924 51.50000000  0.00160858 -0.00956699    -0.0000732     0.0000494     0.0000060     0.0000179    -3.2783565    -0.6500414    -1.5798077     0.1922499
 42.54999924 51.50000000  0.00099667 -0.00768481    -0.0000524     0.0000234     0.0000150     0.0000105    -2.4693346    -0.8438327    -1.0238399     0.1126556
 52.54999924 51.50000000  0.00056053 -0.00665101    -0.0000332     0.0000107     0.0000112    -0.0000124    -1.8066966    -0.8667479    -0.8562096    -0.1329948
 65.05000305 51.50000000  0.00022331 -0.00607920    -0.0000224     0.0000034     0.0000087    -0.0000010    -1.4743416    -0.9201034    -0.8074588    -0.0109178
 77.55000305 51.50000000  0.00000000 -0.00591971    -0.0000133     0.0000000     0.0000051    -0.0000037    -1.0811642    -0.7958779    -0.6874535    -0.0400246
  0.00000000 52.15000153  0.00000000 -0.02450913     0.0003752     0.0003752    -0.0006958     0.0000025    13.3154130    13.3154130    -9.6448181     0.0270773
  1.39999998 52.15000153  0.00051660 -0.02437358     0.0003654     0.0003690    -0.0006816     0.0001739    12.9194228    12.9973307    -9.5251334     1.8640529
  4.55000019 52.15000153  0.00152391 -0.02319727     0.0002668     0.0003349    -0.0005613     0.0004718     9.6211985    11.0810402    -8.1318572     5.0571403
  9.55000019 52.15000153  0.00235877 -0.02000125     0.0000701     0.0002470    -0.0003026     0.0004536     2.8978893     6.6903437    -5.0915352     4.8617622
 17.54999924 52.15000153  0.00240322 -0.01513231    -0.0000562     0.0001369    -0.0000902     0.0001860    -2.1126154     2.0268716    -2.8421479     1.9937511
 32.54999924 52.15000153  0.00146813 -0.00956309    -0.0000667     0.0000451     0.0000053     0.0000181    -3.0069553    -0.6094242    -1.4628912     0.1942056
 52.54999924 52.15000153  0.00051087 -0.00664413    -0.0000302     0.0000097     0.0000099    -0.0000161    -1.6693390    -0.8126245    -0.8080200    -0.1722827
 77.55000305 52.15000153  0.00000000 -0.00591667    -0.0000122     0.0000000     0.0000044    -0.0000040    -1.0097702    -0.7492582    -0.6552481    -0.0423736
  0.00000000 52.79999924  0.00000000 -0.02495926     0.0003698     0.0003698    -0.0006728     0.0000008    14.7073926    14.7073926   -10.2793396     0.0101959
  0.69999999 52.79999924  0.00025665 -0.02492314     0.0003635     0.0003666    -0.0006696     0.0000930    13.9761419    14.0526389   -10.7734575     1.1037156
  1.39999998 52.79999924  0.00050883 -0.02481595     0.0003592     0.0003635    -0.0006578     0.0001939    14.2302009    14.3334376   -10.1262581     2.3023995
  2.97499990 52.79999924  0.00103736 -0.02432495     0.0003099     0.0003487    -0.0006042     0.0003535    12.1735501    13.1041683    -9.7291316     4.1949599
  4.55000019 52.79999924  0.00148510 -0.02355549     0.0002494     0.0003264    -0.0005293     0.0005181    10.0403722    11.8885333    -8.6233163     6.1454447
  7.05000019 52.79999924  0.00196942 -0.02193237     0.0001473     0.0002793    -0.0003873     0.0005135     6.9376636    10.1082248    -5.8615356     6.0972850
  9.55000019 52.79999924  0.00222146 -0.02018879     0.0000526     0.0002326    -0.0002701     0.0004891     2.5751144     6.8963237    -5.1608306     5.8053983
 13.55000019 52.79999924  0.00231723 -0.01749924    -0.0000030     0.0001710    -0.0001590     0.0003187     0.6966588     4.8729224    -3.0364574     3.7803496
 17.54999924 52.79999924  0.00219779 -0.01518828    -0.0000547     0.0001252    -0.0000805     0.0001967    -2.2066021     2.1117822    -2.8225074     2.3377178
 25.04999924 52.79999924  0.00178305 -0.01186263    -0.0000580     0.0000712    -0.0000247     0.0000927    -2.4175027     0.6843243    -1.6190749     1.0980650
 32.54999924 52.79999924  0.00132727 -0.00956011    -0.0000607     0.0000408     0.0000033     0.0000170    -2.9364798    -0.4995069    -1.4002929     0.2016821
 42.54999924 52.79999924  0.00082057 -0.00766719    -0.0000434     0.0000193     0.0000110     0.0000090    -2.1987058    -0.6948345    -0.8975930     0.1072496
 52.54999924 52.79999924  0.00046002 -0.00663809    -0.0000273     0.0000088     0.0000079    -0.0000174    -1.5938500    -0.7283594    -0.7495368    -0.2071001
 65.05000305 52.79999924  0.00018343 -0.00606906    -0.0000184     0.0000028     0.0000061    -0.0000020    -1.2831974    -0.7737918    -0.6979459    -0.0234469
 77.55000305 52.79999924  0.00000000 -0.00591401    -0.0000109     0.0000000     0.0000033    -0.0000042    -0.9424491    -0.6796215    -0.6023890    -0.0498656
  0.00000000 53.45000076  0.00000000 -0.02538953     0.0003583     0.0003583    -0.0006675     0.0000014    13.5289497    13.5289497   -13.7290905     0.0184381
  1.39999998 53.45000076  0.00049056 -0.02523348     0.0003457     0.0003504    -0.0006486     0.0002143    13.0630391    13.1874639   -13.3603274     2.8475387
  4.55000019 53.45000076  0.00141360 -0.02388799     0.0002287     0.0003107    -0.0005053     0.0005603     8.8583237    11.0360659   -10.6485632     7.4450718
  9.55000019 53.45000076  0.00205299 -0.02035269     0.0000353     0.0002150    -0.0002385     0.0005067     1.8968198     6.6718302    -5.3785535     6.7320404
 17.54999924 53.45000076  0.00198005 -0.01523689    -0.0000516     0.0001128    -0.0000706     0.0002004    -2.1329027     2.2350650    -2.6396967     2.6626309
 32.54999924 53.45000076  0.00118397 -0.00955870    -0.0000541     0.0000364     0.0000016     0.0000160    -2.7606535    -0.3551582    -1.2797367     0.2121893
 52.54999924 53.45000076  0.00040928 -0.00663376    -0.0000243     0.0000078     0.0000061    -0.0000181    -1.4939812    -0.6419989    -0.6873233    -0.2408894
 77.55000305 53.45000076  0.00000000 -0.00591238    -0.0000098     0.0000000     0.0000023    -0.0000043    -0.8737000    -0.6137396    -0.5536015    -0.0570145
  0.00000000 54.09999847  0.00000000 -0.02582698     0.0003572     0.0003572    -0.0006807     0.0000012    12.2462725    12.2462725   -15.3358290     0.0162936
  0.69999999 54.09999847  0.00024677 -0.02578460     0.0003478     0.0003525    -0.0006752     0.0001232    11.2926173    11.4175257   -15.8940990     1.6373487
  1.39999998 54.09999847  0.00048696 -0.02565917     0.0003413     0.0003478    -0.0006572     0.0002565    11.6792248    11.8527872   -14.8530775     3.4073862
  2.97499990 54.09999847  0.00098138 -0.02509016     0.0002837     0.0003299    -0.0005910     0.0004589     9.3812953    10.6092047   -13.8606376     6.0971562
  4.55000019 54.09999847  0.00138052 -0.02421244     0.0002109     0.0003034    -0.0004979     0.0006586     6.9516137     9.4089077   -11.8834702     8.7512684
  7.05000019 54.09999847  0.00176230 -0.02239299     0.0001067     0.0002500    -0.0003314     0.0006377     4.8963018     8.7030613    -6.7471520     8.4730887
  9.55000019 54.09999847  0.00191411 -0.02049884     0.0000158     0.0002004    -0.0002143     0.0005753     0.5790612     5.4845936    -5.5366024     7.6439630
 13.55000019 54.09999847  0.00191241 -0.01767623    -0.0000178     0.0001411    -0.0001177     0.0003701    -0.0094854     4.2133854    -2.6645302     4.9176356
 17.54999924 54.09999847  0.00177190 -0.01528008    -0.0000500     0.0001010    -0.0000620     0.0002230    -2.2329049     1.7790606    -2.5520364     2.9625851
 25.04999924 54.09999847  0.00141074 -0.01189094    -0.0000488     0.0000563    -0.0000185     0.0001015    -2.1913997     0.6008970    -1.3879994     1.3481971
 32.54999924 54.09999847  0.00104047 -0.00955805    -0.0000479     0.0000320     0.0000009     0.0000166    -2.5027137    -0.3804224    -1.2068304     0.2210494
 42.54999924 54.09999847  0.00064064 -0.00765604    -0.0000341     0.0000151     0.0000073     0.0000074    -1.8692926    -0.5619327    -0.7680757     0.0982656
 52.54999924 54.09999847  0.00035763 -0.00663018    -0.0000212     0.0000068     0.0000051    -0.0000203    -1.3256728    -0.5802676    -0.6252120    -0.2702158
 65.05000305 54.09999847  0.00014303 -0.00606328    -0.0000143     0.0000022     0.0000036    -0.0000028    -1.0782463    -0.6396733    -0.6036806    -0.0367353
 77.55000305 54.09999847  0.00000000 -0.00591107    -0.0000086     0.0000000     0.0000019    -0.0000044    -0.7728185    -0.5448189    -0.4942023    -0.0585986
  0.00000000 54.75000000  0.00000000 -0.02628614     0.0003646     0.0003646    -0.0007299    -0.0000009     9.6367469     9.6367469   -19.4481137    -0.0114998
  1.39999998 54.75000000  0.00049636 -0.02610044     0.0003476     0.0003545    -0.0007046     0.0003000     9.0353929     9.2193499   -18.9268745     3.9861498
  4.55000019 54.75000000  0.00137565 -0.02453987     0.0001939     0.0003023    -0.0005047     0.0007507     4.4577975     7.3397068   -14.1071204     9.9747272
  9.55000019 54.75000000  0.00179953 -0.02063072    -0.0000076     0.0001884    -0.0001884     0.0006242    -0.8124302     4.3959212    -5.6166481     8.2931484
 17.54999924 54.75000000  0.00157391 -0.01531712    -0.0000493     0.0000897    -0.0000522     0.0002385    -2.2807186     1.4136188    -2.3571125     3.1693870
 32.54999924 54.75000000  0.00089699 -0.00955748    -0.0000417     0.0000276     0.0000004     0.0000169    -2.2208692    -0.3817371    -1.1021965     0.2242431
 52.54999924 54.75000000  0.00030447 -0.00662712    -0.0000182     0.0000058     0.0000041    -0.0000222    -1.1631758    -0.5248977    -0.5695392    -0.2953888
 77.55000305 54.75000000  0.00000000 -0.00590992    -0.0000074     0.0000000     0.0000015    -0.0000045    -0.6809887    -0.4836940    -0.4438810    -0.0593557
  0.00000000 55.39999771  0.00000000 -0.02677583     0.0003804     0.0003804    -0.0007504    -0.0000051    13.7158407    13.7158407   -22.4989246    -0.0816413
  0.69999999 55.39999771  0.00026254 -0.02672745     0.0003697     0.0003751    -0.0007413     0.0001408    12.7993307    12.9722242   -22.7367837     2.1972291
  1.39999998 55.39999771  0.00051756 -0.02657521     0.0003608     0.0003697    -0.0007193     0.0002993    13.3398228    13.6247212   -21.1848696     4.6769814
  2.97499990 55.39999771  0.00102365 -0.02589612     0.0002799     0.0003441    -0.0006217     0.0005190     9.6591092    11.7216137   -19.1925511     8.1025445
  4.55000019 55.39999771  0.00139937 -0.02486860     0.0001784     0.0003076    -0.0004898     0.0007332     5.6484493     9.8001315   -15.7441854    11.4506884
  7.05000019 55.39999771  0.00167487 -0.02280232     0.0000607     0.0002376    -0.0002866     0.0006766     3.3529286     9.0402239    -7.7325249    10.5513897
  9.55000019 55.39999771  0.00170283 -0.02074371    -0.0000328     0.0001783    -0.0001544     0.0005783    -1.8460029     4.9410057    -5.7296439     9.0313833
 13.55000019 55.39999771  0.00156816 -0.01780329    -0.0000401     0.0001157    -0.0000754     0.0003643    -1.2179551     3.7930259    -2.3362080     5.6782081
 17.54999924 55.39999771  0.00138192 -0.01534797    -0.0000496     0.0000787    -0.0000393     0.0002146    -2.5435760     1.5839534    -2.1927293     3.3482706
 25.04999924 55.39999771  0.00105129 -0.01190983    -0.0000419     0.0000420    -0.0000089     0.0000974    -2.1992849     0.4980109    -1.1301780     1.5194627
 32.54999924 55.39999771  0.00075313 -0.00955747    -0.0000356     0.0000231     0.0000013     0.0000131    -2.2208368    -0.3313521    -1.0238762     0.2009251
 42.54999924 55.39999771  0.00045918 -0.00764804    -0.0000251     0.0000108     0.0000059     0.0000060    -1.6323241    -0.4773725    -0.6317920     0.0952039
 52.54999924 55.39999771  0.00025058 -0.00662483    -0.0000152     0.0000048     0.0000038    -0.0000212    -1.1277934    -0.4857386    -0.5117087    -0.3340785
 65.05000305 55.39999771  0.00010164 -0.00605988    -0.0000100     0.0000016     0.0000024    -0.0000028    -0.9135535    -0.5410344    -0.5117465    -0.0430205
 77.55000305 55.39999771  0.00000000 -0.00590912    -0.0000062     0.0000000     0.0000016    -0.0000045    -0.6421015    -0.4414714    -0.3845763    -0.0724650
  0.00000000 56.04999924  0.00000000 -0.02724869     0.0003629     0.0003629    -0.0007309     0.0000032    13.0984952    13.0984952   -28.1756792     0.0601628
  1.39999998 56.04999924  0.00048937 -0.02702403     0.0003421     0.0003495    -0.0006986     0.0003035    12.1105356    12.3910414   -27.1583870     5.7267185
  4.55000019 56.04999924  0.00129887 -0.02516812     0.0001495     0.0002855    -0.0004487     0.0007324     4.0504862     9.1811613   -18.5216973    13.8181507
  9.55000019 56.04999924  0.00149690 -0.02083133    -0.0000471     0.0001567    -0.0001201     0.0005196    -2.9816920     4.7086191    -5.7375627     9.8038132
 17.54999924 56.04999924  0.00114693 -0.01536898    -0.0000446     0.0000654    -0.0000287     0.0001853    -2.6102899     1.5394790    -2.0104520     3.4966311
 32.54999924 56.04999924  0.00060434 -0.00955599    -0.0000287     0.0000186     0.0000016     0.0000093    -2.0813763    -0.2969078    -0.9390038     0.1756776
 52.54999924 56.04999924  0.00019918 -0.00662223    -0.0000121     0.0000038     0.0000033    -0.0000198    -1.0369976    -0.4370184    -0.4549661    -0.3729300
 77.55000305 56.04999924  0.00000000 -0.00590779    -0.0000051     0.0000000     0.0000017    -0.0000045    -0.5819065    -0.3894460    -0.3237819    -0.0849530
  0.00000000 56.69999695  0.00000000 -0.02772602     0.0003564     0.0003564    -0.0007484     0.0000072     9.3143385     9.3143385   -32.3757394     0.1353218
  0.69999999 56.69999695  0.00024389 -0.02766284     0.0003405     0.0003484    -0.0007347     0.0001715     7.5370214     7.8376648   -33.0327331     3.2360309
  1.39999998 56.69999695  0.00047664 -0.02748333     0.0003324     0.0003405    -0.0007039     0.0003631     8.9374421     9.2429497   -30.1652352     6.8514251
  2.97499990 56.69999695  0.00093425 -0.02666653     0.0002409     0.0003140    -0.0005948     0.0006207     4.4718225     7.2315562   -27.0616485    11.7114312
  4.55000019 56.69999695  0.00123546 -0.02545189     0.0001215     0.0002715    -0.0004339     0.0008578    -0.1595286     5.5025677   -21.1175878    16.1849589
  7.05000019 56.69999695  0.00137902 -0.02312094     0.0000135     0.0001956    -0.0002114     0.0007171     0.2372554     7.1093399    -8.2500833    13.5303166
  9.55000019 56.69999695  0.00130290 -0.02089983    -0.0000644     0.0001364    -0.0000937     0.0005564    -4.9376216     2.6405968    -6.0416889    10.4974806
 13.55000019 56.69999695  0.00109712 -0.01787360    -0.0000485     0.0000810    -0.0000365     0.0003401    -2.2903499     2.5937791    -1.8381949     6.4167538
 17.54999924 56.69999695  0.00091516 -0.01538531    -0.0000403     0.0000521    -0.0000208     0.0001890    -2.5519495     0.9355739    -1.8160241     3.5661331
 25.04999924 56.69999695  0.00065753 -0.01191598    -0.0000307     0.0000262    -0.0000020     0.0000891    -1.9031961     0.2442266    -0.8227427     1.6804700
 32.54999924 56.69999695  0.00045526 -0.00955546    -0.0000219     0.0000140     0.0000005     0.0000068    -1.6890809    -0.3332725    -0.8411045     0.1286017
 42.54999924 56.69999695  0.00027522 -0.00764132    -0.0000154     0.0000065     0.0000035     0.0000056    -1.2061959    -0.3810787    -0.4917130     0.1052798
 52.54999924 56.69999695  0.00014729 -0.00662052    -0.0000090     0.0000028     0.0000022    -0.0000219    -0.8007682    -0.3548379    -0.3761637    -0.4139934
 65.05000305 56.69999695  0.00006146 -0.00605729    -0.0000059     0.0000009     0.0000009    -0.0000024    -0.6908325    -0.4328669    -0.4343890    -0.0449815
 77.55000305 56.69999695  0.00000000 -0.00590686    -0.0000039     0.0000000     0.0000013    -0.0000045    -0.4515243    -0.3028041    -0.2526714    -0.0844843
  0.00000000 57.34999847  0.00000000 -0.02822868     0.0003532     0.0003532    -0.0007875     0.0000079     3.9238354     3.9238354   -39.1215467     0.1484085
  1.39999998 57.34999847  0.00047812 -0.02795320     0.0003341     0.0003415    -0.0007526     0.0004080     3.6856915     3.9648643   -37.3213892     7.6973345
  4.55000019 57.34999847  0.00119876 -0.02573248     0.0000901     0.0002635    -0.0004199     0.0009635    -4.2933491     2.2487908   -23.5384810    18.1783919
  9.55000019 57.34999847  0.00111402 -0.02095227    -0.0000814     0.0001167    -0.0000647     0.0005640    -6.4791105     0.9926403    -5.8507531    10.6411867
 17.54999924 57.34999847  0.00068189 -0.01539597    -0.0000366     0.0000389    -0.0000128     0.0001873    -2.6034768     0.2446069    -1.7033893     3.5335333
 32.54999924 57.34999847  0.00030310 -0.00955526    -0.0000154     0.0000093    -0.0000004     0.0000038    -1.3339549    -0.4001641    -0.7651664     0.0713801
 52.54999924 57.34999847  0.00009343 -0.00661933    -0.0000061     0.0000018     0.0000011    -0.0000237    -0.5981543    -0.3013685    -0.3258071    -0.4478185
 77.55000305 57.34999847  0.00000000 -0.00590607    -0.0000029     0.0000000     0.0000009    -0.0000044    -0.3416236    -0.2319748    -0.1978526    -0.0823921
  0.00000000 57.99999619  0.00000000 -0.02874983     0.0003502     0.0003502    -0.0006529    -0.0000058    55.0600557    55.0600557   -44.7212557    -0.3252615
  0.69999999 57.99999619  0.00024251 -0.02867985     0.0003427     0.0003464    -0.0006577     0.0001226    51.8606280    52.2752286   -47.2191199     3.7949888
  1.39999998 57.99999619  0.00047981 -0.02846173     0.0003381     0.0003427    -0.0006422     0.0002751    52.6162957    53.1292698   -44.1164908     8.9148930
  2.97499990 57.99999619  0.00092234 -0.02747121     0.0002210     0.0003100    -0.0005096     0.0004644    34.5594150    44.4839740   -37.4851185    14.1062973
  4.55000019 57.99999619  0.00117592 -0.02599780     0.0000592     0.0002584    -0.0003142     0.0006612    11.2797934    33.4906224   -24.2733371    21.5122102
  7.05000019 57.99999619  0.00113410 -0.02335090    -0.0000508     0.0001609    -0.0001144     0.0004894    -4.6298660    18.9600846    -9.1528151    14.9878243
  9.55000019 57.99999619  0.00092202 -0.02098394    -0.0000998     0.0000965    -0.0000239     0.0003465   -15.1799506     6.7038106    -6.0643584    11.0518688
 13.55000019 57.99999619  0.00064238 -0.01789647    -0.0000591     0.0000474     0.0000026     0.0002094    -8.0721534     3.8016013    -1.1484350     6.6356205
 17.54999924 57.99999619  0.00044905 -0.01540191    -0.0000328     0.0000256    -0.0000029     0.0001113    -5.2044801     1.3011009    -1.6865319     3.4181015
 25.04999924 57.99999619  0.00026932 -0.01191498    -0.0000199     0.0000108     0.0000037     0.0000554    -3.1282272     0.2893539    -0.4998335     1.7699720
 32.54999924 57.99999619  0.00015038 -0.00955593    -0.0000090     0.0000046    -0.0000006     0.0000004    -1.7655867    -0.2528857    -0.7575391    -0.0599041
 42.54999924 57.99999619  0.00009212 -0.00763878    -0.0000056     0.0000022     0.0000008     0.0000038    -1.0422172    -0.1817841    -0.3214188     0.1577583
 52.54999924 57.99999619  0.00003929 -0.00661905    -0.0000031     0.0000007     0.0000002    -0.0000156    -0.6978411    -0.2636968    -0.2946182    -0.5488165
 65.05000305 57.99999619  0.00002144 -0.00605755    -0.0000016     0.0000003    -0.0000007    -0.0000012    -0.4787950    -0.2668866    -0.3498269    -0.0170775
 77.55000305 57.99999619  0.00000000 -0.00590568    -0.0000019     0.0000000     0.0000005    -0.0000042    -0.4161094    -0.2088680    -0.1323771    -0.2360416
  0.00000000 58.09999466  0.00000000 -0.02879774     0.0003279     0.0003279    -0.0004683    -0.0000068   101.2550364   101.2550364   -46.1911141    -0.6337813
  1.39999998 58.09999466  0.00044582 -0.02850781     0.0003147     0.0003184    -0.0004493     0.0001157    97.9684658    98.6689889   -43.5139881    10.7168277
  4.55000019 58.09999466  0.00109154 -0.02602047     0.0000526     0.0002399    -0.0002215     0.0002802    25.1015702    59.7800020   -25.6572924    25.9430658
  9.55000019 58.09999466  0.00084743 -0.02098535    -0.0000955     0.0000887    -0.0000132     0.0001233   -21.9769990    12.1319698    -6.7435383    11.4205741
 17.54999924 58.09999466  0.00039813 -0.01540193    -0.0000304     0.0000227    -0.0000001     0.0000354    -7.3128506     2.5196397    -1.6921029     3.2810997
 32.54999924 58.09999466  0.00012640 -0.00955590    -0.0000076     0.0000039     0.0000001    -0.0000019    -2.1785000    -0.0530932    -0.7469703    -0.1805236
 52.54999924 58.09999466  0.00003268 -0.00661900    -0.0000026     0.0000006     0.0000004    -0.0000069    -0.8236236    -0.2218176    -0.2543120    -0.6421000
 77.55000305 58.09999466  0.00000000 -0.00590561    -0.0000017     0.0000000     0.0000007    -0.0000042    -0.5155216    -0.2063973    -0.0741850    -0.3906944
  0.00000000 58.19999695  0.00000000 -0.02884349     0.0003065     0.0003065    -0.0004514    -0.0000078    91.6601192    91.6601192   -48.6986470    -0.7185443
  0.69999999 58.19999695  0.00021051 -0.02877323     0.0002950     0.0003007    -0.0004412     0.0000514    87.9886701    89.0574169   -48.3411816     4.7623816
  1.39999998 58.19999695  0.00041293 -0.02855160     0.0002918     0.0002950    -0.0004228     0.0001357    89.4655001    90.0453709   -42.8729767    12.5643121
  2.97499990 58.19999695  0.00079856 -0.02754433     0.0001894     0.0002684    -0.0003473     0.0002052    58.9631485    73.5877032   -40.4429700    18.9960244
  4.55000019 58.19999695  0.00100970 -0.02604209     0.0000461     0.0002219    -0.0002109     0.0003326    20.8649648    53.4279713   -26.7222720    30.8002035
  7.05000019 58.19999695  0.00096734 -0.02336558    -0.0000474     0.0001372    -0.0000676     0.0001909    -3.9575669    30.2235352    -7.6971337    17.6717511
  9.55000019 58.19999695  0.00077286 -0.02098658    -0.0000914     0.0000809    -0.0000107     0.0001263   -21.4858656    10.4208079    -6.5462321    11.6948186
 13.55000019 58.19999695  0.00051740 -0.01789562    -0.0000532     0.0000382     0.0000045     0.0000749   -12.1371068     4.7874694    -1.4588191     6.9327711
 17.54999924 58.19999695  0.00034720 -0.01540192    -0.0000280     0.0000198     0.0000012     0.0000331    -6.7100437     2.1463313    -1.2884637     3.0648875
 25.04999924 58.19999695  0.00019528 -0.01191425    -0.0000163     0.0000078     0.0000033     0.0000205    -4.1525657     0.3131491    -0.5210921     1.8987834
 32.54999924 58.19999695  0.00010241 -0.00955590    -0.0000062     0.0000031     0.0000002    -0.0000035    -1.7898275    -0.0524402    -0.6072837    -0.3221375
 42.54999924 58.19999695  0.00006320 -0.00763863    -0.0000038     0.0000015     0.0000004     0.0000027    -1.1203505    -0.1383879    -0.3360114     0.2494978
 52.54999924 58.19999695  0.00002606 -0.00661897    -0.0000021     0.0000005     0.0000002    -0.0000076    -0.6905273    -0.2082751    -0.2588161    -0.7005483
 65.05000305 58.19999695  0.00001576 -0.00605763    -0.0000010     0.0000002    -0.0000004     0.0000002    -0.4510257    -0.2130939    -0.3308719     0.0218485
 77.55000305 58.19999695  0.00000000 -0.00590554    -0.0000015     0.0000000     0.0000005    -0.0000042    -0.4847819    -0.2108725    -0.1177110    -0.3891710
  0.00000000 58.74999619  0.00000000 -0.02906383     0.0001835     0.0001835    -0.0003451     0.0000010    38.7204064    38.7204064   -59.1617651     0.0915761
  1.39999998 58.74999619  0.00024826 -0.02875945     0.0001828     0.0001773    -0.0003367     0.0001783    38.9326220    37.9113383   -57.2763517    16.5058273
  4.55000019 58.74999619  0.00060248 -0.02614150     0.0000077     0.0001324    -0.0001506     0.0004570    -0.8327010    22.2549399   -30.1624433    42.3122951
  9.55000019 58.74999619  0.00036416 -0.02098846    -0.0000688     0.0000381     0.0000032     0.0001265   -18.6854853     1.1213427    -5.3476730    11.7085344
 17.54999924 58.74999619  0.00006408 -0.01540038    -0.0000153     0.0000037     0.0000034     0.0000277    -4.6155262    -1.1089559    -1.1608003     2.5657243
 32.54999924 58.74999619 -0.00003121 -0.00955613     0.0000011    -0.0000010    -0.0000013    -0.0000054    -0.0657413    -0.4393542    -0.5046665    -0.5012286
 52.54999924 58.74999619 -0.00001096 -0.00661912     0.0000007    -0.0000002    -0.0000007    -0.0000081     0.0595678    -0.1017979    -0.2014315    -0.7523319
 77.55000305 58.74999619  0.00000000 -0.00590544    -0.0000005     0.0000000     0.0000000    -0.0000041    -0.1901290    -0.1009091    -0.0981827    -0.3835982
  0.00000000 59.29999542  0.00000000 -0.02922306     0.0000708     0.0000708    -0.0002630    -0.0000015   -13.1182090   -13.1182090   -74.9278591    -0.1409343
  0.69999999 59.29999542  0.00004927 -0.02914832     0.0000700     0.0000704    -0.0002496     0.0000810   -10.6451416   -10.5707489   -69.8355257     7.4967962
  1.39999998 59.29999542  0.00009798 -0.02892195     0.0000819     0.0000700    -0.0002434     0.0002071    -4.5866519    -6.7957739   -64.8214293    19.1780964
  2.97499990 59.29999542  0.00020503 -0.02784624     0.0000413     0.0000689    -0.0002139     0.0003673   -14.7653108    -9.6467689   -62.0226544    34.0076107
  4.55000019 59.29999542  0.00022800 -0.02620780    -0.0000312     0.0000501    -0.0000930     0.0005626   -21.7721071    -6.7227289   -33.2288989    52.0955621
  7.05000019 59.29999542  0.00009660 -0.02339985    -0.0000549     0.0000137     0.0000096     0.0002784   -16.9957014    -4.2895894    -5.0470831    25.7799701
  9.55000019 59.29999542 -0.00004655 -0.02098306    -0.0000497    -0.0000049     0.0000173     0.0001222   -17.2685609    -8.9635561    -4.8595822    11.3190887
 13.55000019 59.29999542 -0.00016971 -0.01788377    -0.0000217    -0.0000125     0.0000165     0.0000710    -7.8559669    -6.1492292    -0.7672498     6.5726824
 17.54999924 59.29999542 -0.00022048 -0.01539821    -0.0000025    -0.0000126     0.0000062     0.0000225    -2.3550301    -4.2276843    -0.7504847     2.0876325
 25.04999924 59.29999542 -0.00021132 -0.01191137     0.0000037    -0.0000084     0.0000018     0.0000189     0.0402612    -2.2065841    -0.3190640     1.7474372
 32.54999924 59.29999542 -0.00016503 -0.00955734     0.0000084    -0.0000051    -0.0000025    -0.0000066     1.7353155    -0.7591352    -0.2828851    -0.6130587
 42.54999924 59.29999542 -0.00009500 -0.00763974     0.0000059    -0.0000022    -0.0000025     0.0000030     1.3255618    -0.1719126    -0.2219820     0.2821942
 52.54999924 59.29999542 -0.00004795 -0.00661979     0.0000034    -0.0000009    -0.0000017    -0.0000082     0.8114011     0.0055908    -0.1436311    -0.7581905
 65.05000305 59.29999542 -0.00001520 -0.00605865     0.0000019    -0.0000002    -0.0000014     0.0000005     0.4101759     0.0116939    -0.2098384     0.0424613
 77.55000305 59.29999542  0.00000000 -0.00590552     0.0000005     0.0000000    -0.0000006    -0.0000041     0.0870215    -0.0082028    -0.1104581    -0.3768196
  0.00000000 59.84999466  0.00000000 -0.02934657    -0.0000448    -0.0000448    -0.0001571     0.0000202   -61.6259655   -61.6259655   -82.4209118     1.8686473
  1.39999998 59.84999466 -0.00005528 -0.02903084    -0.0000181    -0.0000395    -0.0001635     0.0001625   -51.1072786   -55.0686650   -78.0291287    15.0508046
  4.55000019 59.84999466 -0.00014367 -0.02624240    -0.0000727    -0.0000316    -0.0000302     0.0005519   -42.5412100   -34.9168032   -34.6665118    51.1046328
  9.55000019 59.84999466 -0.00046163 -0.02096932    -0.0000288    -0.0000483     0.0000318     0.0001006   -15.1255634   -18.7428508    -3.8982016     9.3171299
 17.54999924 59.84999466 -0.00050858 -0.01539361     0.0000105    -0.0000290     0.0000088     0.0000150    -0.1443538    -7.4566703    -0.4610522     1.3926074
 32.54999924 59.84999466 -0.00029971 -0.00955889     0.0000157    -0.0000092    -0.0000037    -0.0000076     3.4922119    -1.1159451    -0.1037059    -0.7057661
 52.54999924 59.84999466 -0.00008496 -0.00662101     0.0000062    -0.0000016    -0.0000027    -0.0000079     1.5512098     0.1063519    -0.0925302    -0.7288438
 77.55000305 59.84999466  0.00000000 -0.00590605     0.0000015     0.0000000    -0.0000011    -0.0000040     0.3619642     0.0843610    -0.1209328    -0.3740330
  0.00000000 60.39999390  0.00000000 -0.02939590    -0.0001738    -0.0001738    -0.0000177     0.0000160  -111.1211542  -111.1211542   -82.1976028     1.4816154
  0.69999999 60.39999390 -0.00011766 -0.02931677    -0.0001623    -0.0001681    -0.0000544     0.0000538  -113.1874472  -114.2534222   -93.1922649     4.9823926
  1.39999998 60.39999390 -0.00022726 -0.02910177    -0.0001274    -0.0001623    -0.0000822     0.0001214  -103.9286231  -110.4023993   -95.5597839    11.2452208
  2.97499990 60.39999390 -0.00038986 -0.02801949    -0.0001026    -0.0001310    -0.0001034     0.0003005   -91.8131809   -97.0881498   -91.9774201    27.8282830
  4.55000019 60.39999390 -0.00055032 -0.02624105    -0.0001143    -0.0001210     0.0000396     0.0005304   -63.4353423   -64.6717906   -34.9482543    49.1084520
  7.05000019 60.39999390 -0.00079323 -0.02334134    -0.0000670    -0.0001125     0.0000929     0.0002253   -31.1158668   -39.5488311    -1.5133678    20.8654739
  9.55000019 60.39999390 -0.00088521 -0.02094806    -0.0000049    -0.0000927     0.0000481     0.0000690   -11.5846513   -27.8459762    -1.7669756     6.3923146
 13.55000019 60.39999390 -0.00087007 -0.01785914     0.0000107    -0.0000642     0.0000290     0.0000450    -3.3091695   -17.1857944     0.0724845     4.1628601
 17.54999924 60.39999390 -0.00079943 -0.01538854     0.0000239    -0.0000456     0.0000111     0.0000110     2.1475971   -10.7160357    -0.2280303     1.0197725
 25.04999924 60.39999390 -0.00062111 -0.01191056     0.0000243    -0.0000248    -0.0000004     0.0000127     4.3218123    -4.7746829    -0.2532037     1.1732809
 32.54999924 60.39999390 -0.00043454 -0.00956146     0.0000230    -0.0000133    -0.0000050    -0.0000064     5.2866885    -1.4536472     0.0955854    -0.5899187
 42.54999924 60.39999390 -0.00025300 -0.00764417     0.0000156    -0.0000059    -0.0000055     0.0000025     3.7991100    -0.1980223    -0.1178592     0.2311524
 52.54999924 60.39999390 -0.00012176 -0.00662275     0.0000089    -0.0000023    -0.0000037    -0.0000064     2.2762991     0.1922739    -0.0719010    -0.5883153
 65.05000305 60.39999390 -0.00004591 -0.00606077     0.0000049    -0.0000007    -0.0000024     0.0000006     1.2884479     0.2558035    -0.0534258     0.0566557
 77.55000305 60.39999390  0.00000000 -0.00590674     0.0000025     0.0000000    -0.0000017    -0.0000040     0.6181744     0.1597147    -0.1618466    -0.3700178
  0.00000000 60.94999313  0.00000000 -0.02937567    -0.0002927    -0.0002927     0.0000866    -0.0000187  -161.9808132  -161.9808132   -91.7302810    -1.7319428
  1.39999998 60.94999313 -0.00040487 -0.02909485    -0.0002752    -0.0002892     0.0000951     0.0000643  -152.3443229  -154.9427043   -83.7853105     5.9579394
  4.55000019 60.94999313 -0.00104280 -0.02619875    -0.0001359    -0.0002292     0.0001098     0.0003449   -80.3162580   -97.5910950   -34.8103066    31.9360380
  9.55000019 60.94999313 -0.00132436 -0.02091785     0.0000177    -0.0001387     0.0000591     0.0000323   -10.0992587   -39.0583438    -2.4415265     2.9910883
 17.54999924 60.94999313 -0.00109107 -0.01538140     0.0000383    -0.0000622     0.0000134     0.0000035     4.8472250   -13.7609878     0.2421209     0.3237819
 32.54999924 60.94999313 -0.00056759 -0.00956443     0.0000307    -0.0000174    -0.0000064    -0.0000047     7.1488503    -1.7585547     0.2821097    -0.4337919
 52.54999924 60.94999313 -0.00015711 -0.00662512     0.0000118    -0.0000030    -0.0000048    -0.0000045     3.0662462     0.3231886    -0.0072771    -0.4149110
 77.55000305 60.94999313  0.00000000 -0.00590795     0.0000035     0.0000000    -0.0000024    -0.0000040     0.9110755     0.2556069    -0.1807700    -0.3718080
  0.00000000 61.49999237  0.00000000 -0.02930062    -0.0004314    -0.0004314     0.0001863    -0.0000278  -226.0452643  -226.0452643  -111.6556587    -2.5716261
  0.69999999 61.49999237 -0.00030353 -0.02923448    -0.0004358    -0.0004336     0.0002071     0.0000226  -223.8081220  -223.3974046  -104.7432917     2.0896204
  1.39999998 61.49999237 -0.00061017 -0.02899720    -0.0004487    -0.0004358     0.0002600    -0.0000046  -218.0212008  -215.6398053   -86.7814474    -0.4228437
  2.97499990 61.49999237 -0.00123332 -0.02802079    -0.0003342    -0.0004146     0.0001142     0.0000054  -198.9776236  -213.8617862  -115.9398416     0.4978081
  4.55000019 61.49999237 -0.00166286 -0.02612023    -0.0001616    -0.0003655     0.0001757     0.0001518  -105.8411188  -143.5931410   -43.3790635    14.0523737
  7.05000019 61.49999237 -0.00183040 -0.02319821    -0.0000221    -0.0002596     0.0001672    -0.0000203   -28.8322150   -72.8235495     6.2153667    -1.8789082
  9.55000019 61.49999237 -0.00177325 -0.02088310     0.0000524    -0.0001857     0.0000673    -0.0000020    -4.5522255   -48.6389864    -1.7873108    -0.1831648
 13.55000019 61.49999237 -0.00160281 -0.01782293     0.0000482    -0.0001183     0.0000375     0.0000094     1.9043127   -28.9336178    -0.0797059     0.8748971
 17.54999924 61.49999237 -0.00138736 -0.01537374     0.0000532    -0.0000791     0.0000144    -0.0000070     7.3727640   -17.1169498     0.1873793    -0.6455422
 25.04999924 61.49999237 -0.00103982 -0.01191226     0.0000458    -0.0000415    -0.0000021     0.0000022     8.9489980    -7.2163707     0.0826686     0.2004088
 32.54999924 61.49999237 -0.00070061 -0.00956852     0.0000384    -0.0000215    -0.0000085    -0.0000047     8.9455200    -2.1592503     0.2596708    -0.4344940
 42.54999924 61.49999237 -0.00041243 -0.00765196     0.0000254    -0.0000097    -0.0000086     0.0000024     6.2594056    -0.2440106    -0.0331149     0.2266073
 52.54999924 61.49999237 -0.00019210 -0.00662800     0.0000147    -0.0000037    -0.0000057    -0.0000036     3.8861905     0.4852087     0.1112791    -0.3374804
 65.05000305 61.49999237 -0.00007671 -0.00606386     0.0000077    -0.0000012    -0.0000034     0.0000011     2.0892763     0.4479243     0.0327817     0.1003613
 77.55000305 61.49999237  0.00000000 -0.00590933     0.0000046     0.0000000    -0.0000027    -0.0000040     1.2647288     0.4149451    -0.0791713    -0.3723989
           1           3          26          24
           3           5          28          26
           5           7          30          28
           7           9          32          30
           9          11          34          32
          11          13          36          34
          13          15          38          36
          24          26          49          47
          26          28          51          49
          28          30          53          51
          30          32          55          53
          32          34          57          55
          34          36          59          57
          36          38          61          59
          47          49          72          70
          49          51          74          72
          51          53          76          74
          53          55          78          76
          55          57          80          78
          57          59          82          80
          59          61          84          82
          70          72          95          93
          72          74          97          95
          74          76          99          97
          76          78         101          99
          78          80         103         101
          80          82         105         103
          82          84         107         105
          93          95         118         116
          95          97         120         118
          97          99         122         120
          99         101         124         122
         101         103         126         124
         103         105         128         126
         105         107         130         128
         116         118         141         139
         118         120         143         141
         120         122         145         143
         122         124         147         145
         124         126         149         147
         126         128         151         149
         128         130         153         151
         139         141         164         162
         141         143         166         164
         143         145         168         166
         145         147         170         168
         147         149         172         170
         149         151         174         172
         151         153         176         174
         162         164         187         185
         164         166         189         187
         166         168         191         189
         168         170         193         191
         170         172         195         193
         172         174         197         195
         174         176         199         197
         185         187         210         208
         187         189         212         210
         189         191         214         212
         191         193         216         214
         193         195         218         216
         195         197         220         218
         197         199         222         220
         208         210         233         231
         210         212         235         233
         212         214         237         235
         214         216         239         237
         216         218         241         239
         218         220         243         241
         220         222         245         243
         231         233         256         254
         233         235         258         256
         235         237         260         258
         237         239         262         260
         239         241         264         262
         241         243         266         264
         243         245         268         266
         254         256         279         277
         256         258         281         279
         258         260         283         281
         260         262         285         283
         262         264         287         285
         264         266         289         287
         266         268         291         289
         277         279         302         300
         279         281         304         302
         281         283         306         304
         283         285         308         306
         285         287         310         308
         287         289         312         310
         289         291         314         312
         300         302         325         323
         302         304         327         325
         304         306         329         327
         306         308         331         329
         308         310         333         331
         310         312         335         333
         312         314         337         335
         323         325         348         346
         325         327         350         348
         327         329         352         350
         329         331         354         352
         331         333         356         354
         333         335         358         356
         335         337         360         358
         346         348         371         369
         348         350         373         371
         350         352         375         373
         352         354         377         375
         354         356         379         377
         356         358         381         379
         358         360         383         381
         369         371         394         392
         371         373         396         394
         373         375         398         396
         375         377         400         398
         377         379         402         400
         379         381         404         402
         381         383         406         404
         392         394         417         415
         394         396         419         417
         396         398         421         419
         398         400         423         421
         400         402         425         423
         402         404         427         425
         404         406         429         427
         415         417         440         438
         417         419         442         440
         419         421         444         442
         421         423         446         444
         423         425         448         446
         425         427         450         448
         427         429         452         450
         438         440         463         461
         440         442         465         463
         442         444         467         465
         444         446         469         467
         446         448         471         469
         448         450         473         471
         450         452         475         473
