GEORGIA TECH TEST PIT GRID..(ELASTIC/ANISOTROPIC RUN)
55,198,55
5
0,1,1,1,0
AC
250000,0.35,0.,0.,-0.0856
BASE
53960,18867,0.15,0.43,0.79577,0.34965,0.,0.,-0.0804
BASE
38000,13287,0.15,0.43,0.08521,0.34965,0.,0.,-0.0804
BASE
31084,10719,0.10,0.45,0.02775,0.34483,0.,0.,-0.0804
SUBGRADE
8000,0.40,0.,0.,-0.0607
11,5,1,0.,0.
26.,14.,4.0,4.0,0.1,2.57,2.67,2.67,0.1,1.7,1.7
1.4,3.15,5.4,10.,25.
9,11,1
20,22,1
31,33,1
42,44,1
53,55,1
8,8,2
19,19,2
30,30,2
41,41,2
52,52,2
7,7,3
18,18,3
29,29,3
40,40,3
51,51,3
5,6,4
16,17,4
27,28,4
38,39,4
49,50,4
1,4,5
12,15,5
23,26,5
34,37,5
45,48,5
0,0,0
6
4,5,6,7,8,9
5,10,1.,1.,.01
7000.,0.787,-0.201,2740.,2.1
0,0
2
11
0.,0.,0.,0.,0.,-100.,0.,0.
22
0.,0.,0.,0.,0.,-100.,0.,0.
1,1,1,0.,0.
24,1,1,0.,0.
36,1,1,0.,0.
59,1,1,0.,0.
71,1,1,0.,0.
94,1,1,0.,0.
106,1,1,0.,0.
129,1,1,0.,0.
141,1,1,0.,0.
164,1,1,0.,0.
176,1,1,0.,0.
2,1,0,0.,0.
3,1,0,0.,0.
4,1,0,0.,0.
5,1,0,0.,0.
6,1,0,0.,0.
7,1,0,0.,0.
8,1,0,0.,0.
9,1,0,0.,0.
10,1,0,0.,0.
11,1,0,0.,0.
12,1,0,0.,0.
13,1,0,0.,0.
14,1,0,0.,0.
15,1,0,0.,0.
16,1,0,0.,0.
17,1,0,0.,0.
18,1,0,0.,0.
19,1,0,0.,0.
20,1,0,0.,0.
21,1,0,0.,0.
22,1,0,0.,0.
23,1,0,0.,0.
177,1,0,0.,0.
178,1,0,0.,0.
179,1,0,0.,0.
180,1,0,0.,0.
181,1,0,0.,0.
182,1,0,0.,0.
183,1,0,0.,0.
184,1,0,0.,0.
185,1,0,0.,0.
186,1,0,0.,0.
187,1,0,0.,0.
188,1,0,0.,0.
189,1,0,0.,0.
190,1,0,0.,0.
191,1,0,0.,0.
192,1,0,0.,0.
193,1,0,0.,0.
194,1,0,0.,0.
195,1,0,0.,0.
196,1,0,0.,0.
197,1,0,0.,0.
198,1,0,0.,0.
0
