NOTHINGHAM TEST SERIES 3, CONTROL SECTION...(ELASTIC/ANISOTROPIC RUN)
78,273,65
5
0,1,1,1,0
AC
250000,0.35,0.,0.,-0.0862
BASE
7233,2530,0.15,0.43,0.67273,0.34982,0.,0.,-0.0787
BASE
5260,1841,0.15,0.43,0.138,0.350,0.,0.,-0.0787
BASE
4340,1495,0.10,0.45,0.05552,0.34424,0.,0.,-0.0787
SUBGRADE
2000,0.40,0.,0.,-0.0642
13,6,0,0.,0.
5.,5.,4.,1.5,1.37,1.37,1.37,1.37,1.37,1.37,0.4,0.4,0.4
1.,1.44,3.,5.,10.,20.
1,24,5
25,36,4
37,48,3
49,60,2
61,78,1
0,0,0
8
19,25,31,37,43,49,55,61
5,10
7500.,0.6,-0.11,2740.,2.1
0,0
2
73
0.,0.,0.,0.,0.,-80.,0.,0.
74
0.,0.,0.,0.,0.,-80.,0.,0.
1,1,1,0.,0.
2,1,1,0.,0.
3,1,1,0.,0.
4,1,1,0.,0.
5,1,1,0.,0.
6,1,1,0.,0.
7,1,1,0.,0.
8,1,1,0.,0.
9,1,1,0.,0.
10,1,1,0.,0.
11,1,1,0.,0.
12,1,1,0.,0.
13,1,1,0.,0.
14,1,0,0.,0.
20,1,0,0.,0.
21,1,0,0.,0.
33,1,0,0.,0.
34,1,0,0.,0.
40,1,0,0.,0.
41,1,0,0.,0.
53,1,0,0.,0.
54,1,0,0.,0.
60,1,0,0.,0.
61,1,0,0.,0.
73,1,0,0.,0.
74,1,0,0.,0.
80,1,0,0.,0.
81,1,0,0.,0.
93,1,0,0.,0.
94,1,0,0.,0.
100,1,0,0.,0.
101,1,0,0.,0.
113,1,0,0.,0.
114,1,0,0.,0.
120,1,0,0.,0.
121,1,0,0.,0.
133,1,0,0.,0.
134,1,0,0.,0.
140,1,0,0.,0.
141,1,0,0.,0.
153,1,0,0.,0.
154,1,0,0.,0.
160,1,0,0.,0.
161,1,0,0.,0.
173,1,0,0.,0.
174,1,0,0.,0.
180,1,0,0.,0.
181,1,0,0.,0.
193,1,0,0.,0.
194,1,0,0.,0.
200,1,0,0.,0.
201,1,0,0.,0.
213,1,0,0.,0.
214,1,0,0.,0.
220,1,0,0.,0.
221,1,0,0.,0.
233,1,0,0.,0.
234,1,0,0.,0.
240,1,0,0.,0.
241,1,0,0.,0.
253,1,0,0.,0.
254,1,0,0.,0.
260,1,0,0.,0.
261,1,0,0.,0.
273,1,0,0.,0.
0
