EXAMPLE GRID (12 elements, linear run)
12,51,15 
3 material types
0,1,0
AC
250,000.,0.35,0.,0.,-0.0856
BASE
38000.,13287.,0.15,0.43,0.08521,0.34965,0.,0.,-0.0804
SUBGRADE
6000.,0.40,0.,0.,-0.0607
4,3,0,0.,0.
10.,4.,4.,3.5
5.,5.,5.
1,3,3 material types
4,9,2
10,12,1
0,0,0
4 bordering elements
1,4,7,10
0,0  temp. option
6   edge loads
3
0.,0.,40.,0.,0.,0.,0.,0.
6
0.,0.,40.,0.,0.,0.,0.,0.
9
0.,0.,40.,0.,0.,0.,0.,0.
10
0.,0.,0.,0.,0.,-100.,0.,0.
11
0.,0.,0.,0.,0.,-100.,0.,0.
12
0.,0.,40.,0.,0.,-100.,0.,0.
0  horizontal residual stresses
1,1,1,0.,0.  boundary conditions
2,1,1,0.,0.
3,1,1,0.,0.
4,1,1,0.,0.
5,1,1,0.,0.
6,1,1,0.,0.
7,1,1,0.,0.
8,1,0,0.,0.
12,1,0,0.,0.
19,1,0,0.,0.
23,1,0,0.,0.
30,1,0,0.,0.
34,1,0,0.,0.
41,1,0,0.,0.
45,1,0,0.,0.
0