EXAMPLE GRID (12 elements, linear run)
12,84,18,13 elements, nodes, boundary nodes, interface elements
3 material types
0,1,,0
AC
250000,0.35,0.,0.,-0.0856
BASE
38000,13287,0.15,0.43,0.08521,0.34965,0.,0.,-0.0804
SUBGRADE
6000.,0.40,0.,0.,-0.0607
3 nzone
1,3,1,0.,0.,1,0
10.
5.,5.,5.
2,3,19,0.,10.,4,1
4.,4.
5.,5.,5.
1,3,67,0.,18.,10,0
3.5
5.,5.,5.
1,3,3 material types
4,9,2
10,12,1
0,0,0
4 bordering elements
1,4,7,10
9.e+6,1.5e+4,1.5E+2,45.,45.,45.
0,0  temp. option
6   edge loads
3
0.,0.,200.,0.,0.,0.,0.,0.
6
0.,0.,200.,0.,0.,0.,0.,0.
9
0.,0.,200.,0.,0.,0.,0.,0.
10
0.,0.,0.,0.,0.,-100.,0.,0.
11
0.,0.,0.,0.,0.,-100.,0.,0.
12
0.,0.,200.,0.,0.,-100.,0.,0.
0  horizontal residual stresses
1,1,1,0.,0.  boundary conditions
2,1,1,0.,0.
3,1,1,0.,0.
4,1,1,0.,0.
5,1,1,0.,0.
6,1,1,0.,0.
7,1,1,0.,0.
8,1,0,0.,0.
12,1,0,0.,0.
19,1,0,0.,0.
28,1,0,0.,0.
34,1,0,0.,0.
43,1,0,0.,0.
52,1,0,0.,0.
58,1,0,0.,0.
67,1,0,0.,0.
74,1,0,0.,0.
78,1,0,0.,0.
0