139 36 3 0 0 2 7 7
0.0000 0.0000
1.2500 0.0000
2.5000 0.0000
3.7500 0.0000
5.0000 0.0000
27.5000 0.0000
50.0000 0.0000
0.0000 -1.2500
2.5000 -1.2500
5.0000 -1.2500
50.0000 -1.2500
0.0000 -2.5000
1.2500 -2.5000
2.5000 -2.5000
3.7500 -2.5000
5.0000 -2.5000
27.5000 -2.5000
50.0000 -2.5000
0.0000 -3.7500
2.5000 -3.7500
5.0000 -3.7500
50.0000 -3.7500
0.0000 -5.0000
1.2500 -5.0000
2.5000 -5.0000
3.7500 -5.0000
5.0000 -5.0000
27.5000 -5.0000
50.0000 -5.0000
0.0000 -6.2500
2.5000 -6.2500
5.0000 -6.2500
50.0000 -6.2500
0.0000 -7.5000
1.2500 -7.5000
2.5000 -7.5000
3.7500 -7.5000
5.0000 -7.5000
27.5000 -7.5000
50.0000 -7.5000
0.0000 -8.7500
2.5000 -8.7500
5.0000 -8.7500
50.0000 -8.7500
0.0000 -10.0000
1.2500 -10.0000
2.5000 -10.0000
3.7500 -10.0000
5.0000 -10.0000
27.5000 -10.0000
50.0000 -10.0000
0.0000 -11.2500
2.5000 -11.2500
5.0000 -11.2500
50.0000 -11.2500
0.0000 -12.5000
1.2500 -12.5000
2.5000 -12.5000
3.7500 -12.5000
5.0000 -12.5000
27.5000 -12.5000
50.0000 -12.5000
0.0000 -13.7500
2.5000 -13.7500
5.0000 -13.7500
50.0000 -13.7500
0.0000 -15.0000
1.2500 -15.0000
2.5000 -15.0000
3.7500 -15.0000
5.0000 -15.0000
27.5000 -15.0000
50.0000 -15.0000
0.0000 -18.7500
2.5000 -18.7500
5.0000 -18.7500
50.0000 -18.7500
0.0000 -22.5000
1.2500 -22.5000
2.5000 -22.5000
3.7500 -22.5000
5.0000 -22.5000
27.5000 -22.5000
50.0000 -22.5000
0.0000 -26.2500
2.5000 -26.2500
5.0000 -26.2500
50.0000 -26.2500
0.0000 -30.0000
1.2500 -30.0000
2.5000 -30.0000
3.7500 -30.0000
5.0000 -30.0000
27.5000 -30.0000
50.0000 -30.0000
0.0000 -33.7500
2.5000 -33.7500
5.0000 -33.7500
50.0000 -33.7500
0.0000 -37.5000
1.2500 -37.5000
2.5000 -37.5000
3.7500 -37.5000
5.0000 -37.5000
27.5000 -37.5000
50.0000 -37.5000
0.0000 -41.2500
2.5000 -41.2500
5.0000 -41.2500
50.0000 -41.2500
0.0000 -45.0000
1.2500 -45.0000
2.5000 -45.0000
3.7500 -45.0000
5.0000 -45.0000
27.5000 -45.0000
50.0000 -45.0000
0.0000 -58.7500
2.5000 -58.7500
5.0000 -58.7500
50.0000 -58.7500
0.0000 -72.5000
1.2500 -72.5000
2.5000 -72.5000
3.7500 -72.5000
5.0000 -72.5000
27.5000 -72.5000
50.0000 -72.5000
0.0000 -86.2500
2.5000 -86.2500
5.0000 -86.2500
50.0000 -86.2500
0.0000 -100.0000
1.2500 -100.0000
2.5000 -100.0000
3.7500 -100.0000
5.0000 -100.0000
27.5000 -100.0000
50.0000 -100.0000
0 17
30000.000000 0.300000 0 0 0 0
18 29
30000.000000 0.300000 0 0 0 0
30 35
30000.000000 0.300000 0 0 0 0
8 11 13 2 0 12 8 1 7
8 13 15 4 2 14 9 3 8
8 15 17 6 4 16 10 5 9
8 22 24 13 11 23 19 12 18
8 24 26 15 13 25 20 14 19
8 26 28 17 15 27 21 16 20
8 33 35 24 22 34 30 23 29
8 35 37 26 24 36 31 25 30
8 37 39 28 26 38 32 27 31
8 44 46 35 33 45 41 34 40
8 46 48 37 35 47 42 36 41
8 48 50 39 37 49 43 38 42
8 55 57 46 44 56 52 45 51
8 57 59 48 46 58 53 47 52
8 59 61 50 48 60 54 49 53
8 66 68 57 55 67 63 56 62
8 68 70 59 57 69 64 58 63
8 70 72 61 59 71 65 60 64
8 77 79 68 66 78 74 67 73
8 79 81 70 68 80 75 69 74
8 81 83 72 70 82 76 71 75
8 88 90 79 77 89 85 78 84
8 90 92 81 79 91 86 80 85
8 92 94 83 81 93 87 82 86
8 99 101 90 88 100 96 89 95
8 101 103 92 90 102 97 91 96
8 103 105 94 92 104 98 93 97
8 110 112 101 99 111 107 100 106
8 112 114 103 101 113 108 102 107
8 114 116 105 103 115 109 104 108
8 121 123 112 110 122 118 111 117
8 123 125 114 112 124 119 113 118
8 125 127 116 114 126 120 115 119
8 132 134 123 121 133 129 122 128
8 134 136 125 123 135 130 124 129
8 136 138 127 125 137 131 126 130
0 2
0 -15
1 2
0 -15
132 133 134 135 136 137 138 
0.00000 0.00000 0.00000 0.00000 0.00000 0.00000 0.00000 
132 133 134 135 136 137 138 
0.00000 0.00000 0.00000 0.00000 0.00000 0.00000 0.00000 