1809 570 3 0 0 10 159 39
0.0000 0.0000
0.2500 0.0000
0.5000 0.0000
0.7500 0.0000
1.0000 0.0000
1.2500 0.0000
1.5000 0.0000
1.7500 0.0000
2.0000 0.0000
2.2500 0.0000
2.5000 0.0000
2.7500 0.0000
3.0000 0.0000
3.2500 0.0000
3.5000 0.0000
3.7500 0.0000
4.0000 0.0000
4.2500 0.0000
4.5000 0.0000
4.7500 0.0000
5.0000 0.0000
5.7289 0.0000
6.4577 0.0000
7.3991 0.0000
8.3405 0.0000
9.5563 0.0000
10.7722 0.0000
12.3425 0.0000
13.9128 0.0000
15.9409 0.0000
17.9691 0.0000
20.5885 0.0000
23.2079 0.0000
26.5911 0.0000
29.9742 0.0000
34.3437 0.0000
38.7132 0.0000
44.3566 0.0000
50.0000 0.0000
0.0000 -0.2000
0.5000 -0.2000
1.0000 -0.2000
1.5000 -0.2000
2.0000 -0.2000
2.5000 -0.2000
3.0000 -0.2000
3.5000 -0.2000
4.0000 -0.2000
4.5000 -0.2000
5.0000 -0.2000
6.4577 -0.2000
8.3405 -0.2000
10.7722 -0.2000
13.9128 -0.2000
17.9691 -0.2000
23.2079 -0.2000
29.9742 -0.2000
38.7132 -0.2000
50.0000 -0.2000
0.0000 -0.4000
0.2500 -0.4000
0.5000 -0.4000
0.7500 -0.4000
1.0000 -0.4000
1.2500 -0.4000
1.5000 -0.4000
1.7500 -0.4000
2.0000 -0.4000
2.2500 -0.4000
2.5000 -0.4000
2.7500 -0.4000
3.0000 -0.4000
3.2500 -0.4000
3.5000 -0.4000
3.7500 -0.4000
4.0000 -0.4000
4.2500 -0.4000
4.5000 -0.4000
4.7500 -0.4000
5.0000 -0.4000
5.7289 -0.4000
6.4577 -0.4000
7.3991 -0.4000
8.3405 -0.4000
9.5563 -0.4000
10.7722 -0.4000
12.3425 -0.4000
13.9128 -0.4000
15.9409 -0.4000
17.9691 -0.4000
20.5885 -0.4000
23.2079 -0.4000
26.5911 -0.4000
29.9742 -0.4000
34.3437 -0.4000
38.7132 -0.4000
44.3566 -0.4000
50.0000 -0.4000
0.0000 -0.6000
0.5000 -0.6000
1.0000 -0.6000
1.5000 -0.6000
2.0000 -0.6000
2.5000 -0.6000
3.0000 -0.6000
3.5000 -0.6000
4.0000 -0.6000
4.5000 -0.6000
5.0000 -0.6000
6.4577 -0.6000
8.3405 -0.6000
10.7722 -0.6000
13.9128 -0.6000
17.9691 -0.6000
23.2079 -0.6000
29.9742 -0.6000
38.7132 -0.6000
50.0000 -0.6000
0.0000 -0.8000
0.2500 -0.8000
0.5000 -0.8000
0.7500 -0.8000
1.0000 -0.8000
1.2500 -0.8000
1.5000 -0.8000
1.7500 -0.8000
2.0000 -0.8000
2.2500 -0.8000
2.5000 -0.8000
2.7500 -0.8000
3.0000 -0.8000
3.2500 -0.8000
3.5000 -0.8000
3.7500 -0.8000
4.0000 -0.8000
4.2500 -0.8000
4.5000 -0.8000
4.7500 -0.8000
5.0000 -0.8000
5.7289 -0.8000
6.4577 -0.8000
7.3991 -0.8000
8.3405 -0.8000
9.5563 -0.8000
10.7722 -0.8000
12.3425 -0.8000
13.9128 -0.8000
15.9409 -0.8000
17.9691 -0.8000
20.5885 -0.8000
23.2079 -0.8000
26.5911 -0.8000
29.9742 -0.8000
34.3437 -0.8000
38.7132 -0.8000
44.3566 -0.8000
50.0000 -0.8000
0.0000 -1.0000
0.5000 -1.0000
1.0000 -1.0000
1.5000 -1.0000
2.0000 -1.0000
2.5000 -1.0000
3.0000 -1.0000
3.5000 -1.0000
4.0000 -1.0000
4.5000 -1.0000
5.0000 -1.0000
6.4577 -1.0000
8.3405 -1.0000
10.7722 -1.0000
13.9128 -1.0000
17.9691 -1.0000
23.2079 -1.0000
29.9742 -1.0000
38.7132 -1.0000
50.0000 -1.0000
0.0000 -1.2000
0.2500 -1.2000
0.5000 -1.2000
0.7500 -1.2000
1.0000 -1.2000
1.2500 -1.2000
1.5000 -1.2000
1.7500 -1.2000
2.0000 -1.2000
2.2500 -1.2000
2.5000 -1.2000
2.7500 -1.2000
3.0000 -1.2000
3.2500 -1.2000
3.5000 -1.2000
3.7500 -1.2000
4.0000 -1.2000
4.2500 -1.2000
4.5000 -1.2000
4.7500 -1.2000
5.0000 -1.2000
5.7289 -1.2000
6.4577 -1.2000
7.3991 -1.2000
8.3405 -1.2000
9.5563 -1.2000
10.7722 -1.2000
12.3425 -1.2000
13.9128 -1.2000
15.9409 -1.2000
17.9691 -1.2000
20.5885 -1.2000
23.2079 -1.2000
26.5911 -1.2000
29.9742 -1.2000
34.3437 -1.2000
38.7132 -1.2000
44.3566 -1.2000
50.0000 -1.2000
0.0000 -1.4000
0.5000 -1.4000
1.0000 -1.4000
1.5000 -1.4000
2.0000 -1.4000
2.5000 -1.4000
3.0000 -1.4000
3.5000 -1.4000
4.0000 -1.4000
4.5000 -1.4000
5.0000 -1.4000
6.4577 -1.4000
8.3405 -1.4000
10.7722 -1.4000
13.9128 -1.4000
17.9691 -1.4000
23.2079 -1.4000
29.9742 -1.4000
38.7132 -1.4000
50.0000 -1.4000
0.0000 -1.6000
0.2500 -1.6000
0.5000 -1.6000
0.7500 -1.6000
1.0000 -1.6000
1.2500 -1.6000
1.5000 -1.6000
1.7500 -1.6000
2.0000 -1.6000
2.2500 -1.6000
2.5000 -1.6000
2.7500 -1.6000
3.0000 -1.6000
3.2500 -1.6000
3.5000 -1.6000
3.7500 -1.6000
4.0000 -1.6000
4.2500 -1.6000
4.5000 -1.6000
4.7500 -1.6000
5.0000 -1.6000
5.7289 -1.6000
6.4577 -1.6000
7.3991 -1.6000
8.3405 -1.6000
9.5563 -1.6000
10.7722 -1.6000
12.3425 -1.6000
13.9128 -1.6000
15.9409 -1.6000
17.9691 -1.6000
20.5885 -1.6000
23.2079 -1.6000
26.5911 -1.6000
29.9742 -1.6000
34.3437 -1.6000
38.7132 -1.6000
44.3566 -1.6000
50.0000 -1.6000
0.0000 -1.8000
0.5000 -1.8000
1.0000 -1.8000
1.5000 -1.8000
2.0000 -1.8000
2.5000 -1.8000
3.0000 -1.8000
3.5000 -1.8000
4.0000 -1.8000
4.5000 -1.8000
5.0000 -1.8000
6.4577 -1.8000
8.3405 -1.8000
10.7722 -1.8000
13.9128 -1.8000
17.9691 -1.8000
23.2079 -1.8000
29.9742 -1.8000
38.7132 -1.8000
50.0000 -1.8000
0.0000 -2.0000
0.2500 -2.0000
0.5000 -2.0000
0.7500 -2.0000
1.0000 -2.0000
1.2500 -2.0000
1.5000 -2.0000
1.7500 -2.0000
2.0000 -2.0000
2.2500 -2.0000
2.5000 -2.0000
2.7500 -2.0000
3.0000 -2.0000
3.2500 -2.0000
3.5000 -2.0000
3.7500 -2.0000
4.0000 -2.0000
4.2500 -2.0000
4.5000 -2.0000
4.7500 -2.0000
5.0000 -2.0000
5.7289 -2.0000
6.4577 -2.0000
7.3991 -2.0000
8.3405 -2.0000
9.5563 -2.0000
10.7722 -2.0000
12.3425 -2.0000
13.9128 -2.0000
15.9409 -2.0000
17.9691 -2.0000
20.5885 -2.0000
23.2079 -2.0000
26.5911 -2.0000
29.9742 -2.0000
34.3437 -2.0000
38.7132 -2.0000
44.3566 -2.0000
50.0000 -2.0000
0.0000 -2.2000
0.5000 -2.2000
1.0000 -2.2000
1.5000 -2.2000
2.0000 -2.2000
2.5000 -2.2000
3.0000 -2.2000
3.5000 -2.2000
4.0000 -2.2000
4.5000 -2.2000
5.0000 -2.2000
6.4577 -2.2000
8.3405 -2.2000
10.7722 -2.2000
13.9128 -2.2000
17.9691 -2.2000
23.2079 -2.2000
29.9742 -2.2000
38.7132 -2.2000
50.0000 -2.2000
0.0000 -2.4000
0.2500 -2.4000
0.5000 -2.4000
0.7500 -2.4000
1.0000 -2.4000
1.2500 -2.4000
1.5000 -2.4000
1.7500 -2.4000
2.0000 -2.4000
2.2500 -2.4000
2.5000 -2.4000
2.7500 -2.4000
3.0000 -2.4000
3.2500 -2.4000
3.5000 -2.4000
3.7500 -2.4000
4.0000 -2.4000
4.2500 -2.4000
4.5000 -2.4000
4.7500 -2.4000
5.0000 -2.4000
5.7289 -2.4000
6.4577 -2.4000
7.3991 -2.4000
8.3405 -2.4000
9.5563 -2.4000
10.7722 -2.4000
12.3425 -2.4000
13.9128 -2.4000
15.9409 -2.4000
17.9691 -2.4000
20.5885 -2.4000
23.2079 -2.4000
26.5911 -2.4000
29.9742 -2.4000
34.3437 -2.4000
38.7132 -2.4000
44.3566 -2.4000
50.0000 -2.4000
0.0000 -2.6000
0.5000 -2.6000
1.0000 -2.6000
1.5000 -2.6000
2.0000 -2.6000
2.5000 -2.6000
3.0000 -2.6000
3.5000 -2.6000
4.0000 -2.6000
4.5000 -2.6000
5.0000 -2.6000
6.4577 -2.6000
8.3405 -2.6000
10.7722 -2.6000
13.9128 -2.6000
17.9691 -2.6000
23.2079 -2.6000
29.9742 -2.6000
38.7132 -2.6000
50.0000 -2.6000
0.0000 -2.8000
0.2500 -2.8000
0.5000 -2.8000
0.7500 -2.8000
1.0000 -2.8000
1.2500 -2.8000
1.5000 -2.8000
1.7500 -2.8000
2.0000 -2.8000
2.2500 -2.8000
2.5000 -2.8000
2.7500 -2.8000
3.0000 -2.8000
3.2500 -2.8000
3.5000 -2.8000
3.7500 -2.8000
4.0000 -2.8000
4.2500 -2.8000
4.5000 -2.8000
4.7500 -2.8000
5.0000 -2.8000
5.7289 -2.8000
6.4577 -2.8000
7.3991 -2.8000
8.3405 -2.8000
9.5563 -2.8000
10.7722 -2.8000
12.3425 -2.8000
13.9128 -2.8000
15.9409 -2.8000
17.9691 -2.8000
20.5885 -2.8000
23.2079 -2.8000
26.5911 -2.8000
29.9742 -2.8000
34.3437 -2.8000
38.7132 -2.8000
44.3566 -2.8000
50.0000 -2.8000
0.0000 -3.0000
0.5000 -3.0000
1.0000 -3.0000
1.5000 -3.0000
2.0000 -3.0000
2.5000 -3.0000
3.0000 -3.0000
3.5000 -3.0000
4.0000 -3.0000
4.5000 -3.0000
5.0000 -3.0000
6.4577 -3.0000
8.3405 -3.0000
10.7722 -3.0000
13.9128 -3.0000
17.9691 -3.0000
23.2079 -3.0000
29.9742 -3.0000
38.7132 -3.0000
50.0000 -3.0000
0.0000 -3.2000
0.2500 -3.2000
0.5000 -3.2000
0.7500 -3.2000
1.0000 -3.2000
1.2500 -3.2000
1.5000 -3.2000
1.7500 -3.2000
2.0000 -3.2000
2.2500 -3.2000
2.5000 -3.2000
2.7500 -3.2000
3.0000 -3.2000
3.2500 -3.2000
3.5000 -3.2000
3.7500 -3.2000
4.0000 -3.2000
4.2500 -3.2000
4.5000 -3.2000
4.7500 -3.2000
5.0000 -3.2000
5.7289 -3.2000
6.4577 -3.2000
7.3991 -3.2000
8.3405 -3.2000
9.5563 -3.2000
10.7722 -3.2000
12.3425 -3.2000
13.9128 -3.2000
15.9409 -3.2000
17.9691 -3.2000
20.5885 -3.2000
23.2079 -3.2000
26.5911 -3.2000
29.9742 -3.2000
34.3437 -3.2000
38.7132 -3.2000
44.3566 -3.2000
50.0000 -3.2000
0.0000 -3.4000
0.5000 -3.4000
1.0000 -3.4000
1.5000 -3.4000
2.0000 -3.4000
2.5000 -3.4000
3.0000 -3.4000
3.5000 -3.4000
4.0000 -3.4000
4.5000 -3.4000
5.0000 -3.4000
6.4577 -3.4000
8.3405 -3.4000
10.7722 -3.4000
13.9128 -3.4000
17.9691 -3.4000
23.2079 -3.4000
29.9742 -3.4000
38.7132 -3.4000
50.0000 -3.4000
0.0000 -3.6000
0.2500 -3.6000
0.5000 -3.6000
0.7500 -3.6000
1.0000 -3.6000
1.2500 -3.6000
1.5000 -3.6000
1.7500 -3.6000
2.0000 -3.6000
2.2500 -3.6000
2.5000 -3.6000
2.7500 -3.6000
3.0000 -3.6000
3.2500 -3.6000
3.5000 -3.6000
3.7500 -3.6000
4.0000 -3.6000
4.2500 -3.6000
4.5000 -3.6000
4.7500 -3.6000
5.0000 -3.6000
5.7289 -3.6000
6.4577 -3.6000
7.3991 -3.6000
8.3405 -3.6000
9.5563 -3.6000
10.7722 -3.6000
12.3425 -3.6000
13.9128 -3.6000
15.9409 -3.6000
17.9691 -3.6000
20.5885 -3.6000
23.2079 -3.6000
26.5911 -3.6000
29.9742 -3.6000
34.3437 -3.6000
38.7132 -3.6000
44.3566 -3.6000
50.0000 -3.6000
0.0000 -3.8000
0.5000 -3.8000
1.0000 -3.8000
1.5000 -3.8000
2.0000 -3.8000
2.5000 -3.8000
3.0000 -3.8000
3.5000 -3.8000
4.0000 -3.8000
4.5000 -3.8000
5.0000 -3.8000
6.4577 -3.8000
8.3405 -3.8000
10.7722 -3.8000
13.9128 -3.8000
17.9691 -3.8000
23.2079 -3.8000
29.9742 -3.8000
38.7132 -3.8000
50.0000 -3.8000
0.0000 -4.0000
0.2500 -4.0000
0.5000 -4.0000
0.7500 -4.0000
1.0000 -4.0000
1.2500 -4.0000
1.5000 -4.0000
1.7500 -4.0000
2.0000 -4.0000
2.2500 -4.0000
2.5000 -4.0000
2.7500 -4.0000
3.0000 -4.0000
3.2500 -4.0000
3.5000 -4.0000
3.7500 -4.0000
4.0000 -4.0000
4.2500 -4.0000
4.5000 -4.0000
4.7500 -4.0000
5.0000 -4.0000
5.7289 -4.0000
6.4577 -4.0000
7.3991 -4.0000
8.3405 -4.0000
9.5563 -4.0000
10.7722 -4.0000
12.3425 -4.0000
13.9128 -4.0000
15.9409 -4.0000
17.9691 -4.0000
20.5885 -4.0000
23.2079 -4.0000
26.5911 -4.0000
29.9742 -4.0000
34.3437 -4.0000
38.7132 -4.0000
44.3566 -4.0000
50.0000 -4.0000
0.0000 -4.5500
0.5000 -4.5500
1.0000 -4.5500
1.5000 -4.5500
2.0000 -4.5500
2.5000 -4.5500
3.0000 -4.5500
3.5000 -4.5500
4.0000 -4.5500
4.5000 -4.5500
5.0000 -4.5500
6.4577 -4.5500
8.3405 -4.5500
10.7722 -4.5500
13.9128 -4.5500
17.9691 -4.5500
23.2079 -4.5500
29.9742 -4.5500
38.7132 -4.5500
50.0000 -4.5500
0.0000 -5.1000
0.2500 -5.1000
0.5000 -5.1000
0.7500 -5.1000
1.0000 -5.1000
1.2500 -5.1000
1.5000 -5.1000
1.7500 -5.1000
2.0000 -5.1000
2.2500 -5.1000
2.5000 -5.1000
2.7500 -5.1000
3.0000 -5.1000
3.2500 -5.1000
3.5000 -5.1000
3.7500 -5.1000
4.0000 -5.1000
4.2500 -5.1000
4.5000 -5.1000
4.7500 -5.1000
5.0000 -5.1000
5.7289 -5.1000
6.4577 -5.1000
7.3991 -5.1000
8.3405 -5.1000
9.5563 -5.1000
10.7722 -5.1000
12.3425 -5.1000
13.9128 -5.1000
15.9409 -5.1000
17.9691 -5.1000
20.5885 -5.1000
23.2079 -5.1000
26.5911 -5.1000
29.9742 -5.1000
34.3437 -5.1000
38.7132 -5.1000
44.3566 -5.1000
50.0000 -5.1000
0.0000 -5.6500
0.5000 -5.6500
1.0000 -5.6500
1.5000 -5.6500
2.0000 -5.6500
2.5000 -5.6500
3.0000 -5.6500
3.5000 -5.6500
4.0000 -5.6500
4.5000 -5.6500
5.0000 -5.6500
6.4577 -5.6500
8.3405 -5.6500
10.7722 -5.6500
13.9128 -5.6500
17.9691 -5.6500
23.2079 -5.6500
29.9742 -5.6500
38.7132 -5.6500
50.0000 -5.6500
0.0000 -6.2000
0.2500 -6.2000
0.5000 -6.2000
0.7500 -6.2000
1.0000 -6.2000
1.2500 -6.2000
1.5000 -6.2000
1.7500 -6.2000
2.0000 -6.2000
2.2500 -6.2000
2.5000 -6.2000
2.7500 -6.2000
3.0000 -6.2000
3.2500 -6.2000
3.5000 -6.2000
3.7500 -6.2000
4.0000 -6.2000
4.2500 -6.2000
4.5000 -6.2000
4.7500 -6.2000
5.0000 -6.2000
5.7289 -6.2000
6.4577 -6.2000
7.3991 -6.2000
8.3405 -6.2000
9.5563 -6.2000
10.7722 -6.2000
12.3425 -6.2000
13.9128 -6.2000
15.9409 -6.2000
17.9691 -6.2000
20.5885 -6.2000
23.2079 -6.2000
26.5911 -6.2000
29.9742 -6.2000
34.3437 -6.2000
38.7132 -6.2000
44.3566 -6.2000
50.0000 -6.2000
0.0000 -6.7500
0.5000 -6.7500
1.0000 -6.7500
1.5000 -6.7500
2.0000 -6.7500
2.5000 -6.7500
3.0000 -6.7500
3.5000 -6.7500
4.0000 -6.7500
4.5000 -6.7500
5.0000 -6.7500
6.4577 -6.7500
8.3405 -6.7500
10.7722 -6.7500
13.9128 -6.7500
17.9691 -6.7500
23.2079 -6.7500
29.9742 -6.7500
38.7132 -6.7500
50.0000 -6.7500
0.0000 -7.3000
0.2500 -7.3000
0.5000 -7.3000
0.7500 -7.3000
1.0000 -7.3000
1.2500 -7.3000
1.5000 -7.3000
1.7500 -7.3000
2.0000 -7.3000
2.2500 -7.3000
2.5000 -7.3000
2.7500 -7.3000
3.0000 -7.3000
3.2500 -7.3000
3.5000 -7.3000
3.7500 -7.3000
4.0000 -7.3000
4.2500 -7.3000
4.5000 -7.3000
4.7500 -7.3000
5.0000 -7.3000
5.7289 -7.3000
6.4577 -7.3000
7.3991 -7.3000
8.3405 -7.3000
9.5563 -7.3000
10.7722 -7.3000
12.3425 -7.3000
13.9128 -7.3000
15.9409 -7.3000
17.9691 -7.3000
20.5885 -7.3000
23.2079 -7.3000
26.5911 -7.3000
29.9742 -7.3000
34.3437 -7.3000
38.7132 -7.3000
44.3566 -7.3000
50.0000 -7.3000
0.0000 -7.8500
0.5000 -7.8500
1.0000 -7.8500
1.5000 -7.8500
2.0000 -7.8500
2.5000 -7.8500
3.0000 -7.8500
3.5000 -7.8500
4.0000 -7.8500
4.5000 -7.8500
5.0000 -7.8500
6.4577 -7.8500
8.3405 -7.8500
10.7722 -7.8500
13.9128 -7.8500
17.9691 -7.8500
23.2079 -7.8500
29.9742 -7.8500
38.7132 -7.8500
50.0000 -7.8500
0.0000 -8.4000
0.2500 -8.4000
0.5000 -8.4000
0.7500 -8.4000
1.0000 -8.4000
1.2500 -8.4000
1.5000 -8.4000
1.7500 -8.4000
2.0000 -8.4000
2.2500 -8.4000
2.5000 -8.4000
2.7500 -8.4000
3.0000 -8.4000
3.2500 -8.4000
3.5000 -8.4000
3.7500 -8.4000
4.0000 -8.4000
4.2500 -8.4000
4.5000 -8.4000
4.7500 -8.4000
5.0000 -8.4000
5.7289 -8.4000
6.4577 -8.4000
7.3991 -8.4000
8.3405 -8.4000
9.5563 -8.4000
10.7722 -8.4000
12.3425 -8.4000
13.9128 -8.4000
15.9409 -8.4000
17.9691 -8.4000
20.5885 -8.4000
23.2079 -8.4000
26.5911 -8.4000
29.9742 -8.4000
34.3437 -8.4000
38.7132 -8.4000
44.3566 -8.4000
50.0000 -8.4000
0.0000 -8.9500
0.5000 -8.9500
1.0000 -8.9500
1.5000 -8.9500
2.0000 -8.9500
2.5000 -8.9500
3.0000 -8.9500
3.5000 -8.9500
4.0000 -8.9500
4.5000 -8.9500
5.0000 -8.9500
6.4577 -8.9500
8.3405 -8.9500
10.7722 -8.9500
13.9128 -8.9500
17.9691 -8.9500
23.2079 -8.9500
29.9742 -8.9500
38.7132 -8.9500
50.0000 -8.9500
0.0000 -9.5000
0.2500 -9.5000
0.5000 -9.5000
0.7500 -9.5000
1.0000 -9.5000
1.2500 -9.5000
1.5000 -9.5000
1.7500 -9.5000
2.0000 -9.5000
2.2500 -9.5000
2.5000 -9.5000
2.7500 -9.5000
3.0000 -9.5000
3.2500 -9.5000
3.5000 -9.5000
3.7500 -9.5000
4.0000 -9.5000
4.2500 -9.5000
4.5000 -9.5000
4.7500 -9.5000
5.0000 -9.5000
5.7289 -9.5000
6.4577 -9.5000
7.3991 -9.5000
8.3405 -9.5000
9.5563 -9.5000
10.7722 -9.5000
12.3425 -9.5000
13.9128 -9.5000
15.9409 -9.5000
17.9691 -9.5000
20.5885 -9.5000
23.2079 -9.5000
26.5911 -9.5000
29.9742 -9.5000
34.3437 -9.5000
38.7132 -9.5000
44.3566 -9.5000
50.0000 -9.5000
0.0000 -10.0500
0.5000 -10.0500
1.0000 -10.0500
1.5000 -10.0500
2.0000 -10.0500
2.5000 -10.0500
3.0000 -10.0500
3.5000 -10.0500
4.0000 -10.0500
4.5000 -10.0500
5.0000 -10.0500
6.4577 -10.0500
8.3405 -10.0500
10.7722 -10.0500
13.9128 -10.0500
17.9691 -10.0500
23.2079 -10.0500
29.9742 -10.0500
38.7132 -10.0500
50.0000 -10.0500
0.0000 -10.6000
0.2500 -10.6000
0.5000 -10.6000
0.7500 -10.6000
1.0000 -10.6000
1.2500 -10.6000
1.5000 -10.6000
1.7500 -10.6000
2.0000 -10.6000
2.2500 -10.6000
2.5000 -10.6000
2.7500 -10.6000
3.0000 -10.6000
3.2500 -10.6000
3.5000 -10.6000
3.7500 -10.6000
4.0000 -10.6000
4.2500 -10.6000
4.5000 -10.6000
4.7500 -10.6000
5.0000 -10.6000
5.7289 -10.6000
6.4577 -10.6000
7.3991 -10.6000
8.3405 -10.6000
9.5563 -10.6000
10.7722 -10.6000
12.3425 -10.6000
13.9128 -10.6000
15.9409 -10.6000
17.9691 -10.6000
20.5885 -10.6000
23.2079 -10.6000
26.5911 -10.6000
29.9742 -10.6000
34.3437 -10.6000
38.7132 -10.6000
44.3566 -10.6000
50.0000 -10.6000
0.0000 -11.1500
0.5000 -11.1500
1.0000 -11.1500
1.5000 -11.1500
2.0000 -11.1500
2.5000 -11.1500
3.0000 -11.1500
3.5000 -11.1500
4.0000 -11.1500
4.5000 -11.1500
5.0000 -11.1500
6.4577 -11.1500
8.3405 -11.1500
10.7722 -11.1500
13.9128 -11.1500
17.9691 -11.1500
23.2079 -11.1500
29.9742 -11.1500
38.7132 -11.1500
50.0000 -11.1500
0.0000 -11.7000
0.2500 -11.7000
0.5000 -11.7000
0.7500 -11.7000
1.0000 -11.7000
1.2500 -11.7000
1.5000 -11.7000
1.7500 -11.7000
2.0000 -11.7000
2.2500 -11.7000
2.5000 -11.7000
2.7500 -11.7000
3.0000 -11.7000
3.2500 -11.7000
3.5000 -11.7000
3.7500 -11.7000
4.0000 -11.7000
4.2500 -11.7000
4.5000 -11.7000
4.7500 -11.7000
5.0000 -11.7000
5.7289 -11.7000
6.4577 -11.7000
7.3991 -11.7000
8.3405 -11.7000
9.5563 -11.7000
10.7722 -11.7000
12.3425 -11.7000
13.9128 -11.7000
15.9409 -11.7000
17.9691 -11.7000
20.5885 -11.7000
23.2079 -11.7000
26.5911 -11.7000
29.9742 -11.7000
34.3437 -11.7000
38.7132 -11.7000
44.3566 -11.7000
50.0000 -11.7000
0.0000 -12.2500
0.5000 -12.2500
1.0000 -12.2500
1.5000 -12.2500
2.0000 -12.2500
2.5000 -12.2500
3.0000 -12.2500
3.5000 -12.2500
4.0000 -12.2500
4.5000 -12.2500
5.0000 -12.2500
6.4577 -12.2500
8.3405 -12.2500
10.7722 -12.2500
13.9128 -12.2500
17.9691 -12.2500
23.2079 -12.2500
29.9742 -12.2500
38.7132 -12.2500
50.0000 -12.2500
0.0000 -12.8000
0.2500 -12.8000
0.5000 -12.8000
0.7500 -12.8000
1.0000 -12.8000
1.2500 -12.8000
1.5000 -12.8000
1.7500 -12.8000
2.0000 -12.8000
2.2500 -12.8000
2.5000 -12.8000
2.7500 -12.8000
3.0000 -12.8000
3.2500 -12.8000
3.5000 -12.8000
3.7500 -12.8000
4.0000 -12.8000
4.2500 -12.8000
4.5000 -12.8000
4.7500 -12.8000
5.0000 -12.8000
5.7289 -12.8000
6.4577 -12.8000
7.3991 -12.8000
8.3405 -12.8000
9.5563 -12.8000
10.7722 -12.8000
12.3425 -12.8000
13.9128 -12.8000
15.9409 -12.8000
17.9691 -12.8000
20.5885 -12.8000
23.2079 -12.8000
26.5911 -12.8000
29.9742 -12.8000
34.3437 -12.8000
38.7132 -12.8000
44.3566 -12.8000
50.0000 -12.8000
0.0000 -13.3500
0.5000 -13.3500
1.0000 -13.3500
1.5000 -13.3500
2.0000 -13.3500
2.5000 -13.3500
3.0000 -13.3500
3.5000 -13.3500
4.0000 -13.3500
4.5000 -13.3500
5.0000 -13.3500
6.4577 -13.3500
8.3405 -13.3500
10.7722 -13.3500
13.9128 -13.3500
17.9691 -13.3500
23.2079 -13.3500
29.9742 -13.3500
38.7132 -13.3500
50.0000 -13.3500
0.0000 -13.9000
0.2500 -13.9000
0.5000 -13.9000
0.7500 -13.9000
1.0000 -13.9000
1.2500 -13.9000
1.5000 -13.9000
1.7500 -13.9000
2.0000 -13.9000
2.2500 -13.9000
2.5000 -13.9000
2.7500 -13.9000
3.0000 -13.9000
3.2500 -13.9000
3.5000 -13.9000
3.7500 -13.9000
4.0000 -13.9000
4.2500 -13.9000
4.5000 -13.9000
4.7500 -13.9000
5.0000 -13.9000
5.7289 -13.9000
6.4577 -13.9000
7.3991 -13.9000
8.3405 -13.9000
9.5563 -13.9000
10.7722 -13.9000
12.3425 -13.9000
13.9128 -13.9000
15.9409 -13.9000
17.9691 -13.9000
20.5885 -13.9000
23.2079 -13.9000
26.5911 -13.9000
29.9742 -13.9000
34.3437 -13.9000
38.7132 -13.9000
44.3566 -13.9000
50.0000 -13.9000
0.0000 -14.4500
0.5000 -14.4500
1.0000 -14.4500
1.5000 -14.4500
2.0000 -14.4500
2.5000 -14.4500
3.0000 -14.4500
3.5000 -14.4500
4.0000 -14.4500
4.5000 -14.4500
5.0000 -14.4500
6.4577 -14.4500
8.3405 -14.4500
10.7722 -14.4500
13.9128 -14.4500
17.9691 -14.4500
23.2079 -14.4500
29.9742 -14.4500
38.7132 -14.4500
50.0000 -14.4500
0.0000 -15.0000
0.2500 -15.0000
0.5000 -15.0000
0.7500 -15.0000
1.0000 -15.0000
1.2500 -15.0000
1.5000 -15.0000
1.7500 -15.0000
2.0000 -15.0000
2.2500 -15.0000
2.5000 -15.0000
2.7500 -15.0000
3.0000 -15.0000
3.2500 -15.0000
3.5000 -15.0000
3.7500 -15.0000
4.0000 -15.0000
4.2500 -15.0000
4.5000 -15.0000
4.7500 -15.0000
5.0000 -15.0000
5.7289 -15.0000
6.4577 -15.0000
7.3991 -15.0000
8.3405 -15.0000
9.5563 -15.0000
10.7722 -15.0000
12.3425 -15.0000
13.9128 -15.0000
15.9409 -15.0000
17.9691 -15.0000
20.5885 -15.0000
23.2079 -15.0000
26.5911 -15.0000
29.9742 -15.0000
34.3437 -15.0000
38.7132 -15.0000
44.3566 -15.0000
50.0000 -15.0000
0.0000 -19.2500
0.5000 -19.2500
1.0000 -19.2500
1.5000 -19.2500
2.0000 -19.2500
2.5000 -19.2500
3.0000 -19.2500
3.5000 -19.2500
4.0000 -19.2500
4.5000 -19.2500
5.0000 -19.2500
6.4577 -19.2500
8.3405 -19.2500
10.7722 -19.2500
13.9128 -19.2500
17.9691 -19.2500
23.2079 -19.2500
29.9742 -19.2500
38.7132 -19.2500
50.0000 -19.2500
0.0000 -23.5000
0.2500 -23.5000
0.5000 -23.5000
0.7500 -23.5000
1.0000 -23.5000
1.2500 -23.5000
1.5000 -23.5000
1.7500 -23.5000
2.0000 -23.5000
2.2500 -23.5000
2.5000 -23.5000
2.7500 -23.5000
3.0000 -23.5000
3.2500 -23.5000
3.5000 -23.5000
3.7500 -23.5000
4.0000 -23.5000
4.2500 -23.5000
4.5000 -23.5000
4.7500 -23.5000
5.0000 -23.5000
5.7289 -23.5000
6.4577 -23.5000
7.3991 -23.5000
8.3405 -23.5000
9.5563 -23.5000
10.7722 -23.5000
12.3425 -23.5000
13.9128 -23.5000
15.9409 -23.5000
17.9691 -23.5000
20.5885 -23.5000
23.2079 -23.5000
26.5911 -23.5000
29.9742 -23.5000
34.3437 -23.5000
38.7132 -23.5000
44.3566 -23.5000
50.0000 -23.5000
0.0000 -27.7500
0.5000 -27.7500
1.0000 -27.7500
1.5000 -27.7500
2.0000 -27.7500
2.5000 -27.7500
3.0000 -27.7500
3.5000 -27.7500
4.0000 -27.7500
4.5000 -27.7500
5.0000 -27.7500
6.4577 -27.7500
8.3405 -27.7500
10.7722 -27.7500
13.9128 -27.7500
17.9691 -27.7500
23.2079 -27.7500
29.9742 -27.7500
38.7132 -27.7500
50.0000 -27.7500
0.0000 -32.0000
0.2500 -32.0000
0.5000 -32.0000
0.7500 -32.0000
1.0000 -32.0000
1.2500 -32.0000
1.5000 -32.0000
1.7500 -32.0000
2.0000 -32.0000
2.2500 -32.0000
2.5000 -32.0000
2.7500 -32.0000
3.0000 -32.0000
3.2500 -32.0000
3.5000 -32.0000
3.7500 -32.0000
4.0000 -32.0000
4.2500 -32.0000
4.5000 -32.0000
4.7500 -32.0000
5.0000 -32.0000
5.7289 -32.0000
6.4577 -32.0000
7.3991 -32.0000
8.3405 -32.0000
9.5563 -32.0000
10.7722 -32.0000
12.3425 -32.0000
13.9128 -32.0000
15.9409 -32.0000
17.9691 -32.0000
20.5885 -32.0000
23.2079 -32.0000
26.5911 -32.0000
29.9742 -32.0000
34.3437 -32.0000
38.7132 -32.0000
44.3566 -32.0000
50.0000 -32.0000
0.0000 -36.2500
0.5000 -36.2500
1.0000 -36.2500
1.5000 -36.2500
2.0000 -36.2500
2.5000 -36.2500
3.0000 -36.2500
3.5000 -36.2500
4.0000 -36.2500
4.5000 -36.2500
5.0000 -36.2500
6.4577 -36.2500
8.3405 -36.2500
10.7722 -36.2500
13.9128 -36.2500
17.9691 -36.2500
23.2079 -36.2500
29.9742 -36.2500
38.7132 -36.2500
50.0000 -36.2500
0.0000 -40.5000
0.2500 -40.5000
0.5000 -40.5000
0.7500 -40.5000
1.0000 -40.5000
1.2500 -40.5000
1.5000 -40.5000
1.7500 -40.5000
2.0000 -40.5000
2.2500 -40.5000
2.5000 -40.5000
2.7500 -40.5000
3.0000 -40.5000
3.2500 -40.5000
3.5000 -40.5000
3.7500 -40.5000
4.0000 -40.5000
4.2500 -40.5000
4.5000 -40.5000
4.7500 -40.5000
5.0000 -40.5000
5.7289 -40.5000
6.4577 -40.5000
7.3991 -40.5000
8.3405 -40.5000
9.5563 -40.5000
10.7722 -40.5000
12.3425 -40.5000
13.9128 -40.5000
15.9409 -40.5000
17.9691 -40.5000
20.5885 -40.5000
23.2079 -40.5000
26.5911 -40.5000
29.9742 -40.5000
34.3437 -40.5000
38.7132 -40.5000
44.3566 -40.5000
50.0000 -40.5000
0.0000 -44.7500
0.5000 -44.7500
1.0000 -44.7500
1.5000 -44.7500
2.0000 -44.7500
2.5000 -44.7500
3.0000 -44.7500
3.5000 -44.7500
4.0000 -44.7500
4.5000 -44.7500
5.0000 -44.7500
6.4577 -44.7500
8.3405 -44.7500
10.7722 -44.7500
13.9128 -44.7500
17.9691 -44.7500
23.2079 -44.7500
29.9742 -44.7500
38.7132 -44.7500
50.0000 -44.7500
0.0000 -49.0000
0.2500 -49.0000
0.5000 -49.0000
0.7500 -49.0000
1.0000 -49.0000
1.2500 -49.0000
1.5000 -49.0000
1.7500 -49.0000
2.0000 -49.0000
2.2500 -49.0000
2.5000 -49.0000
2.7500 -49.0000
3.0000 -49.0000
3.2500 -49.0000
3.5000 -49.0000
3.7500 -49.0000
4.0000 -49.0000
4.2500 -49.0000
4.5000 -49.0000
4.7500 -49.0000
5.0000 -49.0000
5.7289 -49.0000
6.4577 -49.0000
7.3991 -49.0000
8.3405 -49.0000
9.5563 -49.0000
10.7722 -49.0000
12.3425 -49.0000
13.9128 -49.0000
15.9409 -49.0000
17.9691 -49.0000
20.5885 -49.0000
23.2079 -49.0000
26.5911 -49.0000
29.9742 -49.0000
34.3437 -49.0000
38.7132 -49.0000
44.3566 -49.0000
50.0000 -49.0000
0.0000 -53.2500
0.5000 -53.2500
1.0000 -53.2500
1.5000 -53.2500
2.0000 -53.2500
2.5000 -53.2500
3.0000 -53.2500
3.5000 -53.2500
4.0000 -53.2500
4.5000 -53.2500
5.0000 -53.2500
6.4577 -53.2500
8.3405 -53.2500
10.7722 -53.2500
13.9128 -53.2500
17.9691 -53.2500
23.2079 -53.2500
29.9742 -53.2500
38.7132 -53.2500
50.0000 -53.2500
0.0000 -57.5000
0.2500 -57.5000
0.5000 -57.5000
0.7500 -57.5000
1.0000 -57.5000
1.2500 -57.5000
1.5000 -57.5000
1.7500 -57.5000
2.0000 -57.5000
2.2500 -57.5000
2.5000 -57.5000
2.7500 -57.5000
3.0000 -57.5000
3.2500 -57.5000
3.5000 -57.5000
3.7500 -57.5000
4.0000 -57.5000
4.2500 -57.5000
4.5000 -57.5000
4.7500 -57.5000
5.0000 -57.5000
5.7289 -57.5000
6.4577 -57.5000
7.3991 -57.5000
8.3405 -57.5000
9.5563 -57.5000
10.7722 -57.5000
12.3425 -57.5000
13.9128 -57.5000
15.9409 -57.5000
17.9691 -57.5000
20.5885 -57.5000
23.2079 -57.5000
26.5911 -57.5000
29.9742 -57.5000
34.3437 -57.5000
38.7132 -57.5000
44.3566 -57.5000
50.0000 -57.5000
0.0000 -61.7500
0.5000 -61.7500
1.0000 -61.7500
1.5000 -61.7500
2.0000 -61.7500
2.5000 -61.7500
3.0000 -61.7500
3.5000 -61.7500
4.0000 -61.7500
4.5000 -61.7500
5.0000 -61.7500
6.4577 -61.7500
8.3405 -61.7500
10.7722 -61.7500
13.9128 -61.7500
17.9691 -61.7500
23.2079 -61.7500
29.9742 -61.7500
38.7132 -61.7500
50.0000 -61.7500
0.0000 -66.0000
0.2500 -66.0000
0.5000 -66.0000
0.7500 -66.0000
1.0000 -66.0000
1.2500 -66.0000
1.5000 -66.0000
1.7500 -66.0000
2.0000 -66.0000
2.2500 -66.0000
2.5000 -66.0000
2.7500 -66.0000
3.0000 -66.0000
3.2500 -66.0000
3.5000 -66.0000
3.7500 -66.0000
4.0000 -66.0000
4.2500 -66.0000
4.5000 -66.0000
4.7500 -66.0000
5.0000 -66.0000
5.7289 -66.0000
6.4577 -66.0000
7.3991 -66.0000
8.3405 -66.0000
9.5563 -66.0000
10.7722 -66.0000
12.3425 -66.0000
13.9128 -66.0000
15.9409 -66.0000
17.9691 -66.0000
20.5885 -66.0000
23.2079 -66.0000
26.5911 -66.0000
29.9742 -66.0000
34.3437 -66.0000
38.7132 -66.0000
44.3566 -66.0000
50.0000 -66.0000
0.0000 -70.2500
0.5000 -70.2500
1.0000 -70.2500
1.5000 -70.2500
2.0000 -70.2500
2.5000 -70.2500
3.0000 -70.2500
3.5000 -70.2500
4.0000 -70.2500
4.5000 -70.2500
5.0000 -70.2500
6.4577 -70.2500
8.3405 -70.2500
10.7722 -70.2500
13.9128 -70.2500
17.9691 -70.2500
23.2079 -70.2500
29.9742 -70.2500
38.7132 -70.2500
50.0000 -70.2500
0.0000 -74.5000
0.2500 -74.5000
0.5000 -74.5000
0.7500 -74.5000
1.0000 -74.5000
1.2500 -74.5000
1.5000 -74.5000
1.7500 -74.5000
2.0000 -74.5000
2.2500 -74.5000
2.5000 -74.5000
2.7500 -74.5000
3.0000 -74.5000
3.2500 -74.5000
3.5000 -74.5000
3.7500 -74.5000
4.0000 -74.5000
4.2500 -74.5000
4.5000 -74.5000
4.7500 -74.5000
5.0000 -74.5000
5.7289 -74.5000
6.4577 -74.5000
7.3991 -74.5000
8.3405 -74.5000
9.5563 -74.5000
10.7722 -74.5000
12.3425 -74.5000
13.9128 -74.5000
15.9409 -74.5000
17.9691 -74.5000
20.5885 -74.5000
23.2079 -74.5000
26.5911 -74.5000
29.9742 -74.5000
34.3437 -74.5000
38.7132 -74.5000
44.3566 -74.5000
50.0000 -74.5000
0.0000 -78.7500
0.5000 -78.7500
1.0000 -78.7500
1.5000 -78.7500
2.0000 -78.7500
2.5000 -78.7500
3.0000 -78.7500
3.5000 -78.7500
4.0000 -78.7500
4.5000 -78.7500
5.0000 -78.7500
6.4577 -78.7500
8.3405 -78.7500
10.7722 -78.7500
13.9128 -78.7500
17.9691 -78.7500
23.2079 -78.7500
29.9742 -78.7500
38.7132 -78.7500
50.0000 -78.7500
0.0000 -83.0000
0.2500 -83.0000
0.5000 -83.0000
0.7500 -83.0000
1.0000 -83.0000
1.2500 -83.0000
1.5000 -83.0000
1.7500 -83.0000
2.0000 -83.0000
2.2500 -83.0000
2.5000 -83.0000
2.7500 -83.0000
3.0000 -83.0000
3.2500 -83.0000
3.5000 -83.0000
3.7500 -83.0000
4.0000 -83.0000
4.2500 -83.0000
4.5000 -83.0000
4.7500 -83.0000
5.0000 -83.0000
5.7289 -83.0000
6.4577 -83.0000
7.3991 -83.0000
8.3405 -83.0000
9.5563 -83.0000
10.7722 -83.0000
12.3425 -83.0000
13.9128 -83.0000
15.9409 -83.0000
17.9691 -83.0000
20.5885 -83.0000
23.2079 -83.0000
26.5911 -83.0000
29.9742 -83.0000
34.3437 -83.0000
38.7132 -83.0000
44.3566 -83.0000
50.0000 -83.0000
0.0000 -87.2500
0.5000 -87.2500
1.0000 -87.2500
1.5000 -87.2500
2.0000 -87.2500
2.5000 -87.2500
3.0000 -87.2500
3.5000 -87.2500
4.0000 -87.2500
4.5000 -87.2500
5.0000 -87.2500
6.4577 -87.2500
8.3405 -87.2500
10.7722 -87.2500
13.9128 -87.2500
17.9691 -87.2500
23.2079 -87.2500
29.9742 -87.2500
38.7132 -87.2500
50.0000 -87.2500
0.0000 -91.5000
0.2500 -91.5000
0.5000 -91.5000
0.7500 -91.5000
1.0000 -91.5000
1.2500 -91.5000
1.5000 -91.5000
1.7500 -91.5000
2.0000 -91.5000
2.2500 -91.5000
2.5000 -91.5000
2.7500 -91.5000
3.0000 -91.5000
3.2500 -91.5000
3.5000 -91.5000
3.7500 -91.5000
4.0000 -91.5000
4.2500 -91.5000
4.5000 -91.5000
4.7500 -91.5000
5.0000 -91.5000
5.7289 -91.5000
6.4577 -91.5000
7.3991 -91.5000
8.3405 -91.5000
9.5563 -91.5000
10.7722 -91.5000
12.3425 -91.5000
13.9128 -91.5000
15.9409 -91.5000
17.9691 -91.5000
20.5885 -91.5000
23.2079 -91.5000
26.5911 -91.5000
29.9742 -91.5000
34.3437 -91.5000
38.7132 -91.5000
44.3566 -91.5000
50.0000 -91.5000
0.0000 -95.7500
0.5000 -95.7500
1.0000 -95.7500
1.5000 -95.7500
2.0000 -95.7500
2.5000 -95.7500
3.0000 -95.7500
3.5000 -95.7500
4.0000 -95.7500
4.5000 -95.7500
5.0000 -95.7500
6.4577 -95.7500
8.3405 -95.7500
10.7722 -95.7500
13.9128 -95.7500
17.9691 -95.7500
23.2079 -95.7500
29.9742 -95.7500
38.7132 -95.7500
50.0000 -95.7500
0.0000 -100.0000
0.2500 -100.0000
0.5000 -100.0000
0.7500 -100.0000
1.0000 -100.0000
1.2500 -100.0000
1.5000 -100.0000
1.7500 -100.0000
2.0000 -100.0000
2.2500 -100.0000
2.5000 -100.0000
2.7500 -100.0000
3.0000 -100.0000
3.2500 -100.0000
3.5000 -100.0000
3.7500 -100.0000
4.0000 -100.0000
4.2500 -100.0000
4.5000 -100.0000
4.7500 -100.0000
5.0000 -100.0000
5.7289 -100.0000
6.4577 -100.0000
7.3991 -100.0000
8.3405 -100.0000
9.5563 -100.0000
10.7722 -100.0000
12.3425 -100.0000
13.9128 -100.0000
15.9409 -100.0000
17.9691 -100.0000
20.5885 -100.0000
23.2079 -100.0000
26.5911 -100.0000
29.9742 -100.0000
34.3437 -100.0000
38.7132 -100.0000
44.3566 -100.0000
50.0000 -100.0000
0 189
300000.000000 0.350000 0.000000 0.000000 6.5e-6 0.000000
190 379
45000.000000 0.450000 0.000000 0.000000 6.5e-6 0.000000
380 569
7500.000000 0.400000 0.000000 0.000000 6.5e-6 0.000000
8 59 61 2 0 60 40 1 39
8 61 63 4 2 62 41 3 40
8 63 65 6 4 64 42 5 41
8 65 67 8 6 66 43 7 42
8 67 69 10 8 68 44 9 43
8 69 71 12 10 70 45 11 44
8 71 73 14 12 72 46 13 45
8 73 75 16 14 74 47 15 46
8 75 77 18 16 76 48 17 47
8 77 79 20 18 78 49 19 48
8 79 81 22 20 80 50 21 49
8 81 83 24 22 82 51 23 50
8 83 85 26 24 84 52 25 51
8 85 87 28 26 86 53 27 52
8 87 89 30 28 88 54 29 53
8 89 91 32 30 90 55 31 54
8 91 93 34 32 92 56 33 55
8 93 95 36 34 94 57 35 56
8 95 97 38 36 96 58 37 57
8 118 120 61 59 119 99 60 98
8 120 122 63 61 121 100 62 99
8 122 124 65 63 123 101 64 100
8 124 126 67 65 125 102 66 101
8 126 128 69 67 127 103 68 102
8 128 130 71 69 129 104 70 103
8 130 132 73 71 131 105 72 104
8 132 134 75 73 133 106 74 105
8 134 136 77 75 135 107 76 106
8 136 138 79 77 137 108 78 107
8 138 140 81 79 139 109 80 108
8 140 142 83 81 141 110 82 109
8 142 144 85 83 143 111 84 110
8 144 146 87 85 145 112 86 111
8 146 148 89 87 147 113 88 112
8 148 150 91 89 149 114 90 113
8 150 152 93 91 151 115 92 114
8 152 154 95 93 153 116 94 115
8 154 156 97 95 155 117 96 116
8 177 179 120 118 178 158 119 157
8 179 181 122 120 180 159 121 158
8 181 183 124 122 182 160 123 159
8 183 185 126 124 184 161 125 160
8 185 187 128 126 186 162 127 161
8 187 189 130 128 188 163 129 162
8 189 191 132 130 190 164 131 163
8 191 193 134 132 192 165 133 164
8 193 195 136 134 194 166 135 165
8 195 197 138 136 196 167 137 166
8 197 199 140 138 198 168 139 167
8 199 201 142 140 200 169 141 168
8 201 203 144 142 202 170 143 169
8 203 205 146 144 204 171 145 170
8 205 207 148 146 206 172 147 171
8 207 209 150 148 208 173 149 172
8 209 211 152 150 210 174 151 173
8 211 213 154 152 212 175 153 174
8 213 215 156 154 214 176 155 175
8 236 238 179 177 237 217 178 216
8 238 240 181 179 239 218 180 217
8 240 242 183 181 241 219 182 218
8 242 244 185 183 243 220 184 219
8 244 246 187 185 245 221 186 220
8 246 248 189 187 247 222 188 221
8 248 250 191 189 249 223 190 222
8 250 252 193 191 251 224 192 223
8 252 254 195 193 253 225 194 224
8 254 256 197 195 255 226 196 225
8 256 258 199 197 257 227 198 226
8 258 260 201 199 259 228 200 227
8 260 262 203 201 261 229 202 228
8 262 264 205 203 263 230 204 229
8 264 266 207 205 265 231 206 230
8 266 268 209 207 267 232 208 231
8 268 270 211 209 269 233 210 232
8 270 272 213 211 271 234 212 233
8 272 274 215 213 273 235 214 234
8 295 297 238 236 296 276 237 275
8 297 299 240 238 298 277 239 276
8 299 301 242 240 300 278 241 277
8 301 303 244 242 302 279 243 278
8 303 305 246 244 304 280 245 279
8 305 307 248 246 306 281 247 280
8 307 309 250 248 308 282 249 281
8 309 311 252 250 310 283 251 282
8 311 313 254 252 312 284 253 283
8 313 315 256 254 314 285 255 284
8 315 317 258 256 316 286 257 285
8 317 319 260 258 318 287 259 286
8 319 321 262 260 320 288 261 287
8 321 323 264 262 322 289 263 288
8 323 325 266 264 324 290 265 289
8 325 327 268 266 326 291 267 290
8 327 329 270 268 328 292 269 291
8 329 331 272 270 330 293 271 292
8 331 333 274 272 332 294 273 293
8 354 356 297 295 355 335 296 334
8 356 358 299 297 357 336 298 335
8 358 360 301 299 359 337 300 336
8 360 362 303 301 361 338 302 337
8 362 364 305 303 363 339 304 338
8 364 366 307 305 365 340 306 339
8 366 368 309 307 367 341 308 340
8 368 370 311 309 369 342 310 341
8 370 372 313 311 371 343 312 342
8 372 374 315 313 373 344 314 343
8 374 376 317 315 375 345 316 344
8 376 378 319 317 377 346 318 345
8 378 380 321 319 379 347 320 346
8 380 382 323 321 381 348 322 347
8 382 384 325 323 383 349 324 348
8 384 386 327 325 385 350 326 349
8 386 388 329 327 387 351 328 350
8 388 390 331 329 389 352 330 351
8 390 392 333 331 391 353 332 352
8 413 415 356 354 414 394 355 393
8 415 417 358 356 416 395 357 394
8 417 419 360 358 418 396 359 395
8 419 421 362 360 420 397 361 396
8 421 423 364 362 422 398 363 397
8 423 425 366 364 424 399 365 398
8 425 427 368 366 426 400 367 399
8 427 429 370 368 428 401 369 400
8 429 431 372 370 430 402 371 401
8 431 433 374 372 432 403 373 402
8 433 435 376 374 434 404 375 403
8 435 437 378 376 436 405 377 404
8 437 439 380 378 438 406 379 405
8 439 441 382 380 440 407 381 406
8 441 443 384 382 442 408 383 407
8 443 445 386 384 444 409 385 408
8 445 447 388 386 446 410 387 409
8 447 449 390 388 448 411 389 410
8 449 451 392 390 450 412 391 411
8 472 474 415 413 473 453 414 452
8 474 476 417 415 475 454 416 453
8 476 478 419 417 477 455 418 454
8 478 480 421 419 479 456 420 455
8 480 482 423 421 481 457 422 456
8 482 484 425 423 483 458 424 457
8 484 486 427 425 485 459 426 458
8 486 488 429 427 487 460 428 459
8 488 490 431 429 489 461 430 460
8 490 492 433 431 491 462 432 461
8 492 494 435 433 493 463 434 462
8 494 496 437 435 495 464 436 463
8 496 498 439 437 497 465 438 464
8 498 500 441 439 499 466 440 465
8 500 502 443 441 501 467 442 466
8 502 504 445 443 503 468 444 467
8 504 506 447 445 505 469 446 468
8 506 508 449 447 507 470 448 469
8 508 510 451 449 509 471 450 470
8 531 533 474 472 532 512 473 511
8 533 535 476 474 534 513 475 512
8 535 537 478 476 536 514 477 513
8 537 539 480 478 538 515 479 514
8 539 541 482 480 540 516 481 515
8 541 543 484 482 542 517 483 516
8 543 545 486 484 544 518 485 517
8 545 547 488 486 546 519 487 518
8 547 549 490 488 548 520 489 519
8 549 551 492 490 550 521 491 520
8 551 553 494 492 552 522 493 521
8 553 555 496 494 554 523 495 522
8 555 557 498 496 556 524 497 523
8 557 559 500 498 558 525 499 524
8 559 561 502 500 560 526 501 525
8 561 563 504 502 562 527 503 526
8 563 565 506 504 564 528 505 527
8 565 567 508 506 566 529 507 528
8 567 569 510 508 568 530 509 529
8 590 592 533 531 591 571 532 570
8 592 594 535 533 593 572 534 571
8 594 596 537 535 595 573 536 572
8 596 598 539 537 597 574 538 573
8 598 600 541 539 599 575 540 574
8 600 602 543 541 601 576 542 575
8 602 604 545 543 603 577 544 576
8 604 606 547 545 605 578 546 577
8 606 608 549 547 607 579 548 578
8 608 610 551 549 609 580 550 579
8 610 612 553 551 611 581 552 580
8 612 614 555 553 613 582 554 581
8 614 616 557 555 615 583 556 582
8 616 618 559 557 617 584 558 583
8 618 620 561 559 619 585 560 584
8 620 622 563 561 621 586 562 585
8 622 624 565 563 623 587 564 586
8 624 626 567 565 625 588 566 587
8 626 628 569 567 627 589 568 588
8 649 651 592 590 650 630 591 629
8 651 653 594 592 652 631 593 630
8 653 655 596 594 654 632 595 631
8 655 657 598 596 656 633 597 632
8 657 659 600 598 658 634 599 633
8 659 661 602 600 660 635 601 634
8 661 663 604 602 662 636 603 635
8 663 665 606 604 664 637 605 636
8 665 667 608 606 666 638 607 637
8 667 669 610 608 668 639 609 638
8 669 671 612 610 670 640 611 639
8 671 673 614 612 672 641 613 640
8 673 675 616 614 674 642 615 641
8 675 677 618 616 676 643 617 642
8 677 679 620 618 678 644 619 643
8 679 681 622 620 680 645 621 644
8 681 683 624 622 682 646 623 645
8 683 685 626 624 684 647 625 646
8 685 687 628 626 686 648 627 647
8 708 710 651 649 709 689 650 688
8 710 712 653 651 711 690 652 689
8 712 714 655 653 713 691 654 690
8 714 716 657 655 715 692 656 691
8 716 718 659 657 717 693 658 692
8 718 720 661 659 719 694 660 693
8 720 722 663 661 721 695 662 694
8 722 724 665 663 723 696 664 695
8 724 726 667 665 725 697 666 696
8 726 728 669 667 727 698 668 697
8 728 730 671 669 729 699 670 698
8 730 732 673 671 731 700 672 699
8 732 734 675 673 733 701 674 700
8 734 736 677 675 735 702 676 701
8 736 738 679 677 737 703 678 702
8 738 740 681 679 739 704 680 703
8 740 742 683 681 741 705 682 704
8 742 744 685 683 743 706 684 705
8 744 746 687 685 745 707 686 706
8 767 769 710 708 768 748 709 747
8 769 771 712 710 770 749 711 748
8 771 773 714 712 772 750 713 749
8 773 775 716 714 774 751 715 750
8 775 777 718 716 776 752 717 751
8 777 779 720 718 778 753 719 752
8 779 781 722 720 780 754 721 753
8 781 783 724 722 782 755 723 754
8 783 785 726 724 784 756 725 755
8 785 787 728 726 786 757 727 756
8 787 789 730 728 788 758 729 757
8 789 791 732 730 790 759 731 758
8 791 793 734 732 792 760 733 759
8 793 795 736 734 794 761 735 760
8 795 797 738 736 796 762 737 761
8 797 799 740 738 798 763 739 762
8 799 801 742 740 800 764 741 763
8 801 803 744 742 802 765 743 764
8 803 805 746 744 804 766 745 765
8 826 828 769 767 827 807 768 806
8 828 830 771 769 829 808 770 807
8 830 832 773 771 831 809 772 808
8 832 834 775 773 833 810 774 809
8 834 836 777 775 835 811 776 810
8 836 838 779 777 837 812 778 811
8 838 840 781 779 839 813 780 812
8 840 842 783 781 841 814 782 813
8 842 844 785 783 843 815 784 814
8 844 846 787 785 845 816 786 815
8 846 848 789 787 847 817 788 816
8 848 850 791 789 849 818 790 817
8 850 852 793 791 851 819 792 818
8 852 854 795 793 853 820 794 819
8 854 856 797 795 855 821 796 820
8 856 858 799 797 857 822 798 821
8 858 860 801 799 859 823 800 822
8 860 862 803 801 861 824 802 823
8 862 864 805 803 863 825 804 824
8 885 887 828 826 886 866 827 865
8 887 889 830 828 888 867 829 866
8 889 891 832 830 890 868 831 867
8 891 893 834 832 892 869 833 868
8 893 895 836 834 894 870 835 869
8 895 897 838 836 896 871 837 870
8 897 899 840 838 898 872 839 871
8 899 901 842 840 900 873 841 872
8 901 903 844 842 902 874 843 873
8 903 905 846 844 904 875 845 874
8 905 907 848 846 906 876 847 875
8 907 909 850 848 908 877 849 876
8 909 911 852 850 910 878 851 877
8 911 913 854 852 912 879 853 878
8 913 915 856 854 914 880 855 879
8 915 917 858 856 916 881 857 880
8 917 919 860 858 918 882 859 881
8 919 921 862 860 920 883 861 882
8 921 923 864 862 922 884 863 883
8 944 946 887 885 945 925 886 924
8 946 948 889 887 947 926 888 925
8 948 950 891 889 949 927 890 926
8 950 952 893 891 951 928 892 927
8 952 954 895 893 953 929 894 928
8 954 956 897 895 955 930 896 929
8 956 958 899 897 957 931 898 930
8 958 960 901 899 959 932 900 931
8 960 962 903 901 961 933 902 932
8 962 964 905 903 963 934 904 933
8 964 966 907 905 965 935 906 934
8 966 968 909 907 967 936 908 935
8 968 970 911 909 969 937 910 936
8 970 972 913 911 971 938 912 937
8 972 974 915 913 973 939 914 938
8 974 976 917 915 975 940 916 939
8 976 978 919 917 977 941 918 940
8 978 980 921 919 979 942 920 941
8 980 982 923 921 981 943 922 942
8 1003 1005 946 944 1004 984 945 983
8 1005 1007 948 946 1006 985 947 984
8 1007 1009 950 948 1008 986 949 985
8 1009 1011 952 950 1010 987 951 986
8 1011 1013 954 952 1012 988 953 987
8 1013 1015 956 954 1014 989 955 988
8 1015 1017 958 956 1016 990 957 989
8 1017 1019 960 958 1018 991 959 990
8 1019 1021 962 960 1020 992 961 991
8 1021 1023 964 962 1022 993 963 992
8 1023 1025 966 964 1024 994 965 993
8 1025 1027 968 966 1026 995 967 994
8 1027 1029 970 968 1028 996 969 995
8 1029 1031 972 970 1030 997 971 996
8 1031 1033 974 972 1032 998 973 997
8 1033 1035 976 974 1034 999 975 998
8 1035 1037 978 976 1036 1000 977 999
8 1037 1039 980 978 1038 1001 979 1000
8 1039 1041 982 980 1040 1002 981 1001
8 1062 1064 1005 1003 1063 1043 1004 1042
8 1064 1066 1007 1005 1065 1044 1006 1043
8 1066 1068 1009 1007 1067 1045 1008 1044
8 1068 1070 1011 1009 1069 1046 1010 1045
8 1070 1072 1013 1011 1071 1047 1012 1046
8 1072 1074 1015 1013 1073 1048 1014 1047
8 1074 1076 1017 1015 1075 1049 1016 1048
8 1076 1078 1019 1017 1077 1050 1018 1049
8 1078 1080 1021 1019 1079 1051 1020 1050
8 1080 1082 1023 1021 1081 1052 1022 1051
8 1082 1084 1025 1023 1083 1053 1024 1052
8 1084 1086 1027 1025 1085 1054 1026 1053
8 1086 1088 1029 1027 1087 1055 1028 1054
8 1088 1090 1031 1029 1089 1056 1030 1055
8 1090 1092 1033 1031 1091 1057 1032 1056
8 1092 1094 1035 1033 1093 1058 1034 1057
8 1094 1096 1037 1035 1095 1059 1036 1058
8 1096 1098 1039 1037 1097 1060 1038 1059
8 1098 1100 1041 1039 1099 1061 1040 1060
8 1121 1123 1064 1062 1122 1102 1063 1101
8 1123 1125 1066 1064 1124 1103 1065 1102
8 1125 1127 1068 1066 1126 1104 1067 1103
8 1127 1129 1070 1068 1128 1105 1069 1104
8 1129 1131 1072 1070 1130 1106 1071 1105
8 1131 1133 1074 1072 1132 1107 1073 1106
8 1133 1135 1076 1074 1134 1108 1075 1107
8 1135 1137 1078 1076 1136 1109 1077 1108
8 1137 1139 1080 1078 1138 1110 1079 1109
8 1139 1141 1082 1080 1140 1111 1081 1110
8 1141 1143 1084 1082 1142 1112 1083 1111
8 1143 1145 1086 1084 1144 1113 1085 1112
8 1145 1147 1088 1086 1146 1114 1087 1113
8 1147 1149 1090 1088 1148 1115 1089 1114
8 1149 1151 1092 1090 1150 1116 1091 1115
8 1151 1153 1094 1092 1152 1117 1093 1116
8 1153 1155 1096 1094 1154 1118 1095 1117
8 1155 1157 1098 1096 1156 1119 1097 1118
8 1157 1159 1100 1098 1158 1120 1099 1119
8 1180 1182 1123 1121 1181 1161 1122 1160
8 1182 1184 1125 1123 1183 1162 1124 1161
8 1184 1186 1127 1125 1185 1163 1126 1162
8 1186 1188 1129 1127 1187 1164 1128 1163
8 1188 1190 1131 1129 1189 1165 1130 1164
8 1190 1192 1133 1131 1191 1166 1132 1165
8 1192 1194 1135 1133 1193 1167 1134 1166
8 1194 1196 1137 1135 1195 1168 1136 1167
8 1196 1198 1139 1137 1197 1169 1138 1168
8 1198 1200 1141 1139 1199 1170 1140 1169
8 1200 1202 1143 1141 1201 1171 1142 1170
8 1202 1204 1145 1143 1203 1172 1144 1171
8 1204 1206 1147 1145 1205 1173 1146 1172
8 1206 1208 1149 1147 1207 1174 1148 1173
8 1208 1210 1151 1149 1209 1175 1150 1174
8 1210 1212 1153 1151 1211 1176 1152 1175
8 1212 1214 1155 1153 1213 1177 1154 1176
8 1214 1216 1157 1155 1215 1178 1156 1177
8 1216 1218 1159 1157 1217 1179 1158 1178
8 1239 1241 1182 1180 1240 1220 1181 1219
8 1241 1243 1184 1182 1242 1221 1183 1220
8 1243 1245 1186 1184 1244 1222 1185 1221
8 1245 1247 1188 1186 1246 1223 1187 1222
8 1247 1249 1190 1188 1248 1224 1189 1223
8 1249 1251 1192 1190 1250 1225 1191 1224
8 1251 1253 1194 1192 1252 1226 1193 1225
8 1253 1255 1196 1194 1254 1227 1195 1226
8 1255 1257 1198 1196 1256 1228 1197 1227
8 1257 1259 1200 1198 1258 1229 1199 1228
8 1259 1261 1202 1200 1260 1230 1201 1229
8 1261 1263 1204 1202 1262 1231 1203 1230
8 1263 1265 1206 1204 1264 1232 1205 1231
8 1265 1267 1208 1206 1266 1233 1207 1232
8 1267 1269 1210 1208 1268 1234 1209 1233
8 1269 1271 1212 1210 1270 1235 1211 1234
8 1271 1273 1214 1212 1272 1236 1213 1235
8 1273 1275 1216 1214 1274 1237 1215 1236
8 1275 1277 1218 1216 1276 1238 1217 1237
8 1298 1300 1241 1239 1299 1279 1240 1278
8 1300 1302 1243 1241 1301 1280 1242 1279
8 1302 1304 1245 1243 1303 1281 1244 1280
8 1304 1306 1247 1245 1305 1282 1246 1281
8 1306 1308 1249 1247 1307 1283 1248 1282
8 1308 1310 1251 1249 1309 1284 1250 1283
8 1310 1312 1253 1251 1311 1285 1252 1284
8 1312 1314 1255 1253 1313 1286 1254 1285
8 1314 1316 1257 1255 1315 1287 1256 1286
8 1316 1318 1259 1257 1317 1288 1258 1287
8 1318 1320 1261 1259 1319 1289 1260 1288
8 1320 1322 1263 1261 1321 1290 1262 1289
8 1322 1324 1265 1263 1323 1291 1264 1290
8 1324 1326 1267 1265 1325 1292 1266 1291
8 1326 1328 1269 1267 1327 1293 1268 1292
8 1328 1330 1271 1269 1329 1294 1270 1293
8 1330 1332 1273 1271 1331 1295 1272 1294
8 1332 1334 1275 1273 1333 1296 1274 1295
8 1334 1336 1277 1275 1335 1297 1276 1296
8 1357 1359 1300 1298 1358 1338 1299 1337
8 1359 1361 1302 1300 1360 1339 1301 1338
8 1361 1363 1304 1302 1362 1340 1303 1339
8 1363 1365 1306 1304 1364 1341 1305 1340
8 1365 1367 1308 1306 1366 1342 1307 1341
8 1367 1369 1310 1308 1368 1343 1309 1342
8 1369 1371 1312 1310 1370 1344 1311 1343
8 1371 1373 1314 1312 1372 1345 1313 1344
8 1373 1375 1316 1314 1374 1346 1315 1345
8 1375 1377 1318 1316 1376 1347 1317 1346
8 1377 1379 1320 1318 1378 1348 1319 1347
8 1379 1381 1322 1320 1380 1349 1321 1348
8 1381 1383 1324 1322 1382 1350 1323 1349
8 1383 1385 1326 1324 1384 1351 1325 1350
8 1385 1387 1328 1326 1386 1352 1327 1351
8 1387 1389 1330 1328 1388 1353 1329 1352
8 1389 1391 1332 1330 1390 1354 1331 1353
8 1391 1393 1334 1332 1392 1355 1333 1354
8 1393 1395 1336 1334 1394 1356 1335 1355
8 1416 1418 1359 1357 1417 1397 1358 1396
8 1418 1420 1361 1359 1419 1398 1360 1397
8 1420 1422 1363 1361 1421 1399 1362 1398
8 1422 1424 1365 1363 1423 1400 1364 1399
8 1424 1426 1367 1365 1425 1401 1366 1400
8 1426 1428 1369 1367 1427 1402 1368 1401
8 1428 1430 1371 1369 1429 1403 1370 1402
8 1430 1432 1373 1371 1431 1404 1372 1403
8 1432 1434 1375 1373 1433 1405 1374 1404
8 1434 1436 1377 1375 1435 1406 1376 1405
8 1436 1438 1379 1377 1437 1407 1378 1406
8 1438 1440 1381 1379 1439 1408 1380 1407
8 1440 1442 1383 1381 1441 1409 1382 1408
8 1442 1444 1385 1383 1443 1410 1384 1409
8 1444 1446 1387 1385 1445 1411 1386 1410
8 1446 1448 1389 1387 1447 1412 1388 1411
8 1448 1450 1391 1389 1449 1413 1390 1412
8 1450 1452 1393 1391 1451 1414 1392 1413
8 1452 1454 1395 1393 1453 1415 1394 1414
8 1475 1477 1418 1416 1476 1456 1417 1455
8 1477 1479 1420 1418 1478 1457 1419 1456
8 1479 1481 1422 1420 1480 1458 1421 1457
8 1481 1483 1424 1422 1482 1459 1423 1458
8 1483 1485 1426 1424 1484 1460 1425 1459
8 1485 1487 1428 1426 1486 1461 1427 1460
8 1487 1489 1430 1428 1488 1462 1429 1461
8 1489 1491 1432 1430 1490 1463 1431 1462
8 1491 1493 1434 1432 1492 1464 1433 1463
8 1493 1495 1436 1434 1494 1465 1435 1464
8 1495 1497 1438 1436 1496 1466 1437 1465
8 1497 1499 1440 1438 1498 1467 1439 1466
8 1499 1501 1442 1440 1500 1468 1441 1467
8 1501 1503 1444 1442 1502 1469 1443 1468
8 1503 1505 1446 1444 1504 1470 1445 1469
8 1505 1507 1448 1446 1506 1471 1447 1470
8 1507 1509 1450 1448 1508 1472 1449 1471
8 1509 1511 1452 1450 1510 1473 1451 1472
8 1511 1513 1454 1452 1512 1474 1453 1473
8 1534 1536 1477 1475 1535 1515 1476 1514
8 1536 1538 1479 1477 1537 1516 1478 1515
8 1538 1540 1481 1479 1539 1517 1480 1516
8 1540 1542 1483 1481 1541 1518 1482 1517
8 1542 1544 1485 1483 1543 1519 1484 1518
8 1544 1546 1487 1485 1545 1520 1486 1519
8 1546 1548 1489 1487 1547 1521 1488 1520
8 1548 1550 1491 1489 1549 1522 1490 1521
8 1550 1552 1493 1491 1551 1523 1492 1522
8 1552 1554 1495 1493 1553 1524 1494 1523
8 1554 1556 1497 1495 1555 1525 1496 1524
8 1556 1558 1499 1497 1557 1526 1498 1525
8 1558 1560 1501 1499 1559 1527 1500 1526
8 1560 1562 1503 1501 1561 1528 1502 1527
8 1562 1564 1505 1503 1563 1529 1504 1528
8 1564 1566 1507 1505 1565 1530 1506 1529
8 1566 1568 1509 1507 1567 1531 1508 1530
8 1568 1570 1511 1509 1569 1532 1510 1531
8 1570 1572 1513 1511 1571 1533 1512 1532
8 1593 1595 1536 1534 1594 1574 1535 1573
8 1595 1597 1538 1536 1596 1575 1537 1574
8 1597 1599 1540 1538 1598 1576 1539 1575
8 1599 1601 1542 1540 1600 1577 1541 1576
8 1601 1603 1544 1542 1602 1578 1543 1577
8 1603 1605 1546 1544 1604 1579 1545 1578
8 1605 1607 1548 1546 1606 1580 1547 1579
8 1607 1609 1550 1548 1608 1581 1549 1580
8 1609 1611 1552 1550 1610 1582 1551 1581
8 1611 1613 1554 1552 1612 1583 1553 1582
8 1613 1615 1556 1554 1614 1584 1555 1583
8 1615 1617 1558 1556 1616 1585 1557 1584
8 1617 1619 1560 1558 1618 1586 1559 1585
8 1619 1621 1562 1560 1620 1587 1561 1586
8 1621 1623 1564 1562 1622 1588 1563 1587
8 1623 1625 1566 1564 1624 1589 1565 1588
8 1625 1627 1568 1566 1626 1590 1567 1589
8 1627 1629 1570 1568 1628 1591 1569 1590
8 1629 1631 1572 1570 1630 1592 1571 1591
8 1652 1654 1595 1593 1653 1633 1594 1632
8 1654 1656 1597 1595 1655 1634 1596 1633
8 1656 1658 1599 1597 1657 1635 1598 1634
8 1658 1660 1601 1599 1659 1636 1600 1635
8 1660 1662 1603 1601 1661 1637 1602 1636
8 1662 1664 1605 1603 1663 1638 1604 1637
8 1664 1666 1607 1605 1665 1639 1606 1638
8 1666 1668 1609 1607 1667 1640 1608 1639
8 1668 1670 1611 1609 1669 1641 1610 1640
8 1670 1672 1613 1611 1671 1642 1612 1641
8 1672 1674 1615 1613 1673 1643 1614 1642
8 1674 1676 1617 1615 1675 1644 1616 1643
8 1676 1678 1619 1617 1677 1645 1618 1644
8 1678 1680 1621 1619 1679 1646 1620 1645
8 1680 1682 1623 1621 1681 1647 1622 1646
8 1682 1684 1625 1623 1683 1648 1624 1647
8 1684 1686 1627 1625 1685 1649 1626 1648
8 1686 1688 1629 1627 1687 1650 1628 1649
8 1688 1690 1631 1629 1689 1651 1630 1650
8 1711 1713 1654 1652 1712 1692 1653 1691
8 1713 1715 1656 1654 1714 1693 1655 1692
8 1715 1717 1658 1656 1716 1694 1657 1693
8 1717 1719 1660 1658 1718 1695 1659 1694
8 1719 1721 1662 1660 1720 1696 1661 1695
8 1721 1723 1664 1662 1722 1697 1663 1696
8 1723 1725 1666 1664 1724 1698 1665 1697
8 1725 1727 1668 1666 1726 1699 1667 1698
8 1727 1729 1670 1668 1728 1700 1669 1699
8 1729 1731 1672 1670 1730 1701 1671 1700
8 1731 1733 1674 1672 1732 1702 1673 1701
8 1733 1735 1676 1674 1734 1703 1675 1702
8 1735 1737 1678 1676 1736 1704 1677 1703
8 1737 1739 1680 1678 1738 1705 1679 1704
8 1739 1741 1682 1680 1740 1706 1681 1705
8 1741 1743 1684 1682 1742 1707 1683 1706
8 1743 1745 1686 1684 1744 1708 1685 1707
8 1745 1747 1688 1686 1746 1709 1687 1708
8 1747 1749 1690 1688 1748 1710 1689 1709
8 1770 1772 1713 1711 1771 1751 1712 1750
8 1772 1774 1715 1713 1773 1752 1714 1751
8 1774 1776 1717 1715 1775 1753 1716 1752
8 1776 1778 1719 1717 1777 1754 1718 1753
8 1778 1780 1721 1719 1779 1755 1720 1754
8 1780 1782 1723 1721 1781 1756 1722 1755
8 1782 1784 1725 1723 1783 1757 1724 1756
8 1784 1786 1727 1725 1785 1758 1726 1757
8 1786 1788 1729 1727 1787 1759 1728 1758
8 1788 1790 1731 1729 1789 1760 1730 1759
8 1790 1792 1733 1731 1791 1761 1732 1760
8 1792 1794 1735 1733 1793 1762 1734 1761
8 1794 1796 1737 1735 1795 1763 1736 1762
8 1796 1798 1739 1737 1797 1764 1738 1763
8 1798 1800 1741 1739 1799 1765 1740 1764
8 1800 1802 1743 1741 1801 1766 1742 1765
8 1802 1804 1745 1743 1803 1767 1744 1766
8 1804 1806 1747 1745 1805 1768 1746 1767
8 1806 1808 1749 1747 1807 1769 1748 1768
0 2
0 -15
1 2
0 -15
2 2
0 -15
3 2
0 -15
4 2
0 -15
5 2
0 -15
6 2
0 -15
7 2
0 -15
8 2
0 -15
9 2
0 -15
1770 1771 1772 1773 1774 1775 1776 1777 1778 1779 1780 1781 1782 1783 1784 1785 1786 1787 1788 1789 1790 1791 1792 1793 1794 1795 1796 1797 1798 1799 1800 1801 1802 1803 1804 1805 1806 1807 1808 0 38 39 58 59 97 98 117 118 156 157 176 177 215 216 235 236 274 275 294 295 333 334 353 354 392 393 412 413 451 452 471 472 510 511 530 531 569 570 589 590 628 629 648 649 687 688 707 708 746 747 766 767 805 806 825 826 864 865 884 885 923 924 943 944 982 983 1002 1003 1041 1042 1061 1062 1100 1101 1120 1121 1159 1160 1179 1180 1218 1219 1238 1239 1277 1278 1297 1298 1336 1337 1356 1357 1395 1396 1415 1416 1454 1455 1474 1475 1513 1514 1533 1534 1572 1573 1592 1593 1631 1632 1651 1652 1690 1691 1710 1711 1749 1750 1769 
0.00000 0.00000 0.00000 0.00000 0.00000 0.00000 0.00000 0.00000 0.00000 0.00000 0.00000 0.00000 0.00000 0.00000 0.00000 0.00000 0.00000 0.00000 0.00000 0.00000 0.00000 0.00000 0.00000 0.00000 0.00000 0.00000 0.00000 0.00000 0.00000 0.00000 0.00000 0.00000 0.00000 0.00000 0.00000 0.00000 0.00000 0.00000 0.00000 0.00000 0.00000 0.00000 0.00000 0.00000 0.00000 0.00000 0.00000 0.00000 0.00000 0.00000 0.00000 0.00000 0.00000 0.00000 0.00000 0.00000 0.00000 0.00000 0.00000 0.00000 0.00000 0.00000 0.00000 0.00000 0.00000 0.00000 0.00000 0.00000 0.00000 0.00000 0.00000 0.00000 0.00000 0.00000 0.00000 0.00000 0.00000 0.00000 0.00000 0.00000 0.00000 0.00000 0.00000 0.00000 0.00000 0.00000 0.00000 0.00000 0.00000 0.00000 0.00000 0.00000 0.00000 0.00000 0.00000 0.00000 0.00000 0.00000 0.00000 0.00000 0.00000 0.00000 0.00000 0.00000 0.00000 0.00000 0.00000 0.00000 0.00000 0.00000 0.00000 0.00000 0.00000 0.00000 0.00000 0.00000 0.00000 0.00000 0.00000 0.00000 0.00000 0.00000 0.00000 0.00000 0.00000 0.00000 0.00000 0.00000 0.00000 0.00000 0.00000 0.00000 0.00000 0.00000 0.00000 0.00000 0.00000 0.00000 0.00000 0.00000 0.00000 0.00000 0.00000 0.00000 0.00000 0.00000 0.00000 0.00000 0.00000 0.00000 0.00000 0.00000 0.00000 0.00000 0.00000 0.00000 0.00000 0.00000 0.00000 
1770 1771 1772 1773 1774 1775 1776 1777 1778 1779 1780 1781 1782 1783 1784 1785 1786 1787 1788 1789 1790 1791 1792 1793 1794 1795 1796 1797 1798 1799 1800 1801 1802 1803 1804 1805 1806 1807 1808 
0.00000 0.00000 0.00000 0.00000 0.00000 0.00000 0.00000 0.00000 0.00000 0.00000 0.00000 0.00000 0.00000 0.00000 0.00000 0.00000 0.00000 0.00000 0.00000 0.00000 0.00000 0.00000 0.00000 0.00000 0.00000 0.00000 0.00000 0.00000 0.00000 0.00000 0.00000 0.00000 0.00000 0.00000 0.00000 0.00000 0.00000 0.00000 0.00000 