2343 744 3 0 0 3 173 49
0.0000 0.0000
0.9850 0.0000
1.9700 0.0000
2.9550 0.0000
3.9400 0.0000
4.9250 0.0000
5.9100 0.0000
6.9550 0.0000
8.0000 0.0000
9.0000 0.0000
10.0000 0.0000
11.0000 0.0000
12.0000 0.0000
13.0000 0.0000
14.0000 0.0000
15.0000 0.0000
16.0000 0.0000
17.0000 0.0000
18.0000 0.0000
19.0000 0.0000
20.0000 0.0000
21.0000 0.0000
22.0000 0.0000
23.0000 0.0000
24.0000 0.0000
25.5000 0.0000
27.0000 0.0000
28.5000 0.0000
30.0000 0.0000
31.5000 0.0000
33.0000 0.0000
34.5000 0.0000
36.0000 0.0000
39.0000 0.0000
42.0000 0.0000
45.0000 0.0000
48.0000 0.0000
54.0000 0.0000
60.0000 0.0000
66.0000 0.0000
72.0000 0.0000
78.0000 0.0000
84.0000 0.0000
90.0000 0.0000
96.0000 0.0000
102.0000 0.0000
108.0000 0.0000
114.0000 0.0000
120.0000 0.0000
0.0000 -0.4005
1.9700 -0.4005
3.9400 -0.4005
5.9100 -0.4005
8.0000 -0.4005
10.0000 -0.4005
12.0000 -0.4005
14.0000 -0.4005
16.0000 -0.4005
18.0000 -0.4005
20.0000 -0.4005
22.0000 -0.4005
24.0000 -0.4005
27.0000 -0.4005
30.0000 -0.4005
33.0000 -0.4005
36.0000 -0.4005
42.0000 -0.4005
48.0000 -0.4005
60.0000 -0.4005
72.0000 -0.4005
84.0000 -0.4005
96.0000 -0.4005
108.0000 -0.4005
120.0000 -0.4005
0.0000 -0.8010
0.9850 -0.8010
1.9700 -0.8010
2.9550 -0.8010
3.9400 -0.8010
4.9250 -0.8010
5.9100 -0.8010
6.9550 -0.8010
8.0000 -0.8010
9.0000 -0.8010
10.0000 -0.8010
11.0000 -0.8010
12.0000 -0.8010
13.0000 -0.8010
14.0000 -0.8010
15.0000 -0.8010
16.0000 -0.8010
17.0000 -0.8010
18.0000 -0.8010
19.0000 -0.8010
20.0000 -0.8010
21.0000 -0.8010
22.0000 -0.8010
23.0000 -0.8010
24.0000 -0.8010
25.5000 -0.8010
27.0000 -0.8010
28.5000 -0.8010
30.0000 -0.8010
31.5000 -0.8010
33.0000 -0.8010
34.5000 -0.8010
36.0000 -0.8010
39.0000 -0.8010
42.0000 -0.8010
45.0000 -0.8010
48.0000 -0.8010
54.0000 -0.8010
60.0000 -0.8010
66.0000 -0.8010
72.0000 -0.8010
78.0000 -0.8010
84.0000 -0.8010
90.0000 -0.8010
96.0000 -0.8010
102.0000 -0.8010
108.0000 -0.8010
114.0000 -0.8010
120.0000 -0.8010
0.0000 -1.2015
1.9700 -1.2015
3.9400 -1.2015
5.9100 -1.2015
8.0000 -1.2015
10.0000 -1.2015
12.0000 -1.2015
14.0000 -1.2015
16.0000 -1.2015
18.0000 -1.2015
20.0000 -1.2015
22.0000 -1.2015
24.0000 -1.2015
27.0000 -1.2015
30.0000 -1.2015
33.0000 -1.2015
36.0000 -1.2015
42.0000 -1.2015
48.0000 -1.2015
60.0000 -1.2015
72.0000 -1.2015
84.0000 -1.2015
96.0000 -1.2015
108.0000 -1.2015
120.0000 -1.2015
0.0000 -1.6020
0.9850 -1.6020
1.9700 -1.6020
2.9550 -1.6020
3.9400 -1.6020
4.9250 -1.6020
5.9100 -1.6020
6.9550 -1.6020
8.0000 -1.6020
9.0000 -1.6020
10.0000 -1.6020
11.0000 -1.6020
12.0000 -1.6020
13.0000 -1.6020
14.0000 -1.6020
15.0000 -1.6020
16.0000 -1.6020
17.0000 -1.6020
18.0000 -1.6020
19.0000 -1.6020
20.0000 -1.6020
21.0000 -1.6020
22.0000 -1.6020
23.0000 -1.6020
24.0000 -1.6020
25.5000 -1.6020
27.0000 -1.6020
28.5000 -1.6020
30.0000 -1.6020
31.5000 -1.6020
33.0000 -1.6020
34.5000 -1.6020
36.0000 -1.6020
39.0000 -1.6020
42.0000 -1.6020
45.0000 -1.6020
48.0000 -1.6020
54.0000 -1.6020
60.0000 -1.6020
66.0000 -1.6020
72.0000 -1.6020
78.0000 -1.6020
84.0000 -1.6020
90.0000 -1.6020
96.0000 -1.6020
102.0000 -1.6020
108.0000 -1.6020
114.0000 -1.6020
120.0000 -1.6020
0.0000 -2.0025
1.9700 -2.0025
3.9400 -2.0025
5.9100 -2.0025
8.0000 -2.0025
10.0000 -2.0025
12.0000 -2.0025
14.0000 -2.0025
16.0000 -2.0025
18.0000 -2.0025
20.0000 -2.0025
22.0000 -2.0025
24.0000 -2.0025
27.0000 -2.0025
30.0000 -2.0025
33.0000 -2.0025
36.0000 -2.0025
42.0000 -2.0025
48.0000 -2.0025
60.0000 -2.0025
72.0000 -2.0025
84.0000 -2.0025
96.0000 -2.0025
108.0000 -2.0025
120.0000 -2.0025
0.0000 -2.4030
0.9850 -2.4030
1.9700 -2.4030
2.9550 -2.4030
3.9400 -2.4030
4.9250 -2.4030
5.9100 -2.4030
6.9550 -2.4030
8.0000 -2.4030
9.0000 -2.4030
10.0000 -2.4030
11.0000 -2.4030
12.0000 -2.4030
13.0000 -2.4030
14.0000 -2.4030
15.0000 -2.4030
16.0000 -2.4030
17.0000 -2.4030
18.0000 -2.4030
19.0000 -2.4030
20.0000 -2.4030
21.0000 -2.4030
22.0000 -2.4030
23.0000 -2.4030
24.0000 -2.4030
25.5000 -2.4030
27.0000 -2.4030
28.5000 -2.4030
30.0000 -2.4030
31.5000 -2.4030
33.0000 -2.4030
34.5000 -2.4030
36.0000 -2.4030
39.0000 -2.4030
42.0000 -2.4030
45.0000 -2.4030
48.0000 -2.4030
54.0000 -2.4030
60.0000 -2.4030
66.0000 -2.4030
72.0000 -2.4030
78.0000 -2.4030
84.0000 -2.4030
90.0000 -2.4030
96.0000 -2.4030
102.0000 -2.4030
108.0000 -2.4030
114.0000 -2.4030
120.0000 -2.4030
0.0000 -2.8035
1.9700 -2.8035
3.9400 -2.8035
5.9100 -2.8035
8.0000 -2.8035
10.0000 -2.8035
12.0000 -2.8035
14.0000 -2.8035
16.0000 -2.8035
18.0000 -2.8035
20.0000 -2.8035
22.0000 -2.8035
24.0000 -2.8035
27.0000 -2.8035
30.0000 -2.8035
33.0000 -2.8035
36.0000 -2.8035
42.0000 -2.8035
48.0000 -2.8035
60.0000 -2.8035
72.0000 -2.8035
84.0000 -2.8035
96.0000 -2.8035
108.0000 -2.8035
120.0000 -2.8035
0.0000 -3.2040
0.9850 -3.2040
1.9700 -3.2040
2.9550 -3.2040
3.9400 -3.2040
4.9250 -3.2040
5.9100 -3.2040
6.9550 -3.2040
8.0000 -3.2040
9.0000 -3.2040
10.0000 -3.2040
11.0000 -3.2040
12.0000 -3.2040
13.0000 -3.2040
14.0000 -3.2040
15.0000 -3.2040
16.0000 -3.2040
17.0000 -3.2040
18.0000 -3.2040
19.0000 -3.2040
20.0000 -3.2040
21.0000 -3.2040
22.0000 -3.2040
23.0000 -3.2040
24.0000 -3.2040
25.5000 -3.2040
27.0000 -3.2040
28.5000 -3.2040
30.0000 -3.2040
31.5000 -3.2040
33.0000 -3.2040
34.5000 -3.2040
36.0000 -3.2040
39.0000 -3.2040
42.0000 -3.2040
45.0000 -3.2040
48.0000 -3.2040
54.0000 -3.2040
60.0000 -3.2040
66.0000 -3.2040
72.0000 -3.2040
78.0000 -3.2040
84.0000 -3.2040
90.0000 -3.2040
96.0000 -3.2040
102.0000 -3.2040
108.0000 -3.2040
114.0000 -3.2040
120.0000 -3.2040
0.0000 -3.8175
1.9700 -3.8175
3.9400 -3.8175
5.9100 -3.8175
8.0000 -3.8175
10.0000 -3.8175
12.0000 -3.8175
14.0000 -3.8175
16.0000 -3.8175
18.0000 -3.8175
20.0000 -3.8175
22.0000 -3.8175
24.0000 -3.8175
27.0000 -3.8175
30.0000 -3.8175
33.0000 -3.8175
36.0000 -3.8175
42.0000 -3.8175
48.0000 -3.8175
60.0000 -3.8175
72.0000 -3.8175
84.0000 -3.8175
96.0000 -3.8175
108.0000 -3.8175
120.0000 -3.8175
0.0000 -4.4310
0.9850 -4.4310
1.9700 -4.4310
2.9550 -4.4310
3.9400 -4.4310
4.9250 -4.4310
5.9100 -4.4310
6.9550 -4.4310
8.0000 -4.4310
9.0000 -4.4310
10.0000 -4.4310
11.0000 -4.4310
12.0000 -4.4310
13.0000 -4.4310
14.0000 -4.4310
15.0000 -4.4310
16.0000 -4.4310
17.0000 -4.4310
18.0000 -4.4310
19.0000 -4.4310
20.0000 -4.4310
21.0000 -4.4310
22.0000 -4.4310
23.0000 -4.4310
24.0000 -4.4310
25.5000 -4.4310
27.0000 -4.4310
28.5000 -4.4310
30.0000 -4.4310
31.5000 -4.4310
33.0000 -4.4310
34.5000 -4.4310
36.0000 -4.4310
39.0000 -4.4310
42.0000 -4.4310
45.0000 -4.4310
48.0000 -4.4310
54.0000 -4.4310
60.0000 -4.4310
66.0000 -4.4310
72.0000 -4.4310
78.0000 -4.4310
84.0000 -4.4310
90.0000 -4.4310
96.0000 -4.4310
102.0000 -4.4310
108.0000 -4.4310
114.0000 -4.4310
120.0000 -4.4310
0.0000 -5.0445
1.9700 -5.0445
3.9400 -5.0445
5.9100 -5.0445
8.0000 -5.0445
10.0000 -5.0445
12.0000 -5.0445
14.0000 -5.0445
16.0000 -5.0445
18.0000 -5.0445
20.0000 -5.0445
22.0000 -5.0445
24.0000 -5.0445
27.0000 -5.0445
30.0000 -5.0445
33.0000 -5.0445
36.0000 -5.0445
42.0000 -5.0445
48.0000 -5.0445
60.0000 -5.0445
72.0000 -5.0445
84.0000 -5.0445
96.0000 -5.0445
108.0000 -5.0445
120.0000 -5.0445
0.0000 -5.6580
0.9850 -5.6580
1.9700 -5.6580
2.9550 -5.6580
3.9400 -5.6580
4.9250 -5.6580
5.9100 -5.6580
6.9550 -5.6580
8.0000 -5.6580
9.0000 -5.6580
10.0000 -5.6580
11.0000 -5.6580
12.0000 -5.6580
13.0000 -5.6580
14.0000 -5.6580
15.0000 -5.6580
16.0000 -5.6580
17.0000 -5.6580
18.0000 -5.6580
19.0000 -5.6580
20.0000 -5.6580
21.0000 -5.6580
22.0000 -5.6580
23.0000 -5.6580
24.0000 -5.6580
25.5000 -5.6580
27.0000 -5.6580
28.5000 -5.6580
30.0000 -5.6580
31.5000 -5.6580
33.0000 -5.6580
34.5000 -5.6580
36.0000 -5.6580
39.0000 -5.6580
42.0000 -5.6580
45.0000 -5.6580
48.0000 -5.6580
54.0000 -5.6580
60.0000 -5.6580
66.0000 -5.6580
72.0000 -5.6580
78.0000 -5.6580
84.0000 -5.6580
90.0000 -5.6580
96.0000 -5.6580
102.0000 -5.6580
108.0000 -5.6580
114.0000 -5.6580
120.0000 -5.6580
0.0000 -6.2715
1.9700 -6.2715
3.9400 -6.2715
5.9100 -6.2715
8.0000 -6.2715
10.0000 -6.2715
12.0000 -6.2715
14.0000 -6.2715
16.0000 -6.2715
18.0000 -6.2715
20.0000 -6.2715
22.0000 -6.2715
24.0000 -6.2715
27.0000 -6.2715
30.0000 -6.2715
33.0000 -6.2715
36.0000 -6.2715
42.0000 -6.2715
48.0000 -6.2715
60.0000 -6.2715
72.0000 -6.2715
84.0000 -6.2715
96.0000 -6.2715
108.0000 -6.2715
120.0000 -6.2715
0.0000 -6.8850
0.9850 -6.8850
1.9700 -6.8850
2.9550 -6.8850
3.9400 -6.8850
4.9250 -6.8850
5.9100 -6.8850
6.9550 -6.8850
8.0000 -6.8850
9.0000 -6.8850
10.0000 -6.8850
11.0000 -6.8850
12.0000 -6.8850
13.0000 -6.8850
14.0000 -6.8850
15.0000 -6.8850
16.0000 -6.8850
17.0000 -6.8850
18.0000 -6.8850
19.0000 -6.8850
20.0000 -6.8850
21.0000 -6.8850
22.0000 -6.8850
23.0000 -6.8850
24.0000 -6.8850
25.5000 -6.8850
27.0000 -6.8850
28.5000 -6.8850
30.0000 -6.8850
31.5000 -6.8850
33.0000 -6.8850
34.5000 -6.8850
36.0000 -6.8850
39.0000 -6.8850
42.0000 -6.8850
45.0000 -6.8850
48.0000 -6.8850
54.0000 -6.8850
60.0000 -6.8850
66.0000 -6.8850
72.0000 -6.8850
78.0000 -6.8850
84.0000 -6.8850
90.0000 -6.8850
96.0000 -6.8850
102.0000 -6.8850
108.0000 -6.8850
114.0000 -6.8850
120.0000 -6.8850
0.0000 -7.4985
1.9700 -7.4985
3.9400 -7.4985
5.9100 -7.4985
8.0000 -7.4985
10.0000 -7.4985
12.0000 -7.4985
14.0000 -7.4985
16.0000 -7.4985
18.0000 -7.4985
20.0000 -7.4985
22.0000 -7.4985
24.0000 -7.4985
27.0000 -7.4985
30.0000 -7.4985
33.0000 -7.4985
36.0000 -7.4985
42.0000 -7.4985
48.0000 -7.4985
60.0000 -7.4985
72.0000 -7.4985
84.0000 -7.4985
96.0000 -7.4985
108.0000 -7.4985
120.0000 -7.4985
0.0000 -8.1120
0.9850 -8.1120
1.9700 -8.1120
2.9550 -8.1120
3.9400 -8.1120
4.9250 -8.1120
5.9100 -8.1120
6.9550 -8.1120
8.0000 -8.1120
9.0000 -8.1120
10.0000 -8.1120
11.0000 -8.1120
12.0000 -8.1120
13.0000 -8.1120
14.0000 -8.1120
15.0000 -8.1120
16.0000 -8.1120
17.0000 -8.1120
18.0000 -8.1120
19.0000 -8.1120
20.0000 -8.1120
21.0000 -8.1120
22.0000 -8.1120
23.0000 -8.1120
24.0000 -8.1120
25.5000 -8.1120
27.0000 -8.1120
28.5000 -8.1120
30.0000 -8.1120
31.5000 -8.1120
33.0000 -8.1120
34.5000 -8.1120
36.0000 -8.1120
39.0000 -8.1120
42.0000 -8.1120
45.0000 -8.1120
48.0000 -8.1120
54.0000 -8.1120
60.0000 -8.1120
66.0000 -8.1120
72.0000 -8.1120
78.0000 -8.1120
84.0000 -8.1120
90.0000 -8.1120
96.0000 -8.1120
102.0000 -8.1120
108.0000 -8.1120
114.0000 -8.1120
120.0000 -8.1120
0.0000 -8.7255
1.9700 -8.7255
3.9400 -8.7255
5.9100 -8.7255
8.0000 -8.7255
10.0000 -8.7255
12.0000 -8.7255
14.0000 -8.7255
16.0000 -8.7255
18.0000 -8.7255
20.0000 -8.7255
22.0000 -8.7255
24.0000 -8.7255
27.0000 -8.7255
30.0000 -8.7255
33.0000 -8.7255
36.0000 -8.7255
42.0000 -8.7255
48.0000 -8.7255
60.0000 -8.7255
72.0000 -8.7255
84.0000 -8.7255
96.0000 -8.7255
108.0000 -8.7255
120.0000 -8.7255
0.0000 -9.3390
0.9850 -9.3390
1.9700 -9.3390
2.9550 -9.3390
3.9400 -9.3390
4.9250 -9.3390
5.9100 -9.3390
6.9550 -9.3390
8.0000 -9.3390
9.0000 -9.3390
10.0000 -9.3390
11.0000 -9.3390
12.0000 -9.3390
13.0000 -9.3390
14.0000 -9.3390
15.0000 -9.3390
16.0000 -9.3390
17.0000 -9.3390
18.0000 -9.3390
19.0000 -9.3390
20.0000 -9.3390
21.0000 -9.3390
22.0000 -9.3390
23.0000 -9.3390
24.0000 -9.3390
25.5000 -9.3390
27.0000 -9.3390
28.5000 -9.3390
30.0000 -9.3390
31.5000 -9.3390
33.0000 -9.3390
34.5000 -9.3390
36.0000 -9.3390
39.0000 -9.3390
42.0000 -9.3390
45.0000 -9.3390
48.0000 -9.3390
54.0000 -9.3390
60.0000 -9.3390
66.0000 -9.3390
72.0000 -9.3390
78.0000 -9.3390
84.0000 -9.3390
90.0000 -9.3390
96.0000 -9.3390
102.0000 -9.3390
108.0000 -9.3390
114.0000 -9.3390
120.0000 -9.3390
0.0000 -9.9525
1.9700 -9.9525
3.9400 -9.9525
5.9100 -9.9525
8.0000 -9.9525
10.0000 -9.9525
12.0000 -9.9525
14.0000 -9.9525
16.0000 -9.9525
18.0000 -9.9525
20.0000 -9.9525
22.0000 -9.9525
24.0000 -9.9525
27.0000 -9.9525
30.0000 -9.9525
33.0000 -9.9525
36.0000 -9.9525
42.0000 -9.9525
48.0000 -9.9525
60.0000 -9.9525
72.0000 -9.9525
84.0000 -9.9525
96.0000 -9.9525
108.0000 -9.9525
120.0000 -9.9525
0.0000 -10.5660
0.9850 -10.5660
1.9700 -10.5660
2.9550 -10.5660
3.9400 -10.5660
4.9250 -10.5660
5.9100 -10.5660
6.9550 -10.5660
8.0000 -10.5660
9.0000 -10.5660
10.0000 -10.5660
11.0000 -10.5660
12.0000 -10.5660
13.0000 -10.5660
14.0000 -10.5660
15.0000 -10.5660
16.0000 -10.5660
17.0000 -10.5660
18.0000 -10.5660
19.0000 -10.5660
20.0000 -10.5660
21.0000 -10.5660
22.0000 -10.5660
23.0000 -10.5660
24.0000 -10.5660
25.5000 -10.5660
27.0000 -10.5660
28.5000 -10.5660
30.0000 -10.5660
31.5000 -10.5660
33.0000 -10.5660
34.5000 -10.5660
36.0000 -10.5660
39.0000 -10.5660
42.0000 -10.5660
45.0000 -10.5660
48.0000 -10.5660
54.0000 -10.5660
60.0000 -10.5660
66.0000 -10.5660
72.0000 -10.5660
78.0000 -10.5660
84.0000 -10.5660
90.0000 -10.5660
96.0000 -10.5660
102.0000 -10.5660
108.0000 -10.5660
114.0000 -10.5660
120.0000 -10.5660
0.0000 -11.5660
1.9700 -11.5660
3.9400 -11.5660
5.9100 -11.5660
8.0000 -11.5660
10.0000 -11.5660
12.0000 -11.5660
14.0000 -11.5660
16.0000 -11.5660
18.0000 -11.5660
20.0000 -11.5660
22.0000 -11.5660
24.0000 -11.5660
27.0000 -11.5660
30.0000 -11.5660
33.0000 -11.5660
36.0000 -11.5660
42.0000 -11.5660
48.0000 -11.5660
60.0000 -11.5660
72.0000 -11.5660
84.0000 -11.5660
96.0000 -11.5660
108.0000 -11.5660
120.0000 -11.5660
0.0000 -12.5660
0.9850 -12.5660
1.9700 -12.5660
2.9550 -12.5660
3.9400 -12.5660
4.9250 -12.5660
5.9100 -12.5660
6.9550 -12.5660
8.0000 -12.5660
9.0000 -12.5660
10.0000 -12.5660
11.0000 -12.5660
12.0000 -12.5660
13.0000 -12.5660
14.0000 -12.5660
15.0000 -12.5660
16.0000 -12.5660
17.0000 -12.5660
18.0000 -12.5660
19.0000 -12.5660
20.0000 -12.5660
21.0000 -12.5660
22.0000 -12.5660
23.0000 -12.5660
24.0000 -12.5660
25.5000 -12.5660
27.0000 -12.5660
28.5000 -12.5660
30.0000 -12.5660
31.5000 -12.5660
33.0000 -12.5660
34.5000 -12.5660
36.0000 -12.5660
39.0000 -12.5660
42.0000 -12.5660
45.0000 -12.5660
48.0000 -12.5660
54.0000 -12.5660
60.0000 -12.5660
66.0000 -12.5660
72.0000 -12.5660
78.0000 -12.5660
84.0000 -12.5660
90.0000 -12.5660
96.0000 -12.5660
102.0000 -12.5660
108.0000 -12.5660
114.0000 -12.5660
120.0000 -12.5660
0.0000 -13.5660
1.9700 -13.5660
3.9400 -13.5660
5.9100 -13.5660
8.0000 -13.5660
10.0000 -13.5660
12.0000 -13.5660
14.0000 -13.5660
16.0000 -13.5660
18.0000 -13.5660
20.0000 -13.5660
22.0000 -13.5660
24.0000 -13.5660
27.0000 -13.5660
30.0000 -13.5660
33.0000 -13.5660
36.0000 -13.5660
42.0000 -13.5660
48.0000 -13.5660
60.0000 -13.5660
72.0000 -13.5660
84.0000 -13.5660
96.0000 -13.5660
108.0000 -13.5660
120.0000 -13.5660
0.0000 -14.5660
0.9850 -14.5660
1.9700 -14.5660
2.9550 -14.5660
3.9400 -14.5660
4.9250 -14.5660
5.9100 -14.5660
6.9550 -14.5660
8.0000 -14.5660
9.0000 -14.5660
10.0000 -14.5660
11.0000 -14.5660
12.0000 -14.5660
13.0000 -14.5660
14.0000 -14.5660
15.0000 -14.5660
16.0000 -14.5660
17.0000 -14.5660
18.0000 -14.5660
19.0000 -14.5660
20.0000 -14.5660
21.0000 -14.5660
22.0000 -14.5660
23.0000 -14.5660
24.0000 -14.5660
25.5000 -14.5660
27.0000 -14.5660
28.5000 -14.5660
30.0000 -14.5660
31.5000 -14.5660
33.0000 -14.5660
34.5000 -14.5660
36.0000 -14.5660
39.0000 -14.5660
42.0000 -14.5660
45.0000 -14.5660
48.0000 -14.5660
54.0000 -14.5660
60.0000 -14.5660
66.0000 -14.5660
72.0000 -14.5660
78.0000 -14.5660
84.0000 -14.5660
90.0000 -14.5660
96.0000 -14.5660
102.0000 -14.5660
108.0000 -14.5660
114.0000 -14.5660
120.0000 -14.5660
0.0000 -15.5660
1.9700 -15.5660
3.9400 -15.5660
5.9100 -15.5660
8.0000 -15.5660
10.0000 -15.5660
12.0000 -15.5660
14.0000 -15.5660
16.0000 -15.5660
18.0000 -15.5660
20.0000 -15.5660
22.0000 -15.5660
24.0000 -15.5660
27.0000 -15.5660
30.0000 -15.5660
33.0000 -15.5660
36.0000 -15.5660
42.0000 -15.5660
48.0000 -15.5660
60.0000 -15.5660
72.0000 -15.5660
84.0000 -15.5660
96.0000 -15.5660
108.0000 -15.5660
120.0000 -15.5660
0.0000 -16.5660
0.9850 -16.5660
1.9700 -16.5660
2.9550 -16.5660
3.9400 -16.5660
4.9250 -16.5660
5.9100 -16.5660
6.9550 -16.5660
8.0000 -16.5660
9.0000 -16.5660
10.0000 -16.5660
11.0000 -16.5660
12.0000 -16.5660
13.0000 -16.5660
14.0000 -16.5660
15.0000 -16.5660
16.0000 -16.5660
17.0000 -16.5660
18.0000 -16.5660
19.0000 -16.5660
20.0000 -16.5660
21.0000 -16.5660
22.0000 -16.5660
23.0000 -16.5660
24.0000 -16.5660
25.5000 -16.5660
27.0000 -16.5660
28.5000 -16.5660
30.0000 -16.5660
31.5000 -16.5660
33.0000 -16.5660
34.5000 -16.5660
36.0000 -16.5660
39.0000 -16.5660
42.0000 -16.5660
45.0000 -16.5660
48.0000 -16.5660
54.0000 -16.5660
60.0000 -16.5660
66.0000 -16.5660
72.0000 -16.5660
78.0000 -16.5660
84.0000 -16.5660
90.0000 -16.5660
96.0000 -16.5660
102.0000 -16.5660
108.0000 -16.5660
114.0000 -16.5660
120.0000 -16.5660
0.0000 -17.5660
1.9700 -17.5660
3.9400 -17.5660
5.9100 -17.5660
8.0000 -17.5660
10.0000 -17.5660
12.0000 -17.5660
14.0000 -17.5660
16.0000 -17.5660
18.0000 -17.5660
20.0000 -17.5660
22.0000 -17.5660
24.0000 -17.5660
27.0000 -17.5660
30.0000 -17.5660
33.0000 -17.5660
36.0000 -17.5660
42.0000 -17.5660
48.0000 -17.5660
60.0000 -17.5660
72.0000 -17.5660
84.0000 -17.5660
96.0000 -17.5660
108.0000 -17.5660
120.0000 -17.5660
0.0000 -18.5660
0.9850 -18.5660
1.9700 -18.5660
2.9550 -18.5660
3.9400 -18.5660
4.9250 -18.5660
5.9100 -18.5660
6.9550 -18.5660
8.0000 -18.5660
9.0000 -18.5660
10.0000 -18.5660
11.0000 -18.5660
12.0000 -18.5660
13.0000 -18.5660
14.0000 -18.5660
15.0000 -18.5660
16.0000 -18.5660
17.0000 -18.5660
18.0000 -18.5660
19.0000 -18.5660
20.0000 -18.5660
21.0000 -18.5660
22.0000 -18.5660
23.0000 -18.5660
24.0000 -18.5660
25.5000 -18.5660
27.0000 -18.5660
28.5000 -18.5660
30.0000 -18.5660
31.5000 -18.5660
33.0000 -18.5660
34.5000 -18.5660
36.0000 -18.5660
39.0000 -18.5660
42.0000 -18.5660
45.0000 -18.5660
48.0000 -18.5660
54.0000 -18.5660
60.0000 -18.5660
66.0000 -18.5660
72.0000 -18.5660
78.0000 -18.5660
84.0000 -18.5660
90.0000 -18.5660
96.0000 -18.5660
102.0000 -18.5660
108.0000 -18.5660
114.0000 -18.5660
120.0000 -18.5660
0.0000 -19.5660
1.9700 -19.5660
3.9400 -19.5660
5.9100 -19.5660
8.0000 -19.5660
10.0000 -19.5660
12.0000 -19.5660
14.0000 -19.5660
16.0000 -19.5660
18.0000 -19.5660
20.0000 -19.5660
22.0000 -19.5660
24.0000 -19.5660
27.0000 -19.5660
30.0000 -19.5660
33.0000 -19.5660
36.0000 -19.5660
42.0000 -19.5660
48.0000 -19.5660
60.0000 -19.5660
72.0000 -19.5660
84.0000 -19.5660
96.0000 -19.5660
108.0000 -19.5660
120.0000 -19.5660
0.0000 -20.5660
0.9850 -20.5660
1.9700 -20.5660
2.9550 -20.5660
3.9400 -20.5660
4.9250 -20.5660
5.9100 -20.5660
6.9550 -20.5660
8.0000 -20.5660
9.0000 -20.5660
10.0000 -20.5660
11.0000 -20.5660
12.0000 -20.5660
13.0000 -20.5660
14.0000 -20.5660
15.0000 -20.5660
16.0000 -20.5660
17.0000 -20.5660
18.0000 -20.5660
19.0000 -20.5660
20.0000 -20.5660
21.0000 -20.5660
22.0000 -20.5660
23.0000 -20.5660
24.0000 -20.5660
25.5000 -20.5660
27.0000 -20.5660
28.5000 -20.5660
30.0000 -20.5660
31.5000 -20.5660
33.0000 -20.5660
34.5000 -20.5660
36.0000 -20.5660
39.0000 -20.5660
42.0000 -20.5660
45.0000 -20.5660
48.0000 -20.5660
54.0000 -20.5660
60.0000 -20.5660
66.0000 -20.5660
72.0000 -20.5660
78.0000 -20.5660
84.0000 -20.5660
90.0000 -20.5660
96.0000 -20.5660
102.0000 -20.5660
108.0000 -20.5660
114.0000 -20.5660
120.0000 -20.5660
0.0000 -21.5660
1.9700 -21.5660
3.9400 -21.5660
5.9100 -21.5660
8.0000 -21.5660
10.0000 -21.5660
12.0000 -21.5660
14.0000 -21.5660
16.0000 -21.5660
18.0000 -21.5660
20.0000 -21.5660
22.0000 -21.5660
24.0000 -21.5660
27.0000 -21.5660
30.0000 -21.5660
33.0000 -21.5660
36.0000 -21.5660
42.0000 -21.5660
48.0000 -21.5660
60.0000 -21.5660
72.0000 -21.5660
84.0000 -21.5660
96.0000 -21.5660
108.0000 -21.5660
120.0000 -21.5660
0.0000 -22.5660
0.9850 -22.5660
1.9700 -22.5660
2.9550 -22.5660
3.9400 -22.5660
4.9250 -22.5660
5.9100 -22.5660
6.9550 -22.5660
8.0000 -22.5660
9.0000 -22.5660
10.0000 -22.5660
11.0000 -22.5660
12.0000 -22.5660
13.0000 -22.5660
14.0000 -22.5660
15.0000 -22.5660
16.0000 -22.5660
17.0000 -22.5660
18.0000 -22.5660
19.0000 -22.5660
20.0000 -22.5660
21.0000 -22.5660
22.0000 -22.5660
23.0000 -22.5660
24.0000 -22.5660
25.5000 -22.5660
27.0000 -22.5660
28.5000 -22.5660
30.0000 -22.5660
31.5000 -22.5660
33.0000 -22.5660
34.5000 -22.5660
36.0000 -22.5660
39.0000 -22.5660
42.0000 -22.5660
45.0000 -22.5660
48.0000 -22.5660
54.0000 -22.5660
60.0000 -22.5660
66.0000 -22.5660
72.0000 -22.5660
78.0000 -22.5660
84.0000 -22.5660
90.0000 -22.5660
96.0000 -22.5660
102.0000 -22.5660
108.0000 -22.5660
114.0000 -22.5660
120.0000 -22.5660
0.0000 -24.0660
1.9700 -24.0660
3.9400 -24.0660
5.9100 -24.0660
8.0000 -24.0660
10.0000 -24.0660
12.0000 -24.0660
14.0000 -24.0660
16.0000 -24.0660
18.0000 -24.0660
20.0000 -24.0660
22.0000 -24.0660
24.0000 -24.0660
27.0000 -24.0660
30.0000 -24.0660
33.0000 -24.0660
36.0000 -24.0660
42.0000 -24.0660
48.0000 -24.0660
60.0000 -24.0660
72.0000 -24.0660
84.0000 -24.0660
96.0000 -24.0660
108.0000 -24.0660
120.0000 -24.0660
0.0000 -25.5660
0.9850 -25.5660
1.9700 -25.5660
2.9550 -25.5660
3.9400 -25.5660
4.9250 -25.5660
5.9100 -25.5660
6.9550 -25.5660
8.0000 -25.5660
9.0000 -25.5660
10.0000 -25.5660
11.0000 -25.5660
12.0000 -25.5660
13.0000 -25.5660
14.0000 -25.5660
15.0000 -25.5660
16.0000 -25.5660
17.0000 -25.5660
18.0000 -25.5660
19.0000 -25.5660
20.0000 -25.5660
21.0000 -25.5660
22.0000 -25.5660
23.0000 -25.5660
24.0000 -25.5660
25.5000 -25.5660
27.0000 -25.5660
28.5000 -25.5660
30.0000 -25.5660
31.5000 -25.5660
33.0000 -25.5660
34.5000 -25.5660
36.0000 -25.5660
39.0000 -25.5660
42.0000 -25.5660
45.0000 -25.5660
48.0000 -25.5660
54.0000 -25.5660
60.0000 -25.5660
66.0000 -25.5660
72.0000 -25.5660
78.0000 -25.5660
84.0000 -25.5660
90.0000 -25.5660
96.0000 -25.5660
102.0000 -25.5660
108.0000 -25.5660
114.0000 -25.5660
120.0000 -25.5660
0.0000 -27.0660
1.9700 -27.0660
3.9400 -27.0660
5.9100 -27.0660
8.0000 -27.0660
10.0000 -27.0660
12.0000 -27.0660
14.0000 -27.0660
16.0000 -27.0660
18.0000 -27.0660
20.0000 -27.0660
22.0000 -27.0660
24.0000 -27.0660
27.0000 -27.0660
30.0000 -27.0660
33.0000 -27.0660
36.0000 -27.0660
42.0000 -27.0660
48.0000 -27.0660
60.0000 -27.0660
72.0000 -27.0660
84.0000 -27.0660
96.0000 -27.0660
108.0000 -27.0660
120.0000 -27.0660
0.0000 -28.5660
0.9850 -28.5660
1.9700 -28.5660
2.9550 -28.5660
3.9400 -28.5660
4.9250 -28.5660
5.9100 -28.5660
6.9550 -28.5660
8.0000 -28.5660
9.0000 -28.5660
10.0000 -28.5660
11.0000 -28.5660
12.0000 -28.5660
13.0000 -28.5660
14.0000 -28.5660
15.0000 -28.5660
16.0000 -28.5660
17.0000 -28.5660
18.0000 -28.5660
19.0000 -28.5660
20.0000 -28.5660
21.0000 -28.5660
22.0000 -28.5660
23.0000 -28.5660
24.0000 -28.5660
25.5000 -28.5660
27.0000 -28.5660
28.5000 -28.5660
30.0000 -28.5660
31.5000 -28.5660
33.0000 -28.5660
34.5000 -28.5660
36.0000 -28.5660
39.0000 -28.5660
42.0000 -28.5660
45.0000 -28.5660
48.0000 -28.5660
54.0000 -28.5660
60.0000 -28.5660
66.0000 -28.5660
72.0000 -28.5660
78.0000 -28.5660
84.0000 -28.5660
90.0000 -28.5660
96.0000 -28.5660
102.0000 -28.5660
108.0000 -28.5660
114.0000 -28.5660
120.0000 -28.5660
0.0000 -30.0660
1.9700 -30.0660
3.9400 -30.0660
5.9100 -30.0660
8.0000 -30.0660
10.0000 -30.0660
12.0000 -30.0660
14.0000 -30.0660
16.0000 -30.0660
18.0000 -30.0660
20.0000 -30.0660
22.0000 -30.0660
24.0000 -30.0660
27.0000 -30.0660
30.0000 -30.0660
33.0000 -30.0660
36.0000 -30.0660
42.0000 -30.0660
48.0000 -30.0660
60.0000 -30.0660
72.0000 -30.0660
84.0000 -30.0660
96.0000 -30.0660
108.0000 -30.0660
120.0000 -30.0660
0.0000 -31.5660
0.9850 -31.5660
1.9700 -31.5660
2.9550 -31.5660
3.9400 -31.5660
4.9250 -31.5660
5.9100 -31.5660
6.9550 -31.5660
8.0000 -31.5660
9.0000 -31.5660
10.0000 -31.5660
11.0000 -31.5660
12.0000 -31.5660
13.0000 -31.5660
14.0000 -31.5660
15.0000 -31.5660
16.0000 -31.5660
17.0000 -31.5660
18.0000 -31.5660
19.0000 -31.5660
20.0000 -31.5660
21.0000 -31.5660
22.0000 -31.5660
23.0000 -31.5660
24.0000 -31.5660
25.5000 -31.5660
27.0000 -31.5660
28.5000 -31.5660
30.0000 -31.5660
31.5000 -31.5660
33.0000 -31.5660
34.5000 -31.5660
36.0000 -31.5660
39.0000 -31.5660
42.0000 -31.5660
45.0000 -31.5660
48.0000 -31.5660
54.0000 -31.5660
60.0000 -31.5660
66.0000 -31.5660
72.0000 -31.5660
78.0000 -31.5660
84.0000 -31.5660
90.0000 -31.5660
96.0000 -31.5660
102.0000 -31.5660
108.0000 -31.5660
114.0000 -31.5660
120.0000 -31.5660
0.0000 -33.5660
1.9700 -33.5660
3.9400 -33.5660
5.9100 -33.5660
8.0000 -33.5660
10.0000 -33.5660
12.0000 -33.5660
14.0000 -33.5660
16.0000 -33.5660
18.0000 -33.5660
20.0000 -33.5660
22.0000 -33.5660
24.0000 -33.5660
27.0000 -33.5660
30.0000 -33.5660
33.0000 -33.5660
36.0000 -33.5660
42.0000 -33.5660
48.0000 -33.5660
60.0000 -33.5660
72.0000 -33.5660
84.0000 -33.5660
96.0000 -33.5660
108.0000 -33.5660
120.0000 -33.5660
0.0000 -35.5660
0.9850 -35.5660
1.9700 -35.5660
2.9550 -35.5660
3.9400 -35.5660
4.9250 -35.5660
5.9100 -35.5660
6.9550 -35.5660
8.0000 -35.5660
9.0000 -35.5660
10.0000 -35.5660
11.0000 -35.5660
12.0000 -35.5660
13.0000 -35.5660
14.0000 -35.5660
15.0000 -35.5660
16.0000 -35.5660
17.0000 -35.5660
18.0000 -35.5660
19.0000 -35.5660
20.0000 -35.5660
21.0000 -35.5660
22.0000 -35.5660
23.0000 -35.5660
24.0000 -35.5660
25.5000 -35.5660
27.0000 -35.5660
28.5000 -35.5660
30.0000 -35.5660
31.5000 -35.5660
33.0000 -35.5660
34.5000 -35.5660
36.0000 -35.5660
39.0000 -35.5660
42.0000 -35.5660
45.0000 -35.5660
48.0000 -35.5660
54.0000 -35.5660
60.0000 -35.5660
66.0000 -35.5660
72.0000 -35.5660
78.0000 -35.5660
84.0000 -35.5660
90.0000 -35.5660
96.0000 -35.5660
102.0000 -35.5660
108.0000 -35.5660
114.0000 -35.5660
120.0000 -35.5660
0.0000 -37.5660
1.9700 -37.5660
3.9400 -37.5660
5.9100 -37.5660
8.0000 -37.5660
10.0000 -37.5660
12.0000 -37.5660
14.0000 -37.5660
16.0000 -37.5660
18.0000 -37.5660
20.0000 -37.5660
22.0000 -37.5660
24.0000 -37.5660
27.0000 -37.5660
30.0000 -37.5660
33.0000 -37.5660
36.0000 -37.5660
42.0000 -37.5660
48.0000 -37.5660
60.0000 -37.5660
72.0000 -37.5660
84.0000 -37.5660
96.0000 -37.5660
108.0000 -37.5660
120.0000 -37.5660
0.0000 -39.5660
0.9850 -39.5660
1.9700 -39.5660
2.9550 -39.5660
3.9400 -39.5660
4.9250 -39.5660
5.9100 -39.5660
6.9550 -39.5660
8.0000 -39.5660
9.0000 -39.5660
10.0000 -39.5660
11.0000 -39.5660
12.0000 -39.5660
13.0000 -39.5660
14.0000 -39.5660
15.0000 -39.5660
16.0000 -39.5660
17.0000 -39.5660
18.0000 -39.5660
19.0000 -39.5660
20.0000 -39.5660
21.0000 -39.5660
22.0000 -39.5660
23.0000 -39.5660
24.0000 -39.5660
25.5000 -39.5660
27.0000 -39.5660
28.5000 -39.5660
30.0000 -39.5660
31.5000 -39.5660
33.0000 -39.5660
34.5000 -39.5660
36.0000 -39.5660
39.0000 -39.5660
42.0000 -39.5660
45.0000 -39.5660
48.0000 -39.5660
54.0000 -39.5660
60.0000 -39.5660
66.0000 -39.5660
72.0000 -39.5660
78.0000 -39.5660
84.0000 -39.5660
90.0000 -39.5660
96.0000 -39.5660
102.0000 -39.5660
108.0000 -39.5660
114.0000 -39.5660
120.0000 -39.5660
0.0000 -43.5660
1.9700 -43.5660
3.9400 -43.5660
5.9100 -43.5660
8.0000 -43.5660
10.0000 -43.5660
12.0000 -43.5660
14.0000 -43.5660
16.0000 -43.5660
18.0000 -43.5660
20.0000 -43.5660
22.0000 -43.5660
24.0000 -43.5660
27.0000 -43.5660
30.0000 -43.5660
33.0000 -43.5660
36.0000 -43.5660
42.0000 -43.5660
48.0000 -43.5660
60.0000 -43.5660
72.0000 -43.5660
84.0000 -43.5660
96.0000 -43.5660
108.0000 -43.5660
120.0000 -43.5660
0.0000 -47.5660
0.9850 -47.5660
1.9700 -47.5660
2.9550 -47.5660
3.9400 -47.5660
4.9250 -47.5660
5.9100 -47.5660
6.9550 -47.5660
8.0000 -47.5660
9.0000 -47.5660
10.0000 -47.5660
11.0000 -47.5660
12.0000 -47.5660
13.0000 -47.5660
14.0000 -47.5660
15.0000 -47.5660
16.0000 -47.5660
17.0000 -47.5660
18.0000 -47.5660
19.0000 -47.5660
20.0000 -47.5660
21.0000 -47.5660
22.0000 -47.5660
23.0000 -47.5660
24.0000 -47.5660
25.5000 -47.5660
27.0000 -47.5660
28.5000 -47.5660
30.0000 -47.5660
31.5000 -47.5660
33.0000 -47.5660
34.5000 -47.5660
36.0000 -47.5660
39.0000 -47.5660
42.0000 -47.5660
45.0000 -47.5660
48.0000 -47.5660
54.0000 -47.5660
60.0000 -47.5660
66.0000 -47.5660
72.0000 -47.5660
78.0000 -47.5660
84.0000 -47.5660
90.0000 -47.5660
96.0000 -47.5660
102.0000 -47.5660
108.0000 -47.5660
114.0000 -47.5660
120.0000 -47.5660
0.0000 -53.5660
1.9700 -53.5660
3.9400 -53.5660
5.9100 -53.5660
8.0000 -53.5660
10.0000 -53.5660
12.0000 -53.5660
14.0000 -53.5660
16.0000 -53.5660
18.0000 -53.5660
20.0000 -53.5660
22.0000 -53.5660
24.0000 -53.5660
27.0000 -53.5660
30.0000 -53.5660
33.0000 -53.5660
36.0000 -53.5660
42.0000 -53.5660
48.0000 -53.5660
60.0000 -53.5660
72.0000 -53.5660
84.0000 -53.5660
96.0000 -53.5660
108.0000 -53.5660
120.0000 -53.5660
0.0000 -59.5660
0.9850 -59.5660
1.9700 -59.5660
2.9550 -59.5660
3.9400 -59.5660
4.9250 -59.5660
5.9100 -59.5660
6.9550 -59.5660
8.0000 -59.5660
9.0000 -59.5660
10.0000 -59.5660
11.0000 -59.5660
12.0000 -59.5660
13.0000 -59.5660
14.0000 -59.5660
15.0000 -59.5660
16.0000 -59.5660
17.0000 -59.5660
18.0000 -59.5660
19.0000 -59.5660
20.0000 -59.5660
21.0000 -59.5660
22.0000 -59.5660
23.0000 -59.5660
24.0000 -59.5660
25.5000 -59.5660
27.0000 -59.5660
28.5000 -59.5660
30.0000 -59.5660
31.5000 -59.5660
33.0000 -59.5660
34.5000 -59.5660
36.0000 -59.5660
39.0000 -59.5660
42.0000 -59.5660
45.0000 -59.5660
48.0000 -59.5660
54.0000 -59.5660
60.0000 -59.5660
66.0000 -59.5660
72.0000 -59.5660
78.0000 -59.5660
84.0000 -59.5660
90.0000 -59.5660
96.0000 -59.5660
102.0000 -59.5660
108.0000 -59.5660
114.0000 -59.5660
120.0000 -59.5660
0.0000 -68.5660
1.9700 -68.5660
3.9400 -68.5660
5.9100 -68.5660
8.0000 -68.5660
10.0000 -68.5660
12.0000 -68.5660
14.0000 -68.5660
16.0000 -68.5660
18.0000 -68.5660
20.0000 -68.5660
22.0000 -68.5660
24.0000 -68.5660
27.0000 -68.5660
30.0000 -68.5660
33.0000 -68.5660
36.0000 -68.5660
42.0000 -68.5660
48.0000 -68.5660
60.0000 -68.5660
72.0000 -68.5660
84.0000 -68.5660
96.0000 -68.5660
108.0000 -68.5660
120.0000 -68.5660
0.0000 -77.5660
0.9850 -77.5660
1.9700 -77.5660
2.9550 -77.5660
3.9400 -77.5660
4.9250 -77.5660
5.9100 -77.5660
6.9550 -77.5660
8.0000 -77.5660
9.0000 -77.5660
10.0000 -77.5660
11.0000 -77.5660
12.0000 -77.5660
13.0000 -77.5660
14.0000 -77.5660
15.0000 -77.5660
16.0000 -77.5660
17.0000 -77.5660
18.0000 -77.5660
19.0000 -77.5660
20.0000 -77.5660
21.0000 -77.5660
22.0000 -77.5660
23.0000 -77.5660
24.0000 -77.5660
25.5000 -77.5660
27.0000 -77.5660
28.5000 -77.5660
30.0000 -77.5660
31.5000 -77.5660
33.0000 -77.5660
34.5000 -77.5660
36.0000 -77.5660
39.0000 -77.5660
42.0000 -77.5660
45.0000 -77.5660
48.0000 -77.5660
54.0000 -77.5660
60.0000 -77.5660
66.0000 -77.5660
72.0000 -77.5660
78.0000 -77.5660
84.0000 -77.5660
90.0000 -77.5660
96.0000 -77.5660
102.0000 -77.5660
108.0000 -77.5660
114.0000 -77.5660
120.0000 -77.5660
0.0000 -89.5660
1.9700 -89.5660
3.9400 -89.5660
5.9100 -89.5660
8.0000 -89.5660
10.0000 -89.5660
12.0000 -89.5660
14.0000 -89.5660
16.0000 -89.5660
18.0000 -89.5660
20.0000 -89.5660
22.0000 -89.5660
24.0000 -89.5660
27.0000 -89.5660
30.0000 -89.5660
33.0000 -89.5660
36.0000 -89.5660
42.0000 -89.5660
48.0000 -89.5660
60.0000 -89.5660
72.0000 -89.5660
84.0000 -89.5660
96.0000 -89.5660
108.0000 -89.5660
120.0000 -89.5660
0.0000 -101.5660
0.9850 -101.5660
1.9700 -101.5660
2.9550 -101.5660
3.9400 -101.5660
4.9250 -101.5660
5.9100 -101.5660
6.9550 -101.5660
8.0000 -101.5660
9.0000 -101.5660
10.0000 -101.5660
11.0000 -101.5660
12.0000 -101.5660
13.0000 -101.5660
14.0000 -101.5660
15.0000 -101.5660
16.0000 -101.5660
17.0000 -101.5660
18.0000 -101.5660
19.0000 -101.5660
20.0000 -101.5660
21.0000 -101.5660
22.0000 -101.5660
23.0000 -101.5660
24.0000 -101.5660
25.5000 -101.5660
27.0000 -101.5660
28.5000 -101.5660
30.0000 -101.5660
31.5000 -101.5660
33.0000 -101.5660
34.5000 -101.5660
36.0000 -101.5660
39.0000 -101.5660
42.0000 -101.5660
45.0000 -101.5660
48.0000 -101.5660
54.0000 -101.5660
60.0000 -101.5660
66.0000 -101.5660
72.0000 -101.5660
78.0000 -101.5660
84.0000 -101.5660
90.0000 -101.5660
96.0000 -101.5660
102.0000 -101.5660
108.0000 -101.5660
114.0000 -101.5660
120.0000 -101.5660
0.0000 -116.5660
1.9700 -116.5660
3.9400 -116.5660
5.9100 -116.5660
8.0000 -116.5660
10.0000 -116.5660
12.0000 -116.5660
14.0000 -116.5660
16.0000 -116.5660
18.0000 -116.5660
20.0000 -116.5660
22.0000 -116.5660
24.0000 -116.5660
27.0000 -116.5660
30.0000 -116.5660
33.0000 -116.5660
36.0000 -116.5660
42.0000 -116.5660
48.0000 -116.5660
60.0000 -116.5660
72.0000 -116.5660
84.0000 -116.5660
96.0000 -116.5660
108.0000 -116.5660
120.0000 -116.5660
0.0000 -131.5660
0.9850 -131.5660
1.9700 -131.5660
2.9550 -131.5660
3.9400 -131.5660
4.9250 -131.5660
5.9100 -131.5660
6.9550 -131.5660
8.0000 -131.5660
9.0000 -131.5660
10.0000 -131.5660
11.0000 -131.5660
12.0000 -131.5660
13.0000 -131.5660
14.0000 -131.5660
15.0000 -131.5660
16.0000 -131.5660
17.0000 -131.5660
18.0000 -131.5660
19.0000 -131.5660
20.0000 -131.5660
21.0000 -131.5660
22.0000 -131.5660
23.0000 -131.5660
24.0000 -131.5660
25.5000 -131.5660
27.0000 -131.5660
28.5000 -131.5660
30.0000 -131.5660
31.5000 -131.5660
33.0000 -131.5660
34.5000 -131.5660
36.0000 -131.5660
39.0000 -131.5660
42.0000 -131.5660
45.0000 -131.5660
48.0000 -131.5660
54.0000 -131.5660
60.0000 -131.5660
66.0000 -131.5660
72.0000 -131.5660
78.0000 -131.5660
84.0000 -131.5660
90.0000 -131.5660
96.0000 -131.5660
102.0000 -131.5660
108.0000 -131.5660
114.0000 -131.5660
120.0000 -131.5660
0.0000 -147.5660
1.9700 -147.5660
3.9400 -147.5660
5.9100 -147.5660
8.0000 -147.5660
10.0000 -147.5660
12.0000 -147.5660
14.0000 -147.5660
16.0000 -147.5660
18.0000 -147.5660
20.0000 -147.5660
22.0000 -147.5660
24.0000 -147.5660
27.0000 -147.5660
30.0000 -147.5660
33.0000 -147.5660
36.0000 -147.5660
42.0000 -147.5660
48.0000 -147.5660
60.0000 -147.5660
72.0000 -147.5660
84.0000 -147.5660
96.0000 -147.5660
108.0000 -147.5660
120.0000 -147.5660
0.0000 -163.5660
0.9850 -163.5660
1.9700 -163.5660
2.9550 -163.5660
3.9400 -163.5660
4.9250 -163.5660
5.9100 -163.5660
6.9550 -163.5660
8.0000 -163.5660
9.0000 -163.5660
10.0000 -163.5660
11.0000 -163.5660
12.0000 -163.5660
13.0000 -163.5660
14.0000 -163.5660
15.0000 -163.5660
16.0000 -163.5660
17.0000 -163.5660
18.0000 -163.5660
19.0000 -163.5660
20.0000 -163.5660
21.0000 -163.5660
22.0000 -163.5660
23.0000 -163.5660
24.0000 -163.5660
25.5000 -163.5660
27.0000 -163.5660
28.5000 -163.5660
30.0000 -163.5660
31.5000 -163.5660
33.0000 -163.5660
34.5000 -163.5660
36.0000 -163.5660
39.0000 -163.5660
42.0000 -163.5660
45.0000 -163.5660
48.0000 -163.5660
54.0000 -163.5660
60.0000 -163.5660
66.0000 -163.5660
72.0000 -163.5660
78.0000 -163.5660
84.0000 -163.5660
90.0000 -163.5660
96.0000 -163.5660
102.0000 -163.5660
108.0000 -163.5660
114.0000 -163.5660
120.0000 -163.5660
0.0000 -181.5660
1.9700 -181.5660
3.9400 -181.5660
5.9100 -181.5660
8.0000 -181.5660
10.0000 -181.5660
12.0000 -181.5660
14.0000 -181.5660
16.0000 -181.5660
18.0000 -181.5660
20.0000 -181.5660
22.0000 -181.5660
24.0000 -181.5660
27.0000 -181.5660
30.0000 -181.5660
33.0000 -181.5660
36.0000 -181.5660
42.0000 -181.5660
48.0000 -181.5660
60.0000 -181.5660
72.0000 -181.5660
84.0000 -181.5660
96.0000 -181.5660
108.0000 -181.5660
120.0000 -181.5660
0.0000 -199.5660
0.9850 -199.5660
1.9700 -199.5660
2.9550 -199.5660
3.9400 -199.5660
4.9250 -199.5660
5.9100 -199.5660
6.9550 -199.5660
8.0000 -199.5660
9.0000 -199.5660
10.0000 -199.5660
11.0000 -199.5660
12.0000 -199.5660
13.0000 -199.5660
14.0000 -199.5660
15.0000 -199.5660
16.0000 -199.5660
17.0000 -199.5660
18.0000 -199.5660
19.0000 -199.5660
20.0000 -199.5660
21.0000 -199.5660
22.0000 -199.5660
23.0000 -199.5660
24.0000 -199.5660
25.5000 -199.5660
27.0000 -199.5660
28.5000 -199.5660
30.0000 -199.5660
31.5000 -199.5660
33.0000 -199.5660
34.5000 -199.5660
36.0000 -199.5660
39.0000 -199.5660
42.0000 -199.5660
45.0000 -199.5660
48.0000 -199.5660
54.0000 -199.5660
60.0000 -199.5660
66.0000 -199.5660
72.0000 -199.5660
78.0000 -199.5660
84.0000 -199.5660
90.0000 -199.5660
96.0000 -199.5660
102.0000 -199.5660
108.0000 -199.5660
114.0000 -199.5660
120.0000 -199.5660
0.0000 -218.5660
1.9700 -218.5660
3.9400 -218.5660
5.9100 -218.5660
8.0000 -218.5660
10.0000 -218.5660
12.0000 -218.5660
14.0000 -218.5660
16.0000 -218.5660
18.0000 -218.5660
20.0000 -218.5660
22.0000 -218.5660
24.0000 -218.5660
27.0000 -218.5660
30.0000 -218.5660
33.0000 -218.5660
36.0000 -218.5660
42.0000 -218.5660
48.0000 -218.5660
60.0000 -218.5660
72.0000 -218.5660
84.0000 -218.5660
96.0000 -218.5660
108.0000 -218.5660
120.0000 -218.5660
0.0000 -237.5660
0.9850 -237.5660
1.9700 -237.5660
2.9550 -237.5660
3.9400 -237.5660
4.9250 -237.5660
5.9100 -237.5660
6.9550 -237.5660
8.0000 -237.5660
9.0000 -237.5660
10.0000 -237.5660
11.0000 -237.5660
12.0000 -237.5660
13.0000 -237.5660
14.0000 -237.5660
15.0000 -237.5660
16.0000 -237.5660
17.0000 -237.5660
18.0000 -237.5660
19.0000 -237.5660
20.0000 -237.5660
21.0000 -237.5660
22.0000 -237.5660
23.0000 -237.5660
24.0000 -237.5660
25.5000 -237.5660
27.0000 -237.5660
28.5000 -237.5660
30.0000 -237.5660
31.5000 -237.5660
33.0000 -237.5660
34.5000 -237.5660
36.0000 -237.5660
39.0000 -237.5660
42.0000 -237.5660
45.0000 -237.5660
48.0000 -237.5660
54.0000 -237.5660
60.0000 -237.5660
66.0000 -237.5660
72.0000 -237.5660
78.0000 -237.5660
84.0000 -237.5660
90.0000 -237.5660
96.0000 -237.5660
102.0000 -237.5660
108.0000 -237.5660
114.0000 -237.5660
120.0000 -237.5660
0.0000 -257.5660
1.9700 -257.5660
3.9400 -257.5660
5.9100 -257.5660
8.0000 -257.5660
10.0000 -257.5660
12.0000 -257.5660
14.0000 -257.5660
16.0000 -257.5660
18.0000 -257.5660
20.0000 -257.5660
22.0000 -257.5660
24.0000 -257.5660
27.0000 -257.5660
30.0000 -257.5660
33.0000 -257.5660
36.0000 -257.5660
42.0000 -257.5660
48.0000 -257.5660
60.0000 -257.5660
72.0000 -257.5660
84.0000 -257.5660
96.0000 -257.5660
108.0000 -257.5660
120.0000 -257.5660
0.0000 -277.5660
0.9850 -277.5660
1.9700 -277.5660
2.9550 -277.5660
3.9400 -277.5660
4.9250 -277.5660
5.9100 -277.5660
6.9550 -277.5660
8.0000 -277.5660
9.0000 -277.5660
10.0000 -277.5660
11.0000 -277.5660
12.0000 -277.5660
13.0000 -277.5660
14.0000 -277.5660
15.0000 -277.5660
16.0000 -277.5660
17.0000 -277.5660
18.0000 -277.5660
19.0000 -277.5660
20.0000 -277.5660
21.0000 -277.5660
22.0000 -277.5660
23.0000 -277.5660
24.0000 -277.5660
25.5000 -277.5660
27.0000 -277.5660
28.5000 -277.5660
30.0000 -277.5660
31.5000 -277.5660
33.0000 -277.5660
34.5000 -277.5660
36.0000 -277.5660
39.0000 -277.5660
42.0000 -277.5660
45.0000 -277.5660
48.0000 -277.5660
54.0000 -277.5660
60.0000 -277.5660
66.0000 -277.5660
72.0000 -277.5660
78.0000 -277.5660
84.0000 -277.5660
90.0000 -277.5660
96.0000 -277.5660
102.0000 -277.5660
108.0000 -277.5660
114.0000 -277.5660
120.0000 -277.5660
0.0000 -299.5660
1.9700 -299.5660
3.9400 -299.5660
5.9100 -299.5660
8.0000 -299.5660
10.0000 -299.5660
12.0000 -299.5660
14.0000 -299.5660
16.0000 -299.5660
18.0000 -299.5660
20.0000 -299.5660
22.0000 -299.5660
24.0000 -299.5660
27.0000 -299.5660
30.0000 -299.5660
33.0000 -299.5660
36.0000 -299.5660
42.0000 -299.5660
48.0000 -299.5660
60.0000 -299.5660
72.0000 -299.5660
84.0000 -299.5660
96.0000 -299.5660
108.0000 -299.5660
120.0000 -299.5660
0.0000 -321.5660
0.9850 -321.5660
1.9700 -321.5660
2.9550 -321.5660
3.9400 -321.5660
4.9250 -321.5660
5.9100 -321.5660
6.9550 -321.5660
8.0000 -321.5660
9.0000 -321.5660
10.0000 -321.5660
11.0000 -321.5660
12.0000 -321.5660
13.0000 -321.5660
14.0000 -321.5660
15.0000 -321.5660
16.0000 -321.5660
17.0000 -321.5660
18.0000 -321.5660
19.0000 -321.5660
20.0000 -321.5660
21.0000 -321.5660
22.0000 -321.5660
23.0000 -321.5660
24.0000 -321.5660
25.5000 -321.5660
27.0000 -321.5660
28.5000 -321.5660
30.0000 -321.5660
31.5000 -321.5660
33.0000 -321.5660
34.5000 -321.5660
36.0000 -321.5660
39.0000 -321.5660
42.0000 -321.5660
45.0000 -321.5660
48.0000 -321.5660
54.0000 -321.5660
60.0000 -321.5660
66.0000 -321.5660
72.0000 -321.5660
78.0000 -321.5660
84.0000 -321.5660
90.0000 -321.5660
96.0000 -321.5660
102.0000 -321.5660
108.0000 -321.5660
114.0000 -321.5660
120.0000 -321.5660
0 95 0 0
100000.000000 0.350000 0 -0.08164 0 0
96 335 0 0
1050000.000000 0.200000 0 -0.07481 0 0
336 743 0 0
10500.000000 0.450000 0 -0.0705 0 0
8 74 76 2 0 75 50 1 49
8 76 78 4 2 77 51 3 50
8 78 80 6 4 79 52 5 51
8 80 82 8 6 81 53 7 52
8 82 84 10 8 83 54 9 53
8 84 86 12 10 85 55 11 54
8 86 88 14 12 87 56 13 55
8 88 90 16 14 89 57 15 56
8 90 92 18 16 91 58 17 57
8 92 94 20 18 93 59 19 58
8 94 96 22 20 95 60 21 59
8 96 98 24 22 97 61 23 60
8 98 100 26 24 99 62 25 61
8 100 102 28 26 101 63 27 62
8 102 104 30 28 103 64 29 63
8 104 106 32 30 105 65 31 64
8 106 108 34 32 107 66 33 65
8 108 110 36 34 109 67 35 66
8 110 112 38 36 111 68 37 67
8 112 114 40 38 113 69 39 68
8 114 116 42 40 115 70 41 69
8 116 118 44 42 117 71 43 70
8 118 120 46 44 119 72 45 71
8 120 122 48 46 121 73 47 72
8 148 150 76 74 149 124 75 123
8 150 152 78 76 151 125 77 124
8 152 154 80 78 153 126 79 125
8 154 156 82 80 155 127 81 126
8 156 158 84 82 157 128 83 127
8 158 160 86 84 159 129 85 128
8 160 162 88 86 161 130 87 129
8 162 164 90 88 163 131 89 130
8 164 166 92 90 165 132 91 131
8 166 168 94 92 167 133 93 132
8 168 170 96 94 169 134 95 133
8 170 172 98 96 171 135 97 134
8 172 174 100 98 173 136 99 135
8 174 176 102 100 175 137 101 136
8 176 178 104 102 177 138 103 137
8 178 180 106 104 179 139 105 138
8 180 182 108 106 181 140 107 139
8 182 184 110 108 183 141 109 140
8 184 186 112 110 185 142 111 141
8 186 188 114 112 187 143 113 142
8 188 190 116 114 189 144 115 143
8 190 192 118 116 191 145 117 144
8 192 194 120 118 193 146 119 145
8 194 196 122 120 195 147 121 146
8 222 224 150 148 223 198 149 197
8 224 226 152 150 225 199 151 198
8 226 228 154 152 227 200 153 199
8 228 230 156 154 229 201 155 200
8 230 232 158 156 231 202 157 201
8 232 234 160 158 233 203 159 202
8 234 236 162 160 235 204 161 203
8 236 238 164 162 237 205 163 204
8 238 240 166 164 239 206 165 205
8 240 242 168 166 241 207 167 206
8 242 244 170 168 243 208 169 207
8 244 246 172 170 245 209 171 208
8 246 248 174 172 247 210 173 209
8 248 250 176 174 249 211 175 210
8 250 252 178 176 251 212 177 211
8 252 254 180 178 253 213 179 212
8 254 256 182 180 255 214 181 213
8 256 258 184 182 257 215 183 214
8 258 260 186 184 259 216 185 215
8 260 262 188 186 261 217 187 216
8 262 264 190 188 263 218 189 217
8 264 266 192 190 265 219 191 218
8 266 268 194 192 267 220 193 219
8 268 270 196 194 269 221 195 220
8 296 298 224 222 297 272 223 271
8 298 300 226 224 299 273 225 272
8 300 302 228 226 301 274 227 273
8 302 304 230 228 303 275 229 274
8 304 306 232 230 305 276 231 275
8 306 308 234 232 307 277 233 276
8 308 310 236 234 309 278 235 277
8 310 312 238 236 311 279 237 278
8 312 314 240 238 313 280 239 279
8 314 316 242 240 315 281 241 280
8 316 318 244 242 317 282 243 281
8 318 320 246 244 319 283 245 282
8 320 322 248 246 321 284 247 283
8 322 324 250 248 323 285 249 284
8 324 326 252 250 325 286 251 285
8 326 328 254 252 327 287 253 286
8 328 330 256 254 329 288 255 287
8 330 332 258 256 331 289 257 288
8 332 334 260 258 333 290 259 289
8 334 336 262 260 335 291 261 290
8 336 338 264 262 337 292 263 291
8 338 340 266 264 339 293 265 292
8 340 342 268 266 341 294 267 293
8 342 344 270 268 343 295 269 294
8 370 372 298 296 371 346 297 345
8 372 374 300 298 373 347 299 346
8 374 376 302 300 375 348 301 347
8 376 378 304 302 377 349 303 348
8 378 380 306 304 379 350 305 349
8 380 382 308 306 381 351 307 350
8 382 384 310 308 383 352 309 351
8 384 386 312 310 385 353 311 352
8 386 388 314 312 387 354 313 353
8 388 390 316 314 389 355 315 354
8 390 392 318 316 391 356 317 355
8 392 394 320 318 393 357 319 356
8 394 396 322 320 395 358 321 357
8 396 398 324 322 397 359 323 358
8 398 400 326 324 399 360 325 359
8 400 402 328 326 401 361 327 360
8 402 404 330 328 403 362 329 361
8 404 406 332 330 405 363 331 362
8 406 408 334 332 407 364 333 363
8 408 410 336 334 409 365 335 364
8 410 412 338 336 411 366 337 365
8 412 414 340 338 413 367 339 366
8 414 416 342 340 415 368 341 367
8 416 418 344 342 417 369 343 368
8 444 446 372 370 445 420 371 419
8 446 448 374 372 447 421 373 420
8 448 450 376 374 449 422 375 421
8 450 452 378 376 451 423 377 422
8 452 454 380 378 453 424 379 423
8 454 456 382 380 455 425 381 424
8 456 458 384 382 457 426 383 425
8 458 460 386 384 459 427 385 426
8 460 462 388 386 461 428 387 427
8 462 464 390 388 463 429 389 428
8 464 466 392 390 465 430 391 429
8 466 468 394 392 467 431 393 430
8 468 470 396 394 469 432 395 431
8 470 472 398 396 471 433 397 432
8 472 474 400 398 473 434 399 433
8 474 476 402 400 475 435 401 434
8 476 478 404 402 477 436 403 435
8 478 480 406 404 479 437 405 436
8 480 482 408 406 481 438 407 437
8 482 484 410 408 483 439 409 438
8 484 486 412 410 485 440 411 439
8 486 488 414 412 487 441 413 440
8 488 490 416 414 489 442 415 441
8 490 492 418 416 491 443 417 442
8 518 520 446 444 519 494 445 493
8 520 522 448 446 521 495 447 494
8 522 524 450 448 523 496 449 495
8 524 526 452 450 525 497 451 496
8 526 528 454 452 527 498 453 497
8 528 530 456 454 529 499 455 498
8 530 532 458 456 531 500 457 499
8 532 534 460 458 533 501 459 500
8 534 536 462 460 535 502 461 501
8 536 538 464 462 537 503 463 502
8 538 540 466 464 539 504 465 503
8 540 542 468 466 541 505 467 504
8 542 544 470 468 543 506 469 505
8 544 546 472 470 545 507 471 506
8 546 548 474 472 547 508 473 507
8 548 550 476 474 549 509 475 508
8 550 552 478 476 551 510 477 509
8 552 554 480 478 553 511 479 510
8 554 556 482 480 555 512 481 511
8 556 558 484 482 557 513 483 512
8 558 560 486 484 559 514 485 513
8 560 562 488 486 561 515 487 514
8 562 564 490 488 563 516 489 515
8 564 566 492 490 565 517 491 516
8 592 594 520 518 593 568 519 567
8 594 596 522 520 595 569 521 568
8 596 598 524 522 597 570 523 569
8 598 600 526 524 599 571 525 570
8 600 602 528 526 601 572 527 571
8 602 604 530 528 603 573 529 572
8 604 606 532 530 605 574 531 573
8 606 608 534 532 607 575 533 574
8 608 610 536 534 609 576 535 575
8 610 612 538 536 611 577 537 576
8 612 614 540 538 613 578 539 577
8 614 616 542 540 615 579 541 578
8 616 618 544 542 617 580 543 579
8 618 620 546 544 619 581 545 580
8 620 622 548 546 621 582 547 581
8 622 624 550 548 623 583 549 582
8 624 626 552 550 625 584 551 583
8 626 628 554 552 627 585 553 584
8 628 630 556 554 629 586 555 585
8 630 632 558 556 631 587 557 586
8 632 634 560 558 633 588 559 587
8 634 636 562 560 635 589 561 588
8 636 638 564 562 637 590 563 589
8 638 640 566 564 639 591 565 590
8 666 668 594 592 667 642 593 641
8 668 670 596 594 669 643 595 642
8 670 672 598 596 671 644 597 643
8 672 674 600 598 673 645 599 644
8 674 676 602 600 675 646 601 645
8 676 678 604 602 677 647 603 646
8 678 680 606 604 679 648 605 647
8 680 682 608 606 681 649 607 648
8 682 684 610 608 683 650 609 649
8 684 686 612 610 685 651 611 650
8 686 688 614 612 687 652 613 651
8 688 690 616 614 689 653 615 652
8 690 692 618 616 691 654 617 653
8 692 694 620 618 693 655 619 654
8 694 696 622 620 695 656 621 655
8 696 698 624 622 697 657 623 656
8 698 700 626 624 699 658 625 657
8 700 702 628 626 701 659 627 658
8 702 704 630 628 703 660 629 659
8 704 706 632 630 705 661 631 660
8 706 708 634 632 707 662 633 661
8 708 710 636 634 709 663 635 662
8 710 712 638 636 711 664 637 663
8 712 714 640 638 713 665 639 664
8 740 742 668 666 741 716 667 715
8 742 744 670 668 743 717 669 716
8 744 746 672 670 745 718 671 717
8 746 748 674 672 747 719 673 718
8 748 750 676 674 749 720 675 719
8 750 752 678 676 751 721 677 720
8 752 754 680 678 753 722 679 721
8 754 756 682 680 755 723 681 722
8 756 758 684 682 757 724 683 723
8 758 760 686 684 759 725 685 724
8 760 762 688 686 761 726 687 725
8 762 764 690 688 763 727 689 726
8 764 766 692 690 765 728 691 727
8 766 768 694 692 767 729 693 728
8 768 770 696 694 769 730 695 729
8 770 772 698 696 771 731 697 730
8 772 774 700 698 773 732 699 731
8 774 776 702 700 775 733 701 732
8 776 778 704 702 777 734 703 733
8 778 780 706 704 779 735 705 734
8 780 782 708 706 781 736 707 735
8 782 784 710 708 783 737 709 736
8 784 786 712 710 785 738 711 737
8 786 788 714 712 787 739 713 738
8 814 816 742 740 815 790 741 789
8 816 818 744 742 817 791 743 790
8 818 820 746 744 819 792 745 791
8 820 822 748 746 821 793 747 792
8 822 824 750 748 823 794 749 793
8 824 826 752 750 825 795 751 794
8 826 828 754 752 827 796 753 795
8 828 830 756 754 829 797 755 796
8 830 832 758 756 831 798 757 797
8 832 834 760 758 833 799 759 798
8 834 836 762 760 835 800 761 799
8 836 838 764 762 837 801 763 800
8 838 840 766 764 839 802 765 801
8 840 842 768 766 841 803 767 802
8 842 844 770 768 843 804 769 803
8 844 846 772 770 845 805 771 804
8 846 848 774 772 847 806 773 805
8 848 850 776 774 849 807 775 806
8 850 852 778 776 851 808 777 807
8 852 854 780 778 853 809 779 808
8 854 856 782 780 855 810 781 809
8 856 858 784 782 857 811 783 810
8 858 860 786 784 859 812 785 811
8 860 862 788 786 861 813 787 812
8 888 890 816 814 889 864 815 863
8 890 892 818 816 891 865 817 864
8 892 894 820 818 893 866 819 865
8 894 896 822 820 895 867 821 866
8 896 898 824 822 897 868 823 867
8 898 900 826 824 899 869 825 868
8 900 902 828 826 901 870 827 869
8 902 904 830 828 903 871 829 870
8 904 906 832 830 905 872 831 871
8 906 908 834 832 907 873 833 872
8 908 910 836 834 909 874 835 873
8 910 912 838 836 911 875 837 874
8 912 914 840 838 913 876 839 875
8 914 916 842 840 915 877 841 876
8 916 918 844 842 917 878 843 877
8 918 920 846 844 919 879 845 878
8 920 922 848 846 921 880 847 879
8 922 924 850 848 923 881 849 880
8 924 926 852 850 925 882 851 881
8 926 928 854 852 927 883 853 882
8 928 930 856 854 929 884 855 883
8 930 932 858 856 931 885 857 884
8 932 934 860 858 933 886 859 885
8 934 936 862 860 935 887 861 886
8 962 964 890 888 963 938 889 937
8 964 966 892 890 965 939 891 938
8 966 968 894 892 967 940 893 939
8 968 970 896 894 969 941 895 940
8 970 972 898 896 971 942 897 941
8 972 974 900 898 973 943 899 942
8 974 976 902 900 975 944 901 943
8 976 978 904 902 977 945 903 944
8 978 980 906 904 979 946 905 945
8 980 982 908 906 981 947 907 946
8 982 984 910 908 983 948 909 947
8 984 986 912 910 985 949 911 948
8 986 988 914 912 987 950 913 949
8 988 990 916 914 989 951 915 950
8 990 992 918 916 991 952 917 951
8 992 994 920 918 993 953 919 952
8 994 996 922 920 995 954 921 953
8 996 998 924 922 997 955 923 954
8 998 1000 926 924 999 956 925 955
8 1000 1002 928 926 1001 957 927 956
8 1002 1004 930 928 1003 958 929 957
8 1004 1006 932 930 1005 959 931 958
8 1006 1008 934 932 1007 960 933 959
8 1008 1010 936 934 1009 961 935 960
8 1036 1038 964 962 1037 1012 963 1011
8 1038 1040 966 964 1039 1013 965 1012
8 1040 1042 968 966 1041 1014 967 1013
8 1042 1044 970 968 1043 1015 969 1014
8 1044 1046 972 970 1045 1016 971 1015
8 1046 1048 974 972 1047 1017 973 1016
8 1048 1050 976 974 1049 1018 975 1017
8 1050 1052 978 976 1051 1019 977 1018
8 1052 1054 980 978 1053 1020 979 1019
8 1054 1056 982 980 1055 1021 981 1020
8 1056 1058 984 982 1057 1022 983 1021
8 1058 1060 986 984 1059 1023 985 1022
8 1060 1062 988 986 1061 1024 987 1023
8 1062 1064 990 988 1063 1025 989 1024
8 1064 1066 992 990 1065 1026 991 1025
8 1066 1068 994 992 1067 1027 993 1026
8 1068 1070 996 994 1069 1028 995 1027
8 1070 1072 998 996 1071 1029 997 1028
8 1072 1074 1000 998 1073 1030 999 1029
8 1074 1076 1002 1000 1075 1031 1001 1030
8 1076 1078 1004 1002 1077 1032 1003 1031
8 1078 1080 1006 1004 1079 1033 1005 1032
8 1080 1082 1008 1006 1081 1034 1007 1033
8 1082 1084 1010 1008 1083 1035 1009 1034
8 1110 1112 1038 1036 1111 1086 1037 1085
8 1112 1114 1040 1038 1113 1087 1039 1086
8 1114 1116 1042 1040 1115 1088 1041 1087
8 1116 1118 1044 1042 1117 1089 1043 1088
8 1118 1120 1046 1044 1119 1090 1045 1089
8 1120 1122 1048 1046 1121 1091 1047 1090
8 1122 1124 1050 1048 1123 1092 1049 1091
8 1124 1126 1052 1050 1125 1093 1051 1092
8 1126 1128 1054 1052 1127 1094 1053 1093
8 1128 1130 1056 1054 1129 1095 1055 1094
8 1130 1132 1058 1056 1131 1096 1057 1095
8 1132 1134 1060 1058 1133 1097 1059 1096
8 1134 1136 1062 1060 1135 1098 1061 1097
8 1136 1138 1064 1062 1137 1099 1063 1098
8 1138 1140 1066 1064 1139 1100 1065 1099
8 1140 1142 1068 1066 1141 1101 1067 1100
8 1142 1144 1070 1068 1143 1102 1069 1101
8 1144 1146 1072 1070 1145 1103 1071 1102
8 1146 1148 1074 1072 1147 1104 1073 1103
8 1148 1150 1076 1074 1149 1105 1075 1104
8 1150 1152 1078 1076 1151 1106 1077 1105
8 1152 1154 1080 1078 1153 1107 1079 1106
8 1154 1156 1082 1080 1155 1108 1081 1107
8 1156 1158 1084 1082 1157 1109 1083 1108
8 1184 1186 1112 1110 1185 1160 1111 1159
8 1186 1188 1114 1112 1187 1161 1113 1160
8 1188 1190 1116 1114 1189 1162 1115 1161
8 1190 1192 1118 1116 1191 1163 1117 1162
8 1192 1194 1120 1118 1193 1164 1119 1163
8 1194 1196 1122 1120 1195 1165 1121 1164
8 1196 1198 1124 1122 1197 1166 1123 1165
8 1198 1200 1126 1124 1199 1167 1125 1166
8 1200 1202 1128 1126 1201 1168 1127 1167
8 1202 1204 1130 1128 1203 1169 1129 1168
8 1204 1206 1132 1130 1205 1170 1131 1169
8 1206 1208 1134 1132 1207 1171 1133 1170
8 1208 1210 1136 1134 1209 1172 1135 1171
8 1210 1212 1138 1136 1211 1173 1137 1172
8 1212 1214 1140 1138 1213 1174 1139 1173
8 1214 1216 1142 1140 1215 1175 1141 1174
8 1216 1218 1144 1142 1217 1176 1143 1175
8 1218 1220 1146 1144 1219 1177 1145 1176
8 1220 1222 1148 1146 1221 1178 1147 1177
8 1222 1224 1150 1148 1223 1179 1149 1178
8 1224 1226 1152 1150 1225 1180 1151 1179
8 1226 1228 1154 1152 1227 1181 1153 1180
8 1228 1230 1156 1154 1229 1182 1155 1181
8 1230 1232 1158 1156 1231 1183 1157 1182
8 1258 1260 1186 1184 1259 1234 1185 1233
8 1260 1262 1188 1186 1261 1235 1187 1234
8 1262 1264 1190 1188 1263 1236 1189 1235
8 1264 1266 1192 1190 1265 1237 1191 1236
8 1266 1268 1194 1192 1267 1238 1193 1237
8 1268 1270 1196 1194 1269 1239 1195 1238
8 1270 1272 1198 1196 1271 1240 1197 1239
8 1272 1274 1200 1198 1273 1241 1199 1240
8 1274 1276 1202 1200 1275 1242 1201 1241
8 1276 1278 1204 1202 1277 1243 1203 1242
8 1278 1280 1206 1204 1279 1244 1205 1243
8 1280 1282 1208 1206 1281 1245 1207 1244
8 1282 1284 1210 1208 1283 1246 1209 1245
8 1284 1286 1212 1210 1285 1247 1211 1246
8 1286 1288 1214 1212 1287 1248 1213 1247
8 1288 1290 1216 1214 1289 1249 1215 1248
8 1290 1292 1218 1216 1291 1250 1217 1249
8 1292 1294 1220 1218 1293 1251 1219 1250
8 1294 1296 1222 1220 1295 1252 1221 1251
8 1296 1298 1224 1222 1297 1253 1223 1252
8 1298 1300 1226 1224 1299 1254 1225 1253
8 1300 1302 1228 1226 1301 1255 1227 1254
8 1302 1304 1230 1228 1303 1256 1229 1255
8 1304 1306 1232 1230 1305 1257 1231 1256
8 1332 1334 1260 1258 1333 1308 1259 1307
8 1334 1336 1262 1260 1335 1309 1261 1308
8 1336 1338 1264 1262 1337 1310 1263 1309
8 1338 1340 1266 1264 1339 1311 1265 1310
8 1340 1342 1268 1266 1341 1312 1267 1311
8 1342 1344 1270 1268 1343 1313 1269 1312
8 1344 1346 1272 1270 1345 1314 1271 1313
8 1346 1348 1274 1272 1347 1315 1273 1314
8 1348 1350 1276 1274 1349 1316 1275 1315
8 1350 1352 1278 1276 1351 1317 1277 1316
8 1352 1354 1280 1278 1353 1318 1279 1317
8 1354 1356 1282 1280 1355 1319 1281 1318
8 1356 1358 1284 1282 1357 1320 1283 1319
8 1358 1360 1286 1284 1359 1321 1285 1320
8 1360 1362 1288 1286 1361 1322 1287 1321
8 1362 1364 1290 1288 1363 1323 1289 1322
8 1364 1366 1292 1290 1365 1324 1291 1323
8 1366 1368 1294 1292 1367 1325 1293 1324
8 1368 1370 1296 1294 1369 1326 1295 1325
8 1370 1372 1298 1296 1371 1327 1297 1326
8 1372 1374 1300 1298 1373 1328 1299 1327
8 1374 1376 1302 1300 1375 1329 1301 1328
8 1376 1378 1304 1302 1377 1330 1303 1329
8 1378 1380 1306 1304 1379 1331 1305 1330
8 1406 1408 1334 1332 1407 1382 1333 1381
8 1408 1410 1336 1334 1409 1383 1335 1382
8 1410 1412 1338 1336 1411 1384 1337 1383
8 1412 1414 1340 1338 1413 1385 1339 1384
8 1414 1416 1342 1340 1415 1386 1341 1385
8 1416 1418 1344 1342 1417 1387 1343 1386
8 1418 1420 1346 1344 1419 1388 1345 1387
8 1420 1422 1348 1346 1421 1389 1347 1388
8 1422 1424 1350 1348 1423 1390 1349 1389
8 1424 1426 1352 1350 1425 1391 1351 1390
8 1426 1428 1354 1352 1427 1392 1353 1391
8 1428 1430 1356 1354 1429 1393 1355 1392
8 1430 1432 1358 1356 1431 1394 1357 1393
8 1432 1434 1360 1358 1433 1395 1359 1394
8 1434 1436 1362 1360 1435 1396 1361 1395
8 1436 1438 1364 1362 1437 1397 1363 1396
8 1438 1440 1366 1364 1439 1398 1365 1397
8 1440 1442 1368 1366 1441 1399 1367 1398
8 1442 1444 1370 1368 1443 1400 1369 1399
8 1444 1446 1372 1370 1445 1401 1371 1400
8 1446 1448 1374 1372 1447 1402 1373 1401
8 1448 1450 1376 1374 1449 1403 1375 1402
8 1450 1452 1378 1376 1451 1404 1377 1403
8 1452 1454 1380 1378 1453 1405 1379 1404
8 1480 1482 1408 1406 1481 1456 1407 1455
8 1482 1484 1410 1408 1483 1457 1409 1456
8 1484 1486 1412 1410 1485 1458 1411 1457
8 1486 1488 1414 1412 1487 1459 1413 1458
8 1488 1490 1416 1414 1489 1460 1415 1459
8 1490 1492 1418 1416 1491 1461 1417 1460
8 1492 1494 1420 1418 1493 1462 1419 1461
8 1494 1496 1422 1420 1495 1463 1421 1462
8 1496 1498 1424 1422 1497 1464 1423 1463
8 1498 1500 1426 1424 1499 1465 1425 1464
8 1500 1502 1428 1426 1501 1466 1427 1465
8 1502 1504 1430 1428 1503 1467 1429 1466
8 1504 1506 1432 1430 1505 1468 1431 1467
8 1506 1508 1434 1432 1507 1469 1433 1468
8 1508 1510 1436 1434 1509 1470 1435 1469
8 1510 1512 1438 1436 1511 1471 1437 1470
8 1512 1514 1440 1438 1513 1472 1439 1471
8 1514 1516 1442 1440 1515 1473 1441 1472
8 1516 1518 1444 1442 1517 1474 1443 1473
8 1518 1520 1446 1444 1519 1475 1445 1474
8 1520 1522 1448 1446 1521 1476 1447 1475
8 1522 1524 1450 1448 1523 1477 1449 1476
8 1524 1526 1452 1450 1525 1478 1451 1477
8 1526 1528 1454 1452 1527 1479 1453 1478
8 1554 1556 1482 1480 1555 1530 1481 1529
8 1556 1558 1484 1482 1557 1531 1483 1530
8 1558 1560 1486 1484 1559 1532 1485 1531
8 1560 1562 1488 1486 1561 1533 1487 1532
8 1562 1564 1490 1488 1563 1534 1489 1533
8 1564 1566 1492 1490 1565 1535 1491 1534
8 1566 1568 1494 1492 1567 1536 1493 1535
8 1568 1570 1496 1494 1569 1537 1495 1536
8 1570 1572 1498 1496 1571 1538 1497 1537
8 1572 1574 1500 1498 1573 1539 1499 1538
8 1574 1576 1502 1500 1575 1540 1501 1539
8 1576 1578 1504 1502 1577 1541 1503 1540
8 1578 1580 1506 1504 1579 1542 1505 1541
8 1580 1582 1508 1506 1581 1543 1507 1542
8 1582 1584 1510 1508 1583 1544 1509 1543
8 1584 1586 1512 1510 1585 1545 1511 1544
8 1586 1588 1514 1512 1587 1546 1513 1545
8 1588 1590 1516 1514 1589 1547 1515 1546
8 1590 1592 1518 1516 1591 1548 1517 1547
8 1592 1594 1520 1518 1593 1549 1519 1548
8 1594 1596 1522 1520 1595 1550 1521 1549
8 1596 1598 1524 1522 1597 1551 1523 1550
8 1598 1600 1526 1524 1599 1552 1525 1551
8 1600 1602 1528 1526 1601 1553 1527 1552
8 1628 1630 1556 1554 1629 1604 1555 1603
8 1630 1632 1558 1556 1631 1605 1557 1604
8 1632 1634 1560 1558 1633 1606 1559 1605
8 1634 1636 1562 1560 1635 1607 1561 1606
8 1636 1638 1564 1562 1637 1608 1563 1607
8 1638 1640 1566 1564 1639 1609 1565 1608
8 1640 1642 1568 1566 1641 1610 1567 1609
8 1642 1644 1570 1568 1643 1611 1569 1610
8 1644 1646 1572 1570 1645 1612 1571 1611
8 1646 1648 1574 1572 1647 1613 1573 1612
8 1648 1650 1576 1574 1649 1614 1575 1613
8 1650 1652 1578 1576 1651 1615 1577 1614
8 1652 1654 1580 1578 1653 1616 1579 1615
8 1654 1656 1582 1580 1655 1617 1581 1616
8 1656 1658 1584 1582 1657 1618 1583 1617
8 1658 1660 1586 1584 1659 1619 1585 1618
8 1660 1662 1588 1586 1661 1620 1587 1619
8 1662 1664 1590 1588 1663 1621 1589 1620
8 1664 1666 1592 1590 1665 1622 1591 1621
8 1666 1668 1594 1592 1667 1623 1593 1622
8 1668 1670 1596 1594 1669 1624 1595 1623
8 1670 1672 1598 1596 1671 1625 1597 1624
8 1672 1674 1600 1598 1673 1626 1599 1625
8 1674 1676 1602 1600 1675 1627 1601 1626
8 1702 1704 1630 1628 1703 1678 1629 1677
8 1704 1706 1632 1630 1705 1679 1631 1678
8 1706 1708 1634 1632 1707 1680 1633 1679
8 1708 1710 1636 1634 1709 1681 1635 1680
8 1710 1712 1638 1636 1711 1682 1637 1681
8 1712 1714 1640 1638 1713 1683 1639 1682
8 1714 1716 1642 1640 1715 1684 1641 1683
8 1716 1718 1644 1642 1717 1685 1643 1684
8 1718 1720 1646 1644 1719 1686 1645 1685
8 1720 1722 1648 1646 1721 1687 1647 1686
8 1722 1724 1650 1648 1723 1688 1649 1687
8 1724 1726 1652 1650 1725 1689 1651 1688
8 1726 1728 1654 1652 1727 1690 1653 1689
8 1728 1730 1656 1654 1729 1691 1655 1690
8 1730 1732 1658 1656 1731 1692 1657 1691
8 1732 1734 1660 1658 1733 1693 1659 1692
8 1734 1736 1662 1660 1735 1694 1661 1693
8 1736 1738 1664 1662 1737 1695 1663 1694
8 1738 1740 1666 1664 1739 1696 1665 1695
8 1740 1742 1668 1666 1741 1697 1667 1696
8 1742 1744 1670 1668 1743 1698 1669 1697
8 1744 1746 1672 1670 1745 1699 1671 1698
8 1746 1748 1674 1672 1747 1700 1673 1699
8 1748 1750 1676 1674 1749 1701 1675 1700
8 1776 1778 1704 1702 1777 1752 1703 1751
8 1778 1780 1706 1704 1779 1753 1705 1752
8 1780 1782 1708 1706 1781 1754 1707 1753
8 1782 1784 1710 1708 1783 1755 1709 1754
8 1784 1786 1712 1710 1785 1756 1711 1755
8 1786 1788 1714 1712 1787 1757 1713 1756
8 1788 1790 1716 1714 1789 1758 1715 1757
8 1790 1792 1718 1716 1791 1759 1717 1758
8 1792 1794 1720 1718 1793 1760 1719 1759
8 1794 1796 1722 1720 1795 1761 1721 1760
8 1796 1798 1724 1722 1797 1762 1723 1761
8 1798 1800 1726 1724 1799 1763 1725 1762
8 1800 1802 1728 1726 1801 1764 1727 1763
8 1802 1804 1730 1728 1803 1765 1729 1764
8 1804 1806 1732 1730 1805 1766 1731 1765
8 1806 1808 1734 1732 1807 1767 1733 1766
8 1808 1810 1736 1734 1809 1768 1735 1767
8 1810 1812 1738 1736 1811 1769 1737 1768
8 1812 1814 1740 1738 1813 1770 1739 1769
8 1814 1816 1742 1740 1815 1771 1741 1770
8 1816 1818 1744 1742 1817 1772 1743 1771
8 1818 1820 1746 1744 1819 1773 1745 1772
8 1820 1822 1748 1746 1821 1774 1747 1773
8 1822 1824 1750 1748 1823 1775 1749 1774
8 1850 1852 1778 1776 1851 1826 1777 1825
8 1852 1854 1780 1778 1853 1827 1779 1826
8 1854 1856 1782 1780 1855 1828 1781 1827
8 1856 1858 1784 1782 1857 1829 1783 1828
8 1858 1860 1786 1784 1859 1830 1785 1829
8 1860 1862 1788 1786 1861 1831 1787 1830
8 1862 1864 1790 1788 1863 1832 1789 1831
8 1864 1866 1792 1790 1865 1833 1791 1832
8 1866 1868 1794 1792 1867 1834 1793 1833
8 1868 1870 1796 1794 1869 1835 1795 1834
8 1870 1872 1798 1796 1871 1836 1797 1835
8 1872 1874 1800 1798 1873 1837 1799 1836
8 1874 1876 1802 1800 1875 1838 1801 1837
8 1876 1878 1804 1802 1877 1839 1803 1838
8 1878 1880 1806 1804 1879 1840 1805 1839
8 1880 1882 1808 1806 1881 1841 1807 1840
8 1882 1884 1810 1808 1883 1842 1809 1841
8 1884 1886 1812 1810 1885 1843 1811 1842
8 1886 1888 1814 1812 1887 1844 1813 1843
8 1888 1890 1816 1814 1889 1845 1815 1844
8 1890 1892 1818 1816 1891 1846 1817 1845
8 1892 1894 1820 1818 1893 1847 1819 1846
8 1894 1896 1822 1820 1895 1848 1821 1847
8 1896 1898 1824 1822 1897 1849 1823 1848
8 1924 1926 1852 1850 1925 1900 1851 1899
8 1926 1928 1854 1852 1927 1901 1853 1900
8 1928 1930 1856 1854 1929 1902 1855 1901
8 1930 1932 1858 1856 1931 1903 1857 1902
8 1932 1934 1860 1858 1933 1904 1859 1903
8 1934 1936 1862 1860 1935 1905 1861 1904
8 1936 1938 1864 1862 1937 1906 1863 1905
8 1938 1940 1866 1864 1939 1907 1865 1906
8 1940 1942 1868 1866 1941 1908 1867 1907
8 1942 1944 1870 1868 1943 1909 1869 1908
8 1944 1946 1872 1870 1945 1910 1871 1909
8 1946 1948 1874 1872 1947 1911 1873 1910
8 1948 1950 1876 1874 1949 1912 1875 1911
8 1950 1952 1878 1876 1951 1913 1877 1912
8 1952 1954 1880 1878 1953 1914 1879 1913
8 1954 1956 1882 1880 1955 1915 1881 1914
8 1956 1958 1884 1882 1957 1916 1883 1915
8 1958 1960 1886 1884 1959 1917 1885 1916
8 1960 1962 1888 1886 1961 1918 1887 1917
8 1962 1964 1890 1888 1963 1919 1889 1918
8 1964 1966 1892 1890 1965 1920 1891 1919
8 1966 1968 1894 1892 1967 1921 1893 1920
8 1968 1970 1896 1894 1969 1922 1895 1921
8 1970 1972 1898 1896 1971 1923 1897 1922
8 1998 2000 1926 1924 1999 1974 1925 1973
8 2000 2002 1928 1926 2001 1975 1927 1974
8 2002 2004 1930 1928 2003 1976 1929 1975
8 2004 2006 1932 1930 2005 1977 1931 1976
8 2006 2008 1934 1932 2007 1978 1933 1977
8 2008 2010 1936 1934 2009 1979 1935 1978
8 2010 2012 1938 1936 2011 1980 1937 1979
8 2012 2014 1940 1938 2013 1981 1939 1980
8 2014 2016 1942 1940 2015 1982 1941 1981
8 2016 2018 1944 1942 2017 1983 1943 1982
8 2018 2020 1946 1944 2019 1984 1945 1983
8 2020 2022 1948 1946 2021 1985 1947 1984
8 2022 2024 1950 1948 2023 1986 1949 1985
8 2024 2026 1952 1950 2025 1987 1951 1986
8 2026 2028 1954 1952 2027 1988 1953 1987
8 2028 2030 1956 1954 2029 1989 1955 1988
8 2030 2032 1958 1956 2031 1990 1957 1989
8 2032 2034 1960 1958 2033 1991 1959 1990
8 2034 2036 1962 1960 2035 1992 1961 1991
8 2036 2038 1964 1962 2037 1993 1963 1992
8 2038 2040 1966 1964 2039 1994 1965 1993
8 2040 2042 1968 1966 2041 1995 1967 1994
8 2042 2044 1970 1968 2043 1996 1969 1995
8 2044 2046 1972 1970 2045 1997 1971 1996
8 2072 2074 2000 1998 2073 2048 1999 2047
8 2074 2076 2002 2000 2075 2049 2001 2048
8 2076 2078 2004 2002 2077 2050 2003 2049
8 2078 2080 2006 2004 2079 2051 2005 2050
8 2080 2082 2008 2006 2081 2052 2007 2051
8 2082 2084 2010 2008 2083 2053 2009 2052
8 2084 2086 2012 2010 2085 2054 2011 2053
8 2086 2088 2014 2012 2087 2055 2013 2054
8 2088 2090 2016 2014 2089 2056 2015 2055
8 2090 2092 2018 2016 2091 2057 2017 2056
8 2092 2094 2020 2018 2093 2058 2019 2057
8 2094 2096 2022 2020 2095 2059 2021 2058
8 2096 2098 2024 2022 2097 2060 2023 2059
8 2098 2100 2026 2024 2099 2061 2025 2060
8 2100 2102 2028 2026 2101 2062 2027 2061
8 2102 2104 2030 2028 2103 2063 2029 2062
8 2104 2106 2032 2030 2105 2064 2031 2063
8 2106 2108 2034 2032 2107 2065 2033 2064
8 2108 2110 2036 2034 2109 2066 2035 2065
8 2110 2112 2038 2036 2111 2067 2037 2066
8 2112 2114 2040 2038 2113 2068 2039 2067
8 2114 2116 2042 2040 2115 2069 2041 2068
8 2116 2118 2044 2042 2117 2070 2043 2069
8 2118 2120 2046 2044 2119 2071 2045 2070
8 2146 2148 2074 2072 2147 2122 2073 2121
8 2148 2150 2076 2074 2149 2123 2075 2122
8 2150 2152 2078 2076 2151 2124 2077 2123
8 2152 2154 2080 2078 2153 2125 2079 2124
8 2154 2156 2082 2080 2155 2126 2081 2125
8 2156 2158 2084 2082 2157 2127 2083 2126
8 2158 2160 2086 2084 2159 2128 2085 2127
8 2160 2162 2088 2086 2161 2129 2087 2128
8 2162 2164 2090 2088 2163 2130 2089 2129
8 2164 2166 2092 2090 2165 2131 2091 2130
8 2166 2168 2094 2092 2167 2132 2093 2131
8 2168 2170 2096 2094 2169 2133 2095 2132
8 2170 2172 2098 2096 2171 2134 2097 2133
8 2172 2174 2100 2098 2173 2135 2099 2134
8 2174 2176 2102 2100 2175 2136 2101 2135
8 2176 2178 2104 2102 2177 2137 2103 2136
8 2178 2180 2106 2104 2179 2138 2105 2137
8 2180 2182 2108 2106 2181 2139 2107 2138
8 2182 2184 2110 2108 2183 2140 2109 2139
8 2184 2186 2112 2110 2185 2141 2111 2140
8 2186 2188 2114 2112 2187 2142 2113 2141
8 2188 2190 2116 2114 2189 2143 2115 2142
8 2190 2192 2118 2116 2191 2144 2117 2143
8 2192 2194 2120 2118 2193 2145 2119 2144
8 2220 2222 2148 2146 2221 2196 2147 2195
8 2222 2224 2150 2148 2223 2197 2149 2196
8 2224 2226 2152 2150 2225 2198 2151 2197
8 2226 2228 2154 2152 2227 2199 2153 2198
8 2228 2230 2156 2154 2229 2200 2155 2199
8 2230 2232 2158 2156 2231 2201 2157 2200
8 2232 2234 2160 2158 2233 2202 2159 2201
8 2234 2236 2162 2160 2235 2203 2161 2202
8 2236 2238 2164 2162 2237 2204 2163 2203
8 2238 2240 2166 2164 2239 2205 2165 2204
8 2240 2242 2168 2166 2241 2206 2167 2205
8 2242 2244 2170 2168 2243 2207 2169 2206
8 2244 2246 2172 2170 2245 2208 2171 2207
8 2246 2248 2174 2172 2247 2209 2173 2208
8 2248 2250 2176 2174 2249 2210 2175 2209
8 2250 2252 2178 2176 2251 2211 2177 2210
8 2252 2254 2180 2178 2253 2212 2179 2211
8 2254 2256 2182 2180 2255 2213 2181 2212
8 2256 2258 2184 2182 2257 2214 2183 2213
8 2258 2260 2186 2184 2259 2215 2185 2214
8 2260 2262 2188 2186 2261 2216 2187 2215
8 2262 2264 2190 2188 2263 2217 2189 2216
8 2264 2266 2192 2190 2265 2218 2191 2217
8 2266 2268 2194 2192 2267 2219 2193 2218
8 2294 2296 2222 2220 2295 2270 2221 2269
8 2296 2298 2224 2222 2297 2271 2223 2270
8 2298 2300 2226 2224 2299 2272 2225 2271
8 2300 2302 2228 2226 2301 2273 2227 2272
8 2302 2304 2230 2228 2303 2274 2229 2273
8 2304 2306 2232 2230 2305 2275 2231 2274
8 2306 2308 2234 2232 2307 2276 2233 2275
8 2308 2310 2236 2234 2309 2277 2235 2276
8 2310 2312 2238 2236 2311 2278 2237 2277
8 2312 2314 2240 2238 2313 2279 2239 2278
8 2314 2316 2242 2240 2315 2280 2241 2279
8 2316 2318 2244 2242 2317 2281 2243 2280
8 2318 2320 2246 2244 2319 2282 2245 2281
8 2320 2322 2248 2246 2321 2283 2247 2282
8 2322 2324 2250 2248 2323 2284 2249 2283
8 2324 2326 2252 2250 2325 2285 2251 2284
8 2326 2328 2254 2252 2327 2286 2253 2285
8 2328 2330 2256 2254 2329 2287 2255 2286
8 2330 2332 2258 2256 2331 2288 2257 2287
8 2332 2334 2260 2258 2333 2289 2259 2288
8 2334 2336 2262 2260 2335 2290 2261 2289
8 2336 2338 2264 2262 2337 2291 2263 2290
8 2338 2340 2266 2264 2339 2292 2265 2291
8 2340 2342 2268 2266 2341 2293 2267 2292
0 2
0 -82
1 2
0 -82
2 2 
0 -82
0 49 74 123 148 197 222 271 296 345 370 419 444 493 518 567 592 641 666 715 740 789 814 863 888 937 962 1011 1036 1085 1110 1159 1184 1233 1258 1307 1332 1381 1406 1455 1480 1529 1554 1603 1628 1677 1702 1751 1776 1825 1850 1899 1924 1973 1998 2047 2072 2121 2146 2195 2220 2269 2294 48 73 122 147 196 221 270 295 344 369 418 443 492 517 566 591 640 665 714 739 788 813 862 887 936 961 1010 1035 1084 1109 1158 1183 1232 1257 1306 1331 1380 1405 1454 1479 1528 1553 1602 1627 1676 1701 1750 1775 1824 1849 1898 1923 1972 1997 2046 2071 2120 2145 2194 2219 2268 2293 2342 2295 2296 2297 2298 2299 2300 2301 2302 2303 2304 2305 2306 2307 2308 2309 2310 2311 2312 2313 2314 2315 2316 2317 2318 2319 2320 2321 2322 2323 2324 2325 2326 2327 2328 2329 2330 2331 2332 2333 2334 2335 2336 2337 2338 2339 2340 2341 
0.00000 0.00000 0.00000 0.00000 0.00000 0.00000 0.00000 0.00000 0.00000 0.00000 0.00000 0.00000 0.00000 0.00000 0.00000 0.00000 0.00000 0.00000 0.00000 0.00000 0.00000 0.00000 0.00000 0.00000 0.00000 0.00000 0.00000 0.00000 0.00000 0.00000 0.00000 0.00000 0.00000 0.00000 0.00000 0.00000 0.00000 0.00000 0.00000 0.00000 0.00000 0.00000 0.00000 0.00000 0.00000 0.00000 0.00000 0.00000 0.00000 0.00000 0.00000 0.00000 0.00000 0.00000 0.00000 0.00000 0.00000 0.00000 0.00000 0.00000 0.00000 0.00000 0.00000 0.00000 0.00000 0.00000 0.00000 0.00000 0.00000 0.00000 0.00000 0.00000 0.00000 0.00000 0.00000 0.00000 0.00000 0.00000 0.00000 0.00000 0.00000 0.00000 0.00000 0.00000 0.00000 0.00000 0.00000 0.00000 0.00000 0.00000 0.00000 0.00000 0.00000 0.00000 0.00000 0.00000 0.00000 0.00000 0.00000 0.00000 0.00000 0.00000 0.00000 0.00000 0.00000 0.00000 0.00000 0.00000 0.00000 0.00000 0.00000 0.00000 0.00000 0.00000 0.00000 0.00000 0.00000 0.00000 0.00000 0.00000 0.00000 0.00000 0.00000 0.00000 0.00000 0.00000 0.00000 0.00000 0.00000 0.00000 0.00000 0.00000 0.00000 0.00000 0.00000 0.00000 0.00000 0.00000 0.00000 0.00000 0.00000 0.00000 0.00000 0.00000 0.00000 0.00000 0.00000 0.00000 0.00000 0.00000 0.00000 0.00000 0.00000 0.00000 0.00000 0.00000 0.00000 0.00000 0.00000 0.00000 0.00000 0.00000 0.00000 0.00000 0.00000 0.00000 0.00000 0.00000 0.00000 0.00000 0.00000 0.00000 0.00000 
2294 2295 2296 2297 2298 2299 2300 2301 2302 2303 2304 2305 2306 2307 2308 2309 2310 2311 2312 2313 2314 2315 2316 2317 2318 2319 2320 2321 2322 2323 2324 2325 2326 2327 2328 2329 2330 2331 2332 2333 2334 2335 2336 2337 2338 2339 2340 2341 2342 
0.00000 0.00000 0.00000 0.00000 0.00000 0.00000 0.00000 0.00000 0.00000 0.00000 0.00000 0.00000 0.00000 0.00000 0.00000 0.00000 0.00000 0.00000 0.00000 0.00000 0.00000 0.00000 0.00000 0.00000 0.00000 0.00000 0.00000 0.00000 0.00000 0.00000 0.00000 0.00000 0.00000 0.00000 0.00000 0.00000 0.00000 0.00000 0.00000 0.00000 0.00000 0.00000 0.00000 0.00000 0.00000 0.00000 0.00000 0.00000 0.00000