40 9 1 0 0 1 19 7
0 0
3 0
6 0
9 0
12 0
15 0
18 0
0 -3
6 -3
12 -3
18 -3
0 -6
3 -6
6 -6
9 -6
12 -6
15 -6
18 -6
0 -9
6 -9
12 -9
18 -9
0 -12
3 -12
6 -12
9 -12
12 -12
15 -12
18 -12
0 -15
6 -15
12 -15
18 -15
0 -18
3 -18
6 -18
9 -18
12 -18
15 -18
18 -18
0 8
30000 0.3 0 0 0 0
8 11 13 2 0 12 8 1 7
8 13 15 4 2 14 9 3 8
8 15 17 6 4 16 10 5 9
8 22 24 13 11 23 19 12 18
8 24 26 15 13 25 20 14 19
8 26 28 17 15 27 21 16 20
8 33 35 24 22 34 30 23 29
8 35 37 26 24 36 31 25 30
8 37 39 28 26 38 32 27 31
0 2
0 -15
33 34 35 36 37 38 39 0 7 11 18 22 29 6 10 17 21 28 32
0 0 0 0 0 0 0 0 0 0 0 0 0 0 0 0 0 0 0
33 34 35 36 37 38 39
0 0 0 0 0 0 0
