153 42 2 0 8 0 0 13
0.0000 0.0000
1.0000 0.0000
2.0000 0.0000
2.5000 0.0000
3.0000 0.0000
3.5000 0.0000
4.0000 0.0000
4.3928 0.0000
4.7856 0.0000
5.7957 0.0000
6.8057 0.0000
9.4029 0.0000
12.0000 0.0000
0.0000 1.0000
2.0000 1.0000
3.0000 1.0000
4.0000 1.0000
4.7856 1.0000
6.8057 1.0000
12.0000 1.0000
0.0000 2.0000
1.0000 2.0000
2.0000 2.0000
2.5000 2.0000
3.0000 2.0000
3.5000 2.0000
4.0000 2.0000
4.3928 2.0000
4.7856 2.0000
5.7957 2.0000
6.8057 2.0000
9.4029 2.0000
12.0000 2.0000
0.0000 3.0000
2.0000 3.0000
3.0000 3.0000
4.0000 3.0000
4.7856 3.0000
6.8057 3.0000
12.0000 3.0000
0.0000 4.0000
1.0000 4.0000
2.0000 4.0000
2.5000 4.0000
3.0000 4.0000
3.5000 4.0000
4.0000 4.0000
4.3928 4.0000
4.7856 4.0000
5.7957 4.0000
6.8057 4.0000
9.4029 4.0000
12.0000 4.0000
0.0000 4.8001
2.0000 4.8001
3.0000 4.8001
4.0000 4.8001
4.7856 4.8001
6.8057 4.8001
12.0000 4.8001
0.0000 5.6002
1.0000 5.6002
2.0000 5.6002
2.5000 5.6002
3.0000 5.6002
3.5000 5.6002
4.0000 5.6002
4.3928 5.6002
4.7856 5.6002
5.7957 5.6002
6.8057 5.6002
9.4029 5.6002
12.0000 5.6002
0.0000 6.1158
2.0000 6.1158
3.0000 6.1158
4.0000 6.1158
4.7856 6.1158
6.8057 6.1158
12.0000 6.1158
0.0000 6.6314
1.0000 6.6314
2.0000 6.6314
2.5000 6.6314
3.0000 6.6314
3.5000 6.6314
4.0000 6.6314
4.3928 6.6314
4.7856 6.6314
5.7957 6.6314
6.8057 6.6314
9.4029 6.6314
12.0000 6.6314
0.0000 6.9636
2.0000 6.9636
3.0000 6.9636
4.0000 6.9636
4.7856 6.9636
6.8057 6.9636
12.0000 6.9636
0.0000 7.2959
1.0000 7.2959
2.0000 7.2959
2.5000 7.2959
3.0000 7.2959
3.5000 7.2959
4.0000 7.2959
4.3928 7.2959
4.7856 7.2959
5.7957 7.2959
6.8057 7.2959
9.4029 7.2959
12.0000 7.2959
0.0000 7.5100
2.0000 7.5100
3.0000 7.5100
4.0000 7.5100
4.7856 7.5100
6.8057 7.5100
12.0000 7.5100
0.0000 7.7241
1.0000 7.7241
2.0000 7.7241
2.5000 7.7241
3.0000 7.7241
3.5000 7.7241
4.0000 7.7241
4.3928 7.7241
4.7856 7.7241
5.7957 7.7241
6.8057 7.7241
9.4029 7.7241
12.0000 7.7241
0.0000 7.8620
2.0000 7.8620
3.0000 7.8620
4.0000 7.8620
4.7856 7.8620
6.8057 7.8620
12.0000 7.8620
0.0000 8.0000
1.0000 8.0000
2.0000 8.0000
2.5000 8.0000
3.0000 8.0000
3.5000 8.0000
4.0000 8.0000
4.3928 8.0000
4.7856 8.0000
5.7957 8.0000
6.8057 8.0000
9.4029 8.0000
12.0000 8.0000
0 20
50000.000000 0.150000 0.000000 -0.080700 6.5e-6 100.000000
21 41
30000.000000 0.30000 0.000000 -0.080700 6.5e-6 100.000000
8 0 2 22 20 1 14 21 13
8 2 4 24 22 3 15 23 14
8 4 6 26 24 5 16 25 15
8 6 8 28 26 7 17 27 16
8 8 10 30 28 9 18 29 17
8 10 12 32 30 11 19 31 18
8 20 22 42 40 21 34 41 33
8 22 24 44 42 23 35 43 34
8 24 26 46 44 25 36 45 35
8 26 28 48 46 27 37 47 36
8 28 30 50 48 29 38 49 37
8 30 32 52 50 31 39 51 38
8 40 42 62 60 41 54 61 53
8 42 44 64 62 43 55 63 54
8 44 46 66 64 45 56 65 55
8 46 48 68 66 47 57 67 56
8 48 50 70 68 49 58 69 57
8 50 52 72 70 51 59 71 58
8 60 62 82 80 61 74 81 73
8 62 64 84 82 63 75 83 74
8 64 66 86 84 65 76 85 75
8 66 68 88 86 67 77 87 76
8 68 70 90 88 69 78 89 77
8 70 72 92 90 71 79 91 78
8 80 82 102 100 81 94 101 93
8 82 84 104 102 83 95 103 94
8 84 86 106 104 85 96 105 95
8 86 88 108 106 87 97 107 96
8 88 90 110 108 89 98 109 97
8 90 92 112 110 91 99 111 98
8 100 102 122 120 101 114 121 113
8 102 104 124 122 103 115 123 114
8 104 106 126 124 105 116 125 115
8 106 108 128 126 107 117 127 116
8 108 110 130 128 109 118 129 117
8 110 112 132 130 111 119 131 118
8 120 122 142 140 121 134 141 133
8 122 124 144 142 123 135 143 134
8 124 126 146 144 125 136 145 135
8 126 128 148 146 127 137 147 136
8 128 130 150 148 129 138 149 137
8 130 132 152 150 131 139 151 138
141 142 143 144 145 146 147 148 
-125.00000 -187.50000 -125.00000 -75.00000 -150.00000 -133.92306 -117.84612 -123.23082 
0 1 2 3 4 5 6 7 8 9 10 11 12 
0.00000 0.00000 0.00000 0.00000 0.00000 0.00000 0.00000 0.00000 0.00000 0.00000 0.00000 0.00000 0.00000 