317 90 3 0 3 0 11 11
0.0000 0.0000
0.8333 0.0000
1.6667 0.0000
2.5000 0.0000
3.3333 0.0000
4.1667 0.0000
5.0000 0.0000
10.4057 0.0000
15.8114 0.0000
32.9057 0.0000
50.0000 0.0000
0.0000 -0.8333
1.6667 -0.8333
3.3333 -0.8333
5.0000 -0.8333
15.8114 -0.8333
50.0000 -0.8333
0.0000 -1.6667
0.8333 -1.6667
1.6667 -1.6667
2.5000 -1.6667
3.3333 -1.6667
4.1667 -1.6667
5.0000 -1.6667
10.4057 -1.6667
15.8114 -1.6667
32.9057 -1.6667
50.0000 -1.6667
0.0000 -2.5000
1.6667 -2.5000
3.3333 -2.5000
5.0000 -2.5000
15.8114 -2.5000
50.0000 -2.5000
0.0000 -3.3333
0.8333 -3.3333
1.6667 -3.3333
2.5000 -3.3333
3.3333 -3.3333
4.1667 -3.3333
5.0000 -3.3333
10.4057 -3.3333
15.8114 -3.3333
32.9057 -3.3333
50.0000 -3.3333
0.0000 -4.1667
1.6667 -4.1667
3.3333 -4.1667
5.0000 -4.1667
15.8114 -4.1667
50.0000 -4.1667
0.0000 -5.0000
0.8333 -5.0000
1.6667 -5.0000
2.5000 -5.0000
3.3333 -5.0000
4.1667 -5.0000
5.0000 -5.0000
10.4057 -5.0000
15.8114 -5.0000
32.9057 -5.0000
50.0000 -5.0000
0.0000 -5.8333
1.6667 -5.8333
3.3333 -5.8333
5.0000 -5.8333
15.8114 -5.8333
50.0000 -5.8333
0.0000 -6.6667
0.8333 -6.6667
1.6667 -6.6667
2.5000 -6.6667
3.3333 -6.6667
4.1667 -6.6667
5.0000 -6.6667
10.4057 -6.6667
15.8114 -6.6667
32.9057 -6.6667
50.0000 -6.6667
0.0000 -7.5000
1.6667 -7.5000
3.3333 -7.5000
5.0000 -7.5000
15.8114 -7.5000
50.0000 -7.5000
0.0000 -8.3333
0.8333 -8.3333
1.6667 -8.3333
2.5000 -8.3333
3.3333 -8.3333
4.1667 -8.3333
5.0000 -8.3333
10.4057 -8.3333
15.8114 -8.3333
32.9057 -8.3333
50.0000 -8.3333
0.0000 -9.1667
1.6667 -9.1667
3.3333 -9.1667
5.0000 -9.1667
15.8114 -9.1667
50.0000 -9.1667
0.0000 -10.0000
0.8333 -10.0000
1.6667 -10.0000
2.5000 -10.0000
3.3333 -10.0000
4.1667 -10.0000
5.0000 -10.0000
10.4057 -10.0000
15.8114 -10.0000
32.9057 -10.0000
50.0000 -10.0000
0.0000 -10.8333
1.6667 -10.8333
3.3333 -10.8333
5.0000 -10.8333
15.8114 -10.8333
50.0000 -10.8333
0.0000 -11.6667
0.8333 -11.6667
1.6667 -11.6667
2.5000 -11.6667
3.3333 -11.6667
4.1667 -11.6667
5.0000 -11.6667
10.4057 -11.6667
15.8114 -11.6667
32.9057 -11.6667
50.0000 -11.6667
0.0000 -12.5000
1.6667 -12.5000
3.3333 -12.5000
5.0000 -12.5000
15.8114 -12.5000
50.0000 -12.5000
0.0000 -13.3333
0.8333 -13.3333
1.6667 -13.3333
2.5000 -13.3333
3.3333 -13.3333
4.1667 -13.3333
5.0000 -13.3333
10.4057 -13.3333
15.8114 -13.3333
32.9057 -13.3333
50.0000 -13.3333
0.0000 -14.1667
1.6667 -14.1667
3.3333 -14.1667
5.0000 -14.1667
15.8114 -14.1667
50.0000 -14.1667
0.0000 -15.0000
0.8333 -15.0000
1.6667 -15.0000
2.5000 -15.0000
3.3333 -15.0000
4.1667 -15.0000
5.0000 -15.0000
10.4057 -15.0000
15.8114 -15.0000
32.9057 -15.0000
50.0000 -15.0000
0.0000 -17.5000
1.6667 -17.5000
3.3333 -17.5000
5.0000 -17.5000
15.8114 -17.5000
50.0000 -17.5000
0.0000 -20.0000
0.8333 -20.0000
1.6667 -20.0000
2.5000 -20.0000
3.3333 -20.0000
4.1667 -20.0000
5.0000 -20.0000
10.4057 -20.0000
15.8114 -20.0000
32.9057 -20.0000
50.0000 -20.0000
0.0000 -22.5000
1.6667 -22.5000
3.3333 -22.5000
5.0000 -22.5000
15.8114 -22.5000
50.0000 -22.5000
0.0000 -25.0000
0.8333 -25.0000
1.6667 -25.0000
2.5000 -25.0000
3.3333 -25.0000
4.1667 -25.0000
5.0000 -25.0000
10.4057 -25.0000
15.8114 -25.0000
32.9057 -25.0000
50.0000 -25.0000
0.0000 -27.5000
1.6667 -27.5000
3.3333 -27.5000
5.0000 -27.5000
15.8114 -27.5000
50.0000 -27.5000
0.0000 -30.0000
0.8333 -30.0000
1.6667 -30.0000
2.5000 -30.0000
3.3333 -30.0000
4.1667 -30.0000
5.0000 -30.0000
10.4057 -30.0000
15.8114 -30.0000
32.9057 -30.0000
50.0000 -30.0000
0.0000 -32.5000
1.6667 -32.5000
3.3333 -32.5000
5.0000 -32.5000
15.8114 -32.5000
50.0000 -32.5000
0.0000 -35.0000
0.8333 -35.0000
1.6667 -35.0000
2.5000 -35.0000
3.3333 -35.0000
4.1667 -35.0000
5.0000 -35.0000
10.4057 -35.0000
15.8114 -35.0000
32.9057 -35.0000
50.0000 -35.0000
0.0000 -37.5000
1.6667 -37.5000
3.3333 -37.5000
5.0000 -37.5000
15.8114 -37.5000
50.0000 -37.5000
0.0000 -40.0000
0.8333 -40.0000
1.6667 -40.0000
2.5000 -40.0000
3.3333 -40.0000
4.1667 -40.0000
5.0000 -40.0000
10.4057 -40.0000
15.8114 -40.0000
32.9057 -40.0000
50.0000 -40.0000
0.0000 -42.5000
1.6667 -42.5000
3.3333 -42.5000
5.0000 -42.5000
15.8114 -42.5000
50.0000 -42.5000
0.0000 -45.0000
0.8333 -45.0000
1.6667 -45.0000
2.5000 -45.0000
3.3333 -45.0000
4.1667 -45.0000
5.0000 -45.0000
10.4057 -45.0000
15.8114 -45.0000
32.9057 -45.0000
50.0000 -45.0000
0.0000 -54.1667
1.6667 -54.1667
3.3333 -54.1667
5.0000 -54.1667
15.8114 -54.1667
50.0000 -54.1667
0.0000 -63.3333
0.8333 -63.3333
1.6667 -63.3333
2.5000 -63.3333
3.3333 -63.3333
4.1667 -63.3333
5.0000 -63.3333
10.4057 -63.3333
15.8114 -63.3333
32.9057 -63.3333
50.0000 -63.3333
0.0000 -72.5000
1.6667 -72.5000
3.3333 -72.5000
5.0000 -72.5000
15.8114 -72.5000
50.0000 -72.5000
0.0000 -81.6667
0.8333 -81.6667
1.6667 -81.6667
2.5000 -81.6667
3.3333 -81.6667
4.1667 -81.6667
5.0000 -81.6667
10.4057 -81.6667
15.8114 -81.6667
32.9057 -81.6667
50.0000 -81.6667
0.0000 -90.8333
1.6667 -90.8333
3.3333 -90.8333
5.0000 -90.8333
15.8114 -90.8333
50.0000 -90.8333
0.0000 -100.0000
0.8333 -100.0000
1.6667 -100.0000
2.5000 -100.0000
3.3333 -100.0000
4.1667 -100.0000
5.0000 -100.0000
10.4057 -100.0000
15.8114 -100.0000
32.9057 -100.0000
50.0000 -100.0000
0 44
30000.000000 0.300000 0.000000 -0.080700 6.5e-6 100.000000
45 74
30000.000000 0.300000 0.000000 -0.080700 6.5e-6 100.000000
75 89
30000.000000 0.300000 0.000000 -0.080700 6.5e-6 100.000000
8 17 19 2 0 18 12 1 11
8 19 21 4 2 20 13 3 12
8 21 23 6 4 22 14 5 13
8 23 25 8 6 24 15 7 14
8 25 27 10 8 26 16 9 15
8 34 36 19 17 35 29 18 28
8 36 38 21 19 37 30 20 29
8 38 40 23 21 39 31 22 30
8 40 42 25 23 41 32 24 31
8 42 44 27 25 43 33 26 32
8 51 53 36 34 52 46 35 45
8 53 55 38 36 54 47 37 46
8 55 57 40 38 56 48 39 47
8 57 59 42 40 58 49 41 48
8 59 61 44 42 60 50 43 49
8 68 70 53 51 69 63 52 62
8 70 72 55 53 71 64 54 63
8 72 74 57 55 73 65 56 64
8 74 76 59 57 75 66 58 65
8 76 78 61 59 77 67 60 66
8 85 87 70 68 86 80 69 79
8 87 89 72 70 88 81 71 80
8 89 91 74 72 90 82 73 81
8 91 93 76 74 92 83 75 82
8 93 95 78 76 94 84 77 83
8 102 104 87 85 103 97 86 96
8 104 106 89 87 105 98 88 97
8 106 108 91 89 107 99 90 98
8 108 110 93 91 109 100 92 99
8 110 112 95 93 111 101 94 100
8 119 121 104 102 120 114 103 113
8 121 123 106 104 122 115 105 114
8 123 125 108 106 124 116 107 115
8 125 127 110 108 126 117 109 116
8 127 129 112 110 128 118 111 117
8 136 138 121 119 137 131 120 130
8 138 140 123 121 139 132 122 131
8 140 142 125 123 141 133 124 132
8 142 144 127 125 143 134 126 133
8 144 146 129 127 145 135 128 134
8 153 155 138 136 154 148 137 147
8 155 157 140 138 156 149 139 148
8 157 159 142 140 158 150 141 149
8 159 161 144 142 160 151 143 150
8 161 163 146 144 162 152 145 151
8 170 172 155 153 171 165 154 164
8 172 174 157 155 173 166 156 165
8 174 176 159 157 175 167 158 166
8 176 178 161 159 177 168 160 167
8 178 180 163 161 179 169 162 168
8 187 189 172 170 188 182 171 181
8 189 191 174 172 190 183 173 182
8 191 193 176 174 192 184 175 183
8 193 195 178 176 194 185 177 184
8 195 197 180 178 196 186 179 185
8 204 206 189 187 205 199 188 198
8 206 208 191 189 207 200 190 199
8 208 210 193 191 209 201 192 200
8 210 212 195 193 211 202 194 201
8 212 214 197 195 213 203 196 202
8 221 223 206 204 222 216 205 215
8 223 225 208 206 224 217 207 216
8 225 227 210 208 226 218 209 217
8 227 229 212 210 228 219 211 218
8 229 231 214 212 230 220 213 219
8 238 240 223 221 239 233 222 232
8 240 242 225 223 241 234 224 233
8 242 244 227 225 243 235 226 234
8 244 246 229 227 245 236 228 235
8 246 248 231 229 247 237 230 236
8 255 257 240 238 256 250 239 249
8 257 259 242 240 258 251 241 250
8 259 261 244 242 260 252 243 251
8 261 263 246 244 262 253 245 252
8 263 265 248 246 264 254 247 253
8 272 274 257 255 273 267 256 266
8 274 276 259 257 275 268 258 267
8 276 278 261 259 277 269 260 268
8 278 280 263 261 279 270 262 269
8 280 282 265 263 281 271 264 270
8 289 291 274 272 290 284 273 283
8 291 293 276 274 292 285 275 284
8 293 295 278 276 294 286 277 285
8 295 297 280 278 296 287 279 286
8 297 299 282 280 298 288 281 287
8 306 308 291 289 307 301 290 300
8 308 310 293 291 309 302 292 301
8 310 312 295 293 311 303 294 302
8 312 314 297 295 313 304 296 303
8 314 316 299 297 315 305 298 304
0 1 2 
100.00000 200.00000 100.00000 
306 307 308 309 310 311 312 313 314 315 316 
0.00000 0.00000 0.00000 0.00000 0.00000 0.00000 0.00000 0.00000 0.00000 0.00000 0.00000 
306 307 308 309 310 311 312 313 314 315 316 
0.00000 0.00000 0.00000 0.00000 0.00000 0.00000 0.00000 0.00000 0.00000 0.00000 0.00000 