95 24 1 0 0 11 23 7
0.0000 0.0000
0.5000 0.0000
1.0000 0.0000
1.5000 0.0000
2.0000 0.0000
2.5000 0.0000
3.0000 0.0000
0.0000 -0.7500
1.0000 -0.7500
2.0000 -0.7500
3.0000 -0.7500
0.0000 -1.5000
0.5000 -1.5000
1.0000 -1.5000
1.5000 -1.5000
2.0000 -1.5000
2.5000 -1.5000
3.0000 -1.5000
0.0000 -2.2500
1.0000 -2.2500
2.0000 -2.2500
3.0000 -2.2500
0.0000 -3.0000
0.5000 -3.0000
1.0000 -3.0000
1.5000 -3.0000
2.0000 -3.0000
2.5000 -3.0000
3.0000 -3.0000
0.0000 -3.7500
1.0000 -3.7500
2.0000 -3.7500
3.0000 -3.7500
0.0000 -4.5000
0.5000 -4.5000
1.0000 -4.5000
1.5000 -4.5000
2.0000 -4.5000
2.5000 -4.5000
3.0000 -4.5000
0.0000 -5.2500
1.0000 -5.2500
2.0000 -5.2500
3.0000 -5.2500
0.0000 -6.0000
0.5000 -6.0000
1.0000 -6.0000
1.5000 -6.0000
2.0000 -6.0000
2.5000 -6.0000
3.0000 -6.0000
0.0000 -6.7500
1.0000 -6.7500
2.0000 -6.7500
3.0000 -6.7500
0.0000 -7.5000
0.5000 -7.5000
1.0000 -7.5000
1.5000 -7.5000
2.0000 -7.5000
2.5000 -7.5000
3.0000 -7.5000
0.0000 -8.2500
1.0000 -8.2500
2.0000 -8.2500
3.0000 -8.2500
0.0000 -9.0000
0.5000 -9.0000
1.0000 -9.0000
1.5000 -9.0000
2.0000 -9.0000
2.5000 -9.0000
3.0000 -9.0000
0.0000 -9.7500
1.0000 -9.7500
2.0000 -9.7500
3.0000 -9.7500
0.0000 -10.5000
0.5000 -10.5000
1.0000 -10.5000
1.5000 -10.5000
2.0000 -10.5000
2.5000 -10.5000
3.0000 -10.5000
0.0000 -11.2500
1.0000 -11.2500
2.0000 -11.2500
3.0000 -11.2500
0.0000 -12.0000
0.5000 -12.0000
1.0000 -12.0000
1.5000 -12.0000
2.0000 -12.0000
2.5000 -12.0000
3.0000 -12.0000
0 23 0 1 0
4231.000000 0.645000 -0.056000 45000.000000 0.450000 0.000000 -0.0825 0.000006 0.000000 
8 11 13 2 0 12 8 1 7
8 13 15 4 2 14 9 3 8
8 15 17 6 4 16 10 5 9
8 22 24 13 11 23 19 12 18
8 24 26 15 13 25 20 14 19
8 26 28 17 15 27 21 16 20
8 33 35 24 22 34 30 23 29
8 35 37 26 24 36 31 25 30
8 37 39 28 26 38 32 27 31
8 44 46 35 33 45 41 34 40
8 46 48 37 35 47 42 36 41
8 48 50 39 37 49 43 38 42
8 55 57 46 44 56 52 45 51
8 57 59 48 46 58 53 47 52
8 59 61 50 48 60 54 49 53
8 66 68 57 55 67 63 56 62
8 68 70 59 57 69 64 58 63
8 70 72 61 59 71 65 60 64
8 77 79 68 66 78 74 67 73
8 79 81 70 68 80 75 69 74
8 81 83 72 70 82 76 71 75
8 88 90 79 77 89 85 78 84
8 90 92 81 79 91 86 80 85
8 92 94 83 81 93 87 82 86
0 2
0 -70
1 2
0 -70
2 2
0 -70
2 1
-20 0 
5 1
-20 0 
8 1
-20 0 
11 1
-20 0 
14 1
-20 0 
17 1
-20 0 
20 1
-20 0 
23 1
-20 0 
0 7 11 18 22 29 33 40 44 51 55 62 66 73 77 84 88 89 90 91 92 93 94 
0.00000 0.00000 0.00000 0.00000 0.00000 0.00000 0.00000 0.00000 0.00000 0.00000 0.00000 0.00000 0.00000 0.00000 0.00000 0.00000 0.00000 0.00000 0.00000 0.00000 0.00000 0.00000 0.00000 
88 89 90 91 92 93 94 
0.00000 0.00000 0.00000 0.00000 0.00000 0.00000 0.00000 