1881 594 1 0 30 0 0 45
0.0000 0.0000
0.5595 0.0000
1.1190 0.0000
1.3804 0.0000
1.6417 0.0000
1.7638 0.0000
1.8859 0.0000
1.9430 0.0000
2.0000 0.0000
2.1158 0.0000
2.2317 0.0000
2.6158 0.0000
3.0000 0.0000
3.3842 0.0000
3.7683 0.0000
3.8842 0.0000
4.0000 0.0000
4.0184 0.0000
4.0369 0.0000
4.0621 0.0000
4.0873 0.0000
4.1219 0.0000
4.1564 0.0000
4.2037 0.0000
4.2510 0.0000
4.3157 0.0000
4.3804 0.0000
4.4690 0.0000
4.5575 0.0000
4.6788 0.0000
4.8000 0.0000
4.9659 0.0000
5.1319 0.0000
5.3590 0.0000
5.5861 0.0000
5.8970 0.0000
6.2078 0.0000
6.6333 0.0000
7.0588 0.0000
7.6412 0.0000
8.2236 0.0000
9.0207 0.0000
9.8179 0.0000
10.9089 0.0000
12.0000 0.0000
0.0000 0.3333
1.1190 0.3333
1.6417 0.3333
1.8859 0.3333
2.0000 0.3333
2.2317 0.3333
3.0000 0.3333
3.7683 0.3333
4.0000 0.3333
4.0369 0.3333
4.0873 0.3333
4.1564 0.3333
4.2510 0.3333
4.3804 0.3333
4.5575 0.3333
4.8000 0.3333
5.1319 0.3333
5.5861 0.3333
6.2078 0.3333
7.0588 0.3333
8.2236 0.3333
9.8179 0.3333
12.0000 0.3333
0.0000 0.6667
0.5595 0.6667
1.1190 0.6667
1.3804 0.6667
1.6417 0.6667
1.7638 0.6667
1.8859 0.6667
1.9430 0.6667
2.0000 0.6667
2.1158 0.6667
2.2317 0.6667
2.6158 0.6667
3.0000 0.6667
3.3842 0.6667
3.7683 0.6667
3.8842 0.6667
4.0000 0.6667
4.0184 0.6667
4.0369 0.6667
4.0621 0.6667
4.0873 0.6667
4.1219 0.6667
4.1564 0.6667
4.2037 0.6667
4.2510 0.6667
4.3157 0.6667
4.3804 0.6667
4.4690 0.6667
4.5575 0.6667
4.6788 0.6667
4.8000 0.6667
4.9659 0.6667
5.1319 0.6667
5.3590 0.6667
5.5861 0.6667
5.8970 0.6667
6.2078 0.6667
6.6333 0.6667
7.0588 0.6667
7.6412 0.6667
8.2236 0.6667
9.0207 0.6667
9.8179 0.6667
10.9089 0.6667
12.0000 0.6667
0.0000 1.0000
1.1190 1.0000
1.6417 1.0000
1.8859 1.0000
2.0000 1.0000
2.2317 1.0000
3.0000 1.0000
3.7683 1.0000
4.0000 1.0000
4.0369 1.0000
4.0873 1.0000
4.1564 1.0000
4.2510 1.0000
4.3804 1.0000
4.5575 1.0000
4.8000 1.0000
5.1319 1.0000
5.5861 1.0000
6.2078 1.0000
7.0588 1.0000
8.2236 1.0000
9.8179 1.0000
12.0000 1.0000
0.0000 1.3333
0.5595 1.3333
1.1190 1.3333
1.3804 1.3333
1.6417 1.3333
1.7638 1.3333
1.8859 1.3333
1.9430 1.3333
2.0000 1.3333
2.1158 1.3333
2.2317 1.3333
2.6158 1.3333
3.0000 1.3333
3.3842 1.3333
3.7683 1.3333
3.8842 1.3333
4.0000 1.3333
4.0184 1.3333
4.0369 1.3333
4.0621 1.3333
4.0873 1.3333
4.1219 1.3333
4.1564 1.3333
4.2037 1.3333
4.2510 1.3333
4.3157 1.3333
4.3804 1.3333
4.4690 1.3333
4.5575 1.3333
4.6788 1.3333
4.8000 1.3333
4.9659 1.3333
5.1319 1.3333
5.3590 1.3333
5.5861 1.3333
5.8970 1.3333
6.2078 1.3333
6.6333 1.3333
7.0588 1.3333
7.6412 1.3333
8.2236 1.3333
9.0207 1.3333
9.8179 1.3333
10.9089 1.3333
12.0000 1.3333
0.0000 1.6667
1.1190 1.6667
1.6417 1.6667
1.8859 1.6667
2.0000 1.6667
2.2317 1.6667
3.0000 1.6667
3.7683 1.6667
4.0000 1.6667
4.0369 1.6667
4.0873 1.6667
4.1564 1.6667
4.2510 1.6667
4.3804 1.6667
4.5575 1.6667
4.8000 1.6667
5.1319 1.6667
5.5861 1.6667
6.2078 1.6667
7.0588 1.6667
8.2236 1.6667
9.8179 1.6667
12.0000 1.6667
0.0000 2.0000
0.5595 2.0000
1.1190 2.0000
1.3804 2.0000
1.6417 2.0000
1.7638 2.0000
1.8859 2.0000
1.9430 2.0000
2.0000 2.0000
2.1158 2.0000
2.2317 2.0000
2.6158 2.0000
3.0000 2.0000
3.3842 2.0000
3.7683 2.0000
3.8842 2.0000
4.0000 2.0000
4.0184 2.0000
4.0369 2.0000
4.0621 2.0000
4.0873 2.0000
4.1219 2.0000
4.1564 2.0000
4.2037 2.0000
4.2510 2.0000
4.3157 2.0000
4.3804 2.0000
4.4690 2.0000
4.5575 2.0000
4.6788 2.0000
4.8000 2.0000
4.9659 2.0000
5.1319 2.0000
5.3590 2.0000
5.5861 2.0000
5.8970 2.0000
6.2078 2.0000
6.6333 2.0000
7.0588 2.0000
7.6412 2.0000
8.2236 2.0000
9.0207 2.0000
9.8179 2.0000
10.9089 2.0000
12.0000 2.0000
0.0000 2.3333
1.1190 2.3333
1.6417 2.3333
1.8859 2.3333
2.0000 2.3333
2.2317 2.3333
3.0000 2.3333
3.7683 2.3333
4.0000 2.3333
4.0369 2.3333
4.0873 2.3333
4.1564 2.3333
4.2510 2.3333
4.3804 2.3333
4.5575 2.3333
4.8000 2.3333
5.1319 2.3333
5.5861 2.3333
6.2078 2.3333
7.0588 2.3333
8.2236 2.3333
9.8179 2.3333
12.0000 2.3333
0.0000 2.6667
0.5595 2.6667
1.1190 2.6667
1.3804 2.6667
1.6417 2.6667
1.7638 2.6667
1.8859 2.6667
1.9430 2.6667
2.0000 2.6667
2.1158 2.6667
2.2317 2.6667
2.6158 2.6667
3.0000 2.6667
3.3842 2.6667
3.7683 2.6667
3.8842 2.6667
4.0000 2.6667
4.0184 2.6667
4.0369 2.6667
4.0621 2.6667
4.0873 2.6667
4.1219 2.6667
4.1564 2.6667
4.2037 2.6667
4.2510 2.6667
4.3157 2.6667
4.3804 2.6667
4.4690 2.6667
4.5575 2.6667
4.6788 2.6667
4.8000 2.6667
4.9659 2.6667
5.1319 2.6667
5.3590 2.6667
5.5861 2.6667
5.8970 2.6667
6.2078 2.6667
6.6333 2.6667
7.0588 2.6667
7.6412 2.6667
8.2236 2.6667
9.0207 2.6667
9.8179 2.6667
10.9089 2.6667
12.0000 2.6667
0.0000 3.0000
1.1190 3.0000
1.6417 3.0000
1.8859 3.0000
2.0000 3.0000
2.2317 3.0000
3.0000 3.0000
3.7683 3.0000
4.0000 3.0000
4.0369 3.0000
4.0873 3.0000
4.1564 3.0000
4.2510 3.0000
4.3804 3.0000
4.5575 3.0000
4.8000 3.0000
5.1319 3.0000
5.5861 3.0000
6.2078 3.0000
7.0588 3.0000
8.2236 3.0000
9.8179 3.0000
12.0000 3.0000
0.0000 3.3333
0.5595 3.3333
1.1190 3.3333
1.3804 3.3333
1.6417 3.3333
1.7638 3.3333
1.8859 3.3333
1.9430 3.3333
2.0000 3.3333
2.1158 3.3333
2.2317 3.3333
2.6158 3.3333
3.0000 3.3333
3.3842 3.3333
3.7683 3.3333
3.8842 3.3333
4.0000 3.3333
4.0184 3.3333
4.0369 3.3333
4.0621 3.3333
4.0873 3.3333
4.1219 3.3333
4.1564 3.3333
4.2037 3.3333
4.2510 3.3333
4.3157 3.3333
4.3804 3.3333
4.4690 3.3333
4.5575 3.3333
4.6788 3.3333
4.8000 3.3333
4.9659 3.3333
5.1319 3.3333
5.3590 3.3333
5.5861 3.3333
5.8970 3.3333
6.2078 3.3333
6.6333 3.3333
7.0588 3.3333
7.6412 3.3333
8.2236 3.3333
9.0207 3.3333
9.8179 3.3333
10.9089 3.3333
12.0000 3.3333
0.0000 3.6667
1.1190 3.6667
1.6417 3.6667
1.8859 3.6667
2.0000 3.6667
2.2317 3.6667
3.0000 3.6667
3.7683 3.6667
4.0000 3.6667
4.0369 3.6667
4.0873 3.6667
4.1564 3.6667
4.2510 3.6667
4.3804 3.6667
4.5575 3.6667
4.8000 3.6667
5.1319 3.6667
5.5861 3.6667
6.2078 3.6667
7.0588 3.6667
8.2236 3.6667
9.8179 3.6667
12.0000 3.6667
0.0000 4.0000
0.5595 4.0000
1.1190 4.0000
1.3804 4.0000
1.6417 4.0000
1.7638 4.0000
1.8859 4.0000
1.9430 4.0000
2.0000 4.0000
2.1158 4.0000
2.2317 4.0000
2.6158 4.0000
3.0000 4.0000
3.3842 4.0000
3.7683 4.0000
3.8842 4.0000
4.0000 4.0000
4.0184 4.0000
4.0369 4.0000
4.0621 4.0000
4.0873 4.0000
4.1219 4.0000
4.1564 4.0000
4.2037 4.0000
4.2510 4.0000
4.3157 4.0000
4.3804 4.0000
4.4690 4.0000
4.5575 4.0000
4.6788 4.0000
4.8000 4.0000
4.9659 4.0000
5.1319 4.0000
5.3590 4.0000
5.5861 4.0000
5.8970 4.0000
6.2078 4.0000
6.6333 4.0000
7.0588 4.0000
7.6412 4.0000
8.2236 4.0000
9.0207 4.0000
9.8179 4.0000
10.9089 4.0000
12.0000 4.0000
0.0000 4.3323
1.1190 4.3323
1.6417 4.3323
1.8859 4.3323
2.0000 4.3323
2.2317 4.3323
3.0000 4.3323
3.7683 4.3323
4.0000 4.3323
4.0369 4.3323
4.0873 4.3323
4.1564 4.3323
4.2510 4.3323
4.3804 4.3323
4.5575 4.3323
4.8000 4.3323
5.1319 4.3323
5.5861 4.3323
6.2078 4.3323
7.0588 4.3323
8.2236 4.3323
9.8179 4.3323
12.0000 4.3323
0.0000 4.6645
0.5595 4.6645
1.1190 4.6645
1.3804 4.6645
1.6417 4.6645
1.7638 4.6645
1.8859 4.6645
1.9430 4.6645
2.0000 4.6645
2.1158 4.6645
2.2317 4.6645
2.6158 4.6645
3.0000 4.6645
3.3842 4.6645
3.7683 4.6645
3.8842 4.6645
4.0000 4.6645
4.0184 4.6645
4.0369 4.6645
4.0621 4.6645
4.0873 4.6645
4.1219 4.6645
4.1564 4.6645
4.2037 4.6645
4.2510 4.6645
4.3157 4.6645
4.3804 4.6645
4.4690 4.6645
4.5575 4.6645
4.6788 4.6645
4.8000 4.6645
4.9659 4.6645
5.1319 4.6645
5.3590 4.6645
5.5861 4.6645
5.8970 4.6645
6.2078 4.6645
6.6333 4.6645
7.0588 4.6645
7.6412 4.6645
8.2236 4.6645
9.0207 4.6645
9.8179 4.6645
10.9089 4.6645
12.0000 4.6645
0.0000 4.9430
1.1190 4.9430
1.6417 4.9430
1.8859 4.9430
2.0000 4.9430
2.2317 4.9430
3.0000 4.9430
3.7683 4.9430
4.0000 4.9430
4.0369 4.9430
4.0873 4.9430
4.1564 4.9430
4.2510 4.9430
4.3804 4.9430
4.5575 4.9430
4.8000 4.9430
5.1319 4.9430
5.5861 4.9430
6.2078 4.9430
7.0588 4.9430
8.2236 4.9430
9.8179 4.9430
12.0000 4.9430
0.0000 5.2214
0.5595 5.2214
1.1190 5.2214
1.3804 5.2214
1.6417 5.2214
1.7638 5.2214
1.8859 5.2214
1.9430 5.2214
2.0000 5.2214
2.1158 5.2214
2.2317 5.2214
2.6158 5.2214
3.0000 5.2214
3.3842 5.2214
3.7683 5.2214
3.8842 5.2214
4.0000 5.2214
4.0184 5.2214
4.0369 5.2214
4.0621 5.2214
4.0873 5.2214
4.1219 5.2214
4.1564 5.2214
4.2037 5.2214
4.2510 5.2214
4.3157 5.2214
4.3804 5.2214
4.4690 5.2214
4.5575 5.2214
4.6788 5.2214
4.8000 5.2214
4.9659 5.2214
5.1319 5.2214
5.3590 5.2214
5.5861 5.2214
5.8970 5.2214
6.2078 5.2214
6.6333 5.2214
7.0588 5.2214
7.6412 5.2214
8.2236 5.2214
9.0207 5.2214
9.8179 5.2214
10.9089 5.2214
12.0000 5.2214
0.0000 5.4547
1.1190 5.4547
1.6417 5.4547
1.8859 5.4547
2.0000 5.4547
2.2317 5.4547
3.0000 5.4547
3.7683 5.4547
4.0000 5.4547
4.0369 5.4547
4.0873 5.4547
4.1564 5.4547
4.2510 5.4547
4.3804 5.4547
4.5575 5.4547
4.8000 5.4547
5.1319 5.4547
5.5861 5.4547
6.2078 5.4547
7.0588 5.4547
8.2236 5.4547
9.8179 5.4547
12.0000 5.4547
0.0000 5.6880
0.5595 5.6880
1.1190 5.6880
1.3804 5.6880
1.6417 5.6880
1.7638 5.6880
1.8859 5.6880
1.9430 5.6880
2.0000 5.6880
2.1158 5.6880
2.2317 5.6880
2.6158 5.6880
3.0000 5.6880
3.3842 5.6880
3.7683 5.6880
3.8842 5.6880
4.0000 5.6880
4.0184 5.6880
4.0369 5.6880
4.0621 5.6880
4.0873 5.6880
4.1219 5.6880
4.1564 5.6880
4.2037 5.6880
4.2510 5.6880
4.3157 5.6880
4.3804 5.6880
4.4690 5.6880
4.5575 5.6880
4.6788 5.6880
4.8000 5.6880
4.9659 5.6880
5.1319 5.6880
5.3590 5.6880
5.5861 5.6880
5.8970 5.6880
6.2078 5.6880
6.6333 5.6880
7.0588 5.6880
7.6412 5.6880
8.2236 5.6880
9.0207 5.6880
9.8179 5.6880
10.9089 5.6880
12.0000 5.6880
0.0000 5.8834
1.1190 5.8834
1.6417 5.8834
1.8859 5.8834
2.0000 5.8834
2.2317 5.8834
3.0000 5.8834
3.7683 5.8834
4.0000 5.8834
4.0369 5.8834
4.0873 5.8834
4.1564 5.8834
4.2510 5.8834
4.3804 5.8834
4.5575 5.8834
4.8000 5.8834
5.1319 5.8834
5.5861 5.8834
6.2078 5.8834
7.0588 5.8834
8.2236 5.8834
9.8179 5.8834
12.0000 5.8834
0.0000 6.0789
0.5595 6.0789
1.1190 6.0789
1.3804 6.0789
1.6417 6.0789
1.7638 6.0789
1.8859 6.0789
1.9430 6.0789
2.0000 6.0789
2.1158 6.0789
2.2317 6.0789
2.6158 6.0789
3.0000 6.0789
3.3842 6.0789
3.7683 6.0789
3.8842 6.0789
4.0000 6.0789
4.0184 6.0789
4.0369 6.0789
4.0621 6.0789
4.0873 6.0789
4.1219 6.0789
4.1564 6.0789
4.2037 6.0789
4.2510 6.0789
4.3157 6.0789
4.3804 6.0789
4.4690 6.0789
4.5575 6.0789
4.6788 6.0789
4.8000 6.0789
4.9659 6.0789
5.1319 6.0789
5.3590 6.0789
5.5861 6.0789
5.8970 6.0789
6.2078 6.0789
6.6333 6.0789
7.0588 6.0789
7.6412 6.0789
8.2236 6.0789
9.0207 6.0789
9.8179 6.0789
10.9089 6.0789
12.0000 6.0789
0.0000 6.2427
1.1190 6.2427
1.6417 6.2427
1.8859 6.2427
2.0000 6.2427
2.2317 6.2427
3.0000 6.2427
3.7683 6.2427
4.0000 6.2427
4.0369 6.2427
4.0873 6.2427
4.1564 6.2427
4.2510 6.2427
4.3804 6.2427
4.5575 6.2427
4.8000 6.2427
5.1319 6.2427
5.5861 6.2427
6.2078 6.2427
7.0588 6.2427
8.2236 6.2427
9.8179 6.2427
12.0000 6.2427
0.0000 6.4065
0.5595 6.4065
1.1190 6.4065
1.3804 6.4065
1.6417 6.4065
1.7638 6.4065
1.8859 6.4065
1.9430 6.4065
2.0000 6.4065
2.1158 6.4065
2.2317 6.4065
2.6158 6.4065
3.0000 6.4065
3.3842 6.4065
3.7683 6.4065
3.8842 6.4065
4.0000 6.4065
4.0184 6.4065
4.0369 6.4065
4.0621 6.4065
4.0873 6.4065
4.1219 6.4065
4.1564 6.4065
4.2037 6.4065
4.2510 6.4065
4.3157 6.4065
4.3804 6.4065
4.4690 6.4065
4.5575 6.4065
4.6788 6.4065
4.8000 6.4065
4.9659 6.4065
5.1319 6.4065
5.3590 6.4065
5.5861 6.4065
5.8970 6.4065
6.2078 6.4065
6.6333 6.4065
7.0588 6.4065
7.6412 6.4065
8.2236 6.4065
9.0207 6.4065
9.8179 6.4065
10.9089 6.4065
12.0000 6.4065
0.0000 6.5437
1.1190 6.5437
1.6417 6.5437
1.8859 6.5437
2.0000 6.5437
2.2317 6.5437
3.0000 6.5437
3.7683 6.5437
4.0000 6.5437
4.0369 6.5437
4.0873 6.5437
4.1564 6.5437
4.2510 6.5437
4.3804 6.5437
4.5575 6.5437
4.8000 6.5437
5.1319 6.5437
5.5861 6.5437
6.2078 6.5437
7.0588 6.5437
8.2236 6.5437
9.8179 6.5437
12.0000 6.5437
0.0000 6.6810
0.5595 6.6810
1.1190 6.6810
1.3804 6.6810
1.6417 6.6810
1.7638 6.6810
1.8859 6.6810
1.9430 6.6810
2.0000 6.6810
2.1158 6.6810
2.2317 6.6810
2.6158 6.6810
3.0000 6.6810
3.3842 6.6810
3.7683 6.6810
3.8842 6.6810
4.0000 6.6810
4.0184 6.6810
4.0369 6.6810
4.0621 6.6810
4.0873 6.6810
4.1219 6.6810
4.1564 6.6810
4.2037 6.6810
4.2510 6.6810
4.3157 6.6810
4.3804 6.6810
4.4690 6.6810
4.5575 6.6810
4.6788 6.6810
4.8000 6.6810
4.9659 6.6810
5.1319 6.6810
5.3590 6.6810
5.5861 6.6810
5.8970 6.6810
6.2078 6.6810
6.6333 6.6810
7.0588 6.6810
7.6412 6.6810
8.2236 6.6810
9.0207 6.6810
9.8179 6.6810
10.9089 6.6810
12.0000 6.6810
0.0000 6.7960
1.1190 6.7960
1.6417 6.7960
1.8859 6.7960
2.0000 6.7960
2.2317 6.7960
3.0000 6.7960
3.7683 6.7960
4.0000 6.7960
4.0369 6.7960
4.0873 6.7960
4.1564 6.7960
4.2510 6.7960
4.3804 6.7960
4.5575 6.7960
4.8000 6.7960
5.1319 6.7960
5.5861 6.7960
6.2078 6.7960
7.0588 6.7960
8.2236 6.7960
9.8179 6.7960
12.0000 6.7960
0.0000 6.9110
0.5595 6.9110
1.1190 6.9110
1.3804 6.9110
1.6417 6.9110
1.7638 6.9110
1.8859 6.9110
1.9430 6.9110
2.0000 6.9110
2.1158 6.9110
2.2317 6.9110
2.6158 6.9110
3.0000 6.9110
3.3842 6.9110
3.7683 6.9110
3.8842 6.9110
4.0000 6.9110
4.0184 6.9110
4.0369 6.9110
4.0621 6.9110
4.0873 6.9110
4.1219 6.9110
4.1564 6.9110
4.2037 6.9110
4.2510 6.9110
4.3157 6.9110
4.3804 6.9110
4.4690 6.9110
4.5575 6.9110
4.6788 6.9110
4.8000 6.9110
4.9659 6.9110
5.1319 6.9110
5.3590 6.9110
5.5861 6.9110
5.8970 6.9110
6.2078 6.9110
6.6333 6.9110
7.0588 6.9110
7.6412 6.9110
8.2236 6.9110
9.0207 6.9110
9.8179 6.9110
10.9089 6.9110
12.0000 6.9110
0.0000 7.0073
1.1190 7.0073
1.6417 7.0073
1.8859 7.0073
2.0000 7.0073
2.2317 7.0073
3.0000 7.0073
3.7683 7.0073
4.0000 7.0073
4.0369 7.0073
4.0873 7.0073
4.1564 7.0073
4.2510 7.0073
4.3804 7.0073
4.5575 7.0073
4.8000 7.0073
5.1319 7.0073
5.5861 7.0073
6.2078 7.0073
7.0588 7.0073
8.2236 7.0073
9.8179 7.0073
12.0000 7.0073
0.0000 7.1037
0.5595 7.1037
1.1190 7.1037
1.3804 7.1037
1.6417 7.1037
1.7638 7.1037
1.8859 7.1037
1.9430 7.1037
2.0000 7.1037
2.1158 7.1037
2.2317 7.1037
2.6158 7.1037
3.0000 7.1037
3.3842 7.1037
3.7683 7.1037
3.8842 7.1037
4.0000 7.1037
4.0184 7.1037
4.0369 7.1037
4.0621 7.1037
4.0873 7.1037
4.1219 7.1037
4.1564 7.1037
4.2037 7.1037
4.2510 7.1037
4.3157 7.1037
4.3804 7.1037
4.4690 7.1037
4.5575 7.1037
4.6788 7.1037
4.8000 7.1037
4.9659 7.1037
5.1319 7.1037
5.3590 7.1037
5.5861 7.1037
5.8970 7.1037
6.2078 7.1037
6.6333 7.1037
7.0588 7.1037
7.6412 7.1037
8.2236 7.1037
9.0207 7.1037
9.8179 7.1037
10.9089 7.1037
12.0000 7.1037
0.0000 7.1844
1.1190 7.1844
1.6417 7.1844
1.8859 7.1844
2.0000 7.1844
2.2317 7.1844
3.0000 7.1844
3.7683 7.1844
4.0000 7.1844
4.0369 7.1844
4.0873 7.1844
4.1564 7.1844
4.2510 7.1844
4.3804 7.1844
4.5575 7.1844
4.8000 7.1844
5.1319 7.1844
5.5861 7.1844
6.2078 7.1844
7.0588 7.1844
8.2236 7.1844
9.8179 7.1844
12.0000 7.1844
0.0000 7.2652
0.5595 7.2652
1.1190 7.2652
1.3804 7.2652
1.6417 7.2652
1.7638 7.2652
1.8859 7.2652
1.9430 7.2652
2.0000 7.2652
2.1158 7.2652
2.2317 7.2652
2.6158 7.2652
3.0000 7.2652
3.3842 7.2652
3.7683 7.2652
3.8842 7.2652
4.0000 7.2652
4.0184 7.2652
4.0369 7.2652
4.0621 7.2652
4.0873 7.2652
4.1219 7.2652
4.1564 7.2652
4.2037 7.2652
4.2510 7.2652
4.3157 7.2652
4.3804 7.2652
4.4690 7.2652
4.5575 7.2652
4.6788 7.2652
4.8000 7.2652
4.9659 7.2652
5.1319 7.2652
5.3590 7.2652
5.5861 7.2652
5.8970 7.2652
6.2078 7.2652
6.6333 7.2652
7.0588 7.2652
7.6412 7.2652
8.2236 7.2652
9.0207 7.2652
9.8179 7.2652
10.9089 7.2652
12.0000 7.2652
0.0000 7.3328
1.1190 7.3328
1.6417 7.3328
1.8859 7.3328
2.0000 7.3328
2.2317 7.3328
3.0000 7.3328
3.7683 7.3328
4.0000 7.3328
4.0369 7.3328
4.0873 7.3328
4.1564 7.3328
4.2510 7.3328
4.3804 7.3328
4.5575 7.3328
4.8000 7.3328
5.1319 7.3328
5.5861 7.3328
6.2078 7.3328
7.0588 7.3328
8.2236 7.3328
9.8179 7.3328
12.0000 7.3328
0.0000 7.4005
0.5595 7.4005
1.1190 7.4005
1.3804 7.4005
1.6417 7.4005
1.7638 7.4005
1.8859 7.4005
1.9430 7.4005
2.0000 7.4005
2.1158 7.4005
2.2317 7.4005
2.6158 7.4005
3.0000 7.4005
3.3842 7.4005
3.7683 7.4005
3.8842 7.4005
4.0000 7.4005
4.0184 7.4005
4.0369 7.4005
4.0621 7.4005
4.0873 7.4005
4.1219 7.4005
4.1564 7.4005
4.2037 7.4005
4.2510 7.4005
4.3157 7.4005
4.3804 7.4005
4.4690 7.4005
4.5575 7.4005
4.6788 7.4005
4.8000 7.4005
4.9659 7.4005
5.1319 7.4005
5.3590 7.4005
5.5861 7.4005
5.8970 7.4005
6.2078 7.4005
6.6333 7.4005
7.0588 7.4005
7.6412 7.4005
8.2236 7.4005
9.0207 7.4005
9.8179 7.4005
10.9089 7.4005
12.0000 7.4005
0.0000 7.4572
1.1190 7.4572
1.6417 7.4572
1.8859 7.4572
2.0000 7.4572
2.2317 7.4572
3.0000 7.4572
3.7683 7.4572
4.0000 7.4572
4.0369 7.4572
4.0873 7.4572
4.1564 7.4572
4.2510 7.4572
4.3804 7.4572
4.5575 7.4572
4.8000 7.4572
5.1319 7.4572
5.5861 7.4572
6.2078 7.4572
7.0588 7.4572
8.2236 7.4572
9.8179 7.4572
12.0000 7.4572
0.0000 7.5139
0.5595 7.5139
1.1190 7.5139
1.3804 7.5139
1.6417 7.5139
1.7638 7.5139
1.8859 7.5139
1.9430 7.5139
2.0000 7.5139
2.1158 7.5139
2.2317 7.5139
2.6158 7.5139
3.0000 7.5139
3.3842 7.5139
3.7683 7.5139
3.8842 7.5139
4.0000 7.5139
4.0184 7.5139
4.0369 7.5139
4.0621 7.5139
4.0873 7.5139
4.1219 7.5139
4.1564 7.5139
4.2037 7.5139
4.2510 7.5139
4.3157 7.5139
4.3804 7.5139
4.4690 7.5139
4.5575 7.5139
4.6788 7.5139
4.8000 7.5139
4.9659 7.5139
5.1319 7.5139
5.3590 7.5139
5.5861 7.5139
5.8970 7.5139
6.2078 7.5139
6.6333 7.5139
7.0588 7.5139
7.6412 7.5139
8.2236 7.5139
9.0207 7.5139
9.8179 7.5139
10.9089 7.5139
12.0000 7.5139
0.0000 7.5614
1.1190 7.5614
1.6417 7.5614
1.8859 7.5614
2.0000 7.5614
2.2317 7.5614
3.0000 7.5614
3.7683 7.5614
4.0000 7.5614
4.0369 7.5614
4.0873 7.5614
4.1564 7.5614
4.2510 7.5614
4.3804 7.5614
4.5575 7.5614
4.8000 7.5614
5.1319 7.5614
5.5861 7.5614
6.2078 7.5614
7.0588 7.5614
8.2236 7.5614
9.8179 7.5614
12.0000 7.5614
0.0000 7.6089
0.5595 7.6089
1.1190 7.6089
1.3804 7.6089
1.6417 7.6089
1.7638 7.6089
1.8859 7.6089
1.9430 7.6089
2.0000 7.6089
2.1158 7.6089
2.2317 7.6089
2.6158 7.6089
3.0000 7.6089
3.3842 7.6089
3.7683 7.6089
3.8842 7.6089
4.0000 7.6089
4.0184 7.6089
4.0369 7.6089
4.0621 7.6089
4.0873 7.6089
4.1219 7.6089
4.1564 7.6089
4.2037 7.6089
4.2510 7.6089
4.3157 7.6089
4.3804 7.6089
4.4690 7.6089
4.5575 7.6089
4.6788 7.6089
4.8000 7.6089
4.9659 7.6089
5.1319 7.6089
5.3590 7.6089
5.5861 7.6089
5.8970 7.6089
6.2078 7.6089
6.6333 7.6089
7.0588 7.6089
7.6412 7.6089
8.2236 7.6089
9.0207 7.6089
9.8179 7.6089
10.9089 7.6089
12.0000 7.6089
0.0000 7.6487
1.1190 7.6487
1.6417 7.6487
1.8859 7.6487
2.0000 7.6487
2.2317 7.6487
3.0000 7.6487
3.7683 7.6487
4.0000 7.6487
4.0369 7.6487
4.0873 7.6487
4.1564 7.6487
4.2510 7.6487
4.3804 7.6487
4.5575 7.6487
4.8000 7.6487
5.1319 7.6487
5.5861 7.6487
6.2078 7.6487
7.0588 7.6487
8.2236 7.6487
9.8179 7.6487
12.0000 7.6487
0.0000 7.6885
0.5595 7.6885
1.1190 7.6885
1.3804 7.6885
1.6417 7.6885
1.7638 7.6885
1.8859 7.6885
1.9430 7.6885
2.0000 7.6885
2.1158 7.6885
2.2317 7.6885
2.6158 7.6885
3.0000 7.6885
3.3842 7.6885
3.7683 7.6885
3.8842 7.6885
4.0000 7.6885
4.0184 7.6885
4.0369 7.6885
4.0621 7.6885
4.0873 7.6885
4.1219 7.6885
4.1564 7.6885
4.2037 7.6885
4.2510 7.6885
4.3157 7.6885
4.3804 7.6885
4.4690 7.6885
4.5575 7.6885
4.6788 7.6885
4.8000 7.6885
4.9659 7.6885
5.1319 7.6885
5.3590 7.6885
5.5861 7.6885
5.8970 7.6885
6.2078 7.6885
6.6333 7.6885
7.0588 7.6885
7.6412 7.6885
8.2236 7.6885
9.0207 7.6885
9.8179 7.6885
10.9089 7.6885
12.0000 7.6885
0.0000 7.7218
1.1190 7.7218
1.6417 7.7218
1.8859 7.7218
2.0000 7.7218
2.2317 7.7218
3.0000 7.7218
3.7683 7.7218
4.0000 7.7218
4.0369 7.7218
4.0873 7.7218
4.1564 7.7218
4.2510 7.7218
4.3804 7.7218
4.5575 7.7218
4.8000 7.7218
5.1319 7.7218
5.5861 7.7218
6.2078 7.7218
7.0588 7.7218
8.2236 7.7218
9.8179 7.7218
12.0000 7.7218
0.0000 7.7552
0.5595 7.7552
1.1190 7.7552
1.3804 7.7552
1.6417 7.7552
1.7638 7.7552
1.8859 7.7552
1.9430 7.7552
2.0000 7.7552
2.1158 7.7552
2.2317 7.7552
2.6158 7.7552
3.0000 7.7552
3.3842 7.7552
3.7683 7.7552
3.8842 7.7552
4.0000 7.7552
4.0184 7.7552
4.0369 7.7552
4.0621 7.7552
4.0873 7.7552
4.1219 7.7552
4.1564 7.7552
4.2037 7.7552
4.2510 7.7552
4.3157 7.7552
4.3804 7.7552
4.4690 7.7552
4.5575 7.7552
4.6788 7.7552
4.8000 7.7552
4.9659 7.7552
5.1319 7.7552
5.3590 7.7552
5.5861 7.7552
5.8970 7.7552
6.2078 7.7552
6.6333 7.7552
7.0588 7.7552
7.6412 7.7552
8.2236 7.7552
9.0207 7.7552
9.8179 7.7552
10.9089 7.7552
12.0000 7.7552
0.0000 7.7831
1.1190 7.7831
1.6417 7.7831
1.8859 7.7831
2.0000 7.7831
2.2317 7.7831
3.0000 7.7831
3.7683 7.7831
4.0000 7.7831
4.0369 7.7831
4.0873 7.7831
4.1564 7.7831
4.2510 7.7831
4.3804 7.7831
4.5575 7.7831
4.8000 7.7831
5.1319 7.7831
5.5861 7.7831
6.2078 7.7831
7.0588 7.7831
8.2236 7.7831
9.8179 7.7831
12.0000 7.7831
0.0000 7.8111
0.5595 7.8111
1.1190 7.8111
1.3804 7.8111
1.6417 7.8111
1.7638 7.8111
1.8859 7.8111
1.9430 7.8111
2.0000 7.8111
2.1158 7.8111
2.2317 7.8111
2.6158 7.8111
3.0000 7.8111
3.3842 7.8111
3.7683 7.8111
3.8842 7.8111
4.0000 7.8111
4.0184 7.8111
4.0369 7.8111
4.0621 7.8111
4.0873 7.8111
4.1219 7.8111
4.1564 7.8111
4.2037 7.8111
4.2510 7.8111
4.3157 7.8111
4.3804 7.8111
4.4690 7.8111
4.5575 7.8111
4.6788 7.8111
4.8000 7.8111
4.9659 7.8111
5.1319 7.8111
5.3590 7.8111
5.5861 7.8111
5.8970 7.8111
6.2078 7.8111
6.6333 7.8111
7.0588 7.8111
7.6412 7.8111
8.2236 7.8111
9.0207 7.8111
9.8179 7.8111
10.9089 7.8111
12.0000 7.8111
0.0000 7.8345
1.1190 7.8345
1.6417 7.8345
1.8859 7.8345
2.0000 7.8345
2.2317 7.8345
3.0000 7.8345
3.7683 7.8345
4.0000 7.8345
4.0369 7.8345
4.0873 7.8345
4.1564 7.8345
4.2510 7.8345
4.3804 7.8345
4.5575 7.8345
4.8000 7.8345
5.1319 7.8345
5.5861 7.8345
6.2078 7.8345
7.0588 7.8345
8.2236 7.8345
9.8179 7.8345
12.0000 7.8345
0.0000 7.8579
0.5595 7.8579
1.1190 7.8579
1.3804 7.8579
1.6417 7.8579
1.7638 7.8579
1.8859 7.8579
1.9430 7.8579
2.0000 7.8579
2.1158 7.8579
2.2317 7.8579
2.6158 7.8579
3.0000 7.8579
3.3842 7.8579
3.7683 7.8579
3.8842 7.8579
4.0000 7.8579
4.0184 7.8579
4.0369 7.8579
4.0621 7.8579
4.0873 7.8579
4.1219 7.8579
4.1564 7.8579
4.2037 7.8579
4.2510 7.8579
4.3157 7.8579
4.3804 7.8579
4.4690 7.8579
4.5575 7.8579
4.6788 7.8579
4.8000 7.8579
4.9659 7.8579
5.1319 7.8579
5.3590 7.8579
5.5861 7.8579
5.8970 7.8579
6.2078 7.8579
6.6333 7.8579
7.0588 7.8579
7.6412 7.8579
8.2236 7.8579
9.0207 7.8579
9.8179 7.8579
10.9089 7.8579
12.0000 7.8579
0.0000 7.8775
1.1190 7.8775
1.6417 7.8775
1.8859 7.8775
2.0000 7.8775
2.2317 7.8775
3.0000 7.8775
3.7683 7.8775
4.0000 7.8775
4.0369 7.8775
4.0873 7.8775
4.1564 7.8775
4.2510 7.8775
4.3804 7.8775
4.5575 7.8775
4.8000 7.8775
5.1319 7.8775
5.5861 7.8775
6.2078 7.8775
7.0588 7.8775
8.2236 7.8775
9.8179 7.8775
12.0000 7.8775
0.0000 7.8971
0.5595 7.8971
1.1190 7.8971
1.3804 7.8971
1.6417 7.8971
1.7638 7.8971
1.8859 7.8971
1.9430 7.8971
2.0000 7.8971
2.1158 7.8971
2.2317 7.8971
2.6158 7.8971
3.0000 7.8971
3.3842 7.8971
3.7683 7.8971
3.8842 7.8971
4.0000 7.8971
4.0184 7.8971
4.0369 7.8971
4.0621 7.8971
4.0873 7.8971
4.1219 7.8971
4.1564 7.8971
4.2037 7.8971
4.2510 7.8971
4.3157 7.8971
4.3804 7.8971
4.4690 7.8971
4.5575 7.8971
4.6788 7.8971
4.8000 7.8971
4.9659 7.8971
5.1319 7.8971
5.3590 7.8971
5.5861 7.8971
5.8970 7.8971
6.2078 7.8971
6.6333 7.8971
7.0588 7.8971
7.6412 7.8971
8.2236 7.8971
9.0207 7.8971
9.8179 7.8971
10.9089 7.8971
12.0000 7.8971
0.0000 7.9136
1.1190 7.9136
1.6417 7.9136
1.8859 7.9136
2.0000 7.9136
2.2317 7.9136
3.0000 7.9136
3.7683 7.9136
4.0000 7.9136
4.0369 7.9136
4.0873 7.9136
4.1564 7.9136
4.2510 7.9136
4.3804 7.9136
4.5575 7.9136
4.8000 7.9136
5.1319 7.9136
5.5861 7.9136
6.2078 7.9136
7.0588 7.9136
8.2236 7.9136
9.8179 7.9136
12.0000 7.9136
0.0000 7.9300
0.5595 7.9300
1.1190 7.9300
1.3804 7.9300
1.6417 7.9300
1.7638 7.9300
1.8859 7.9300
1.9430 7.9300
2.0000 7.9300
2.1158 7.9300
2.2317 7.9300
2.6158 7.9300
3.0000 7.9300
3.3842 7.9300
3.7683 7.9300
3.8842 7.9300
4.0000 7.9300
4.0184 7.9300
4.0369 7.9300
4.0621 7.9300
4.0873 7.9300
4.1219 7.9300
4.1564 7.9300
4.2037 7.9300
4.2510 7.9300
4.3157 7.9300
4.3804 7.9300
4.4690 7.9300
4.5575 7.9300
4.6788 7.9300
4.8000 7.9300
4.9659 7.9300
5.1319 7.9300
5.3590 7.9300
5.5861 7.9300
5.8970 7.9300
6.2078 7.9300
6.6333 7.9300
7.0588 7.9300
7.6412 7.9300
8.2236 7.9300
9.0207 7.9300
9.8179 7.9300
10.9089 7.9300
12.0000 7.9300
0.0000 7.9438
1.1190 7.9438
1.6417 7.9438
1.8859 7.9438
2.0000 7.9438
2.2317 7.9438
3.0000 7.9438
3.7683 7.9438
4.0000 7.9438
4.0369 7.9438
4.0873 7.9438
4.1564 7.9438
4.2510 7.9438
4.3804 7.9438
4.5575 7.9438
4.8000 7.9438
5.1319 7.9438
5.5861 7.9438
6.2078 7.9438
7.0588 7.9438
8.2236 7.9438
9.8179 7.9438
12.0000 7.9438
0.0000 7.9576
0.5595 7.9576
1.1190 7.9576
1.3804 7.9576
1.6417 7.9576
1.7638 7.9576
1.8859 7.9576
1.9430 7.9576
2.0000 7.9576
2.1158 7.9576
2.2317 7.9576
2.6158 7.9576
3.0000 7.9576
3.3842 7.9576
3.7683 7.9576
3.8842 7.9576
4.0000 7.9576
4.0184 7.9576
4.0369 7.9576
4.0621 7.9576
4.0873 7.9576
4.1219 7.9576
4.1564 7.9576
4.2037 7.9576
4.2510 7.9576
4.3157 7.9576
4.3804 7.9576
4.4690 7.9576
4.5575 7.9576
4.6788 7.9576
4.8000 7.9576
4.9659 7.9576
5.1319 7.9576
5.3590 7.9576
5.5861 7.9576
5.8970 7.9576
6.2078 7.9576
6.6333 7.9576
7.0588 7.9576
7.6412 7.9576
8.2236 7.9576
9.0207 7.9576
9.8179 7.9576
10.9089 7.9576
12.0000 7.9576
0.0000 7.9691
1.1190 7.9691
1.6417 7.9691
1.8859 7.9691
2.0000 7.9691
2.2317 7.9691
3.0000 7.9691
3.7683 7.9691
4.0000 7.9691
4.0369 7.9691
4.0873 7.9691
4.1564 7.9691
4.2510 7.9691
4.3804 7.9691
4.5575 7.9691
4.8000 7.9691
5.1319 7.9691
5.5861 7.9691
6.2078 7.9691
7.0588 7.9691
8.2236 7.9691
9.8179 7.9691
12.0000 7.9691
0.0000 7.9807
0.5595 7.9807
1.1190 7.9807
1.3804 7.9807
1.6417 7.9807
1.7638 7.9807
1.8859 7.9807
1.9430 7.9807
2.0000 7.9807
2.1158 7.9807
2.2317 7.9807
2.6158 7.9807
3.0000 7.9807
3.3842 7.9807
3.7683 7.9807
3.8842 7.9807
4.0000 7.9807
4.0184 7.9807
4.0369 7.9807
4.0621 7.9807
4.0873 7.9807
4.1219 7.9807
4.1564 7.9807
4.2037 7.9807
4.2510 7.9807
4.3157 7.9807
4.3804 7.9807
4.4690 7.9807
4.5575 7.9807
4.6788 7.9807
4.8000 7.9807
4.9659 7.9807
5.1319 7.9807
5.3590 7.9807
5.5861 7.9807
5.8970 7.9807
6.2078 7.9807
6.6333 7.9807
7.0588 7.9807
7.6412 7.9807
8.2236 7.9807
9.0207 7.9807
9.8179 7.9807
10.9089 7.9807
12.0000 7.9807
0.0000 7.9903
1.1190 7.9903
1.6417 7.9903
1.8859 7.9903
2.0000 7.9903
2.2317 7.9903
3.0000 7.9903
3.7683 7.9903
4.0000 7.9903
4.0369 7.9903
4.0873 7.9903
4.1564 7.9903
4.2510 7.9903
4.3804 7.9903
4.5575 7.9903
4.8000 7.9903
5.1319 7.9903
5.5861 7.9903
6.2078 7.9903
7.0588 7.9903
8.2236 7.9903
9.8179 7.9903
12.0000 7.9903
0.0000 8.0000
0.5595 8.0000
1.1190 8.0000
1.3804 8.0000
1.6417 8.0000
1.7638 8.0000
1.8859 8.0000
1.9430 8.0000
2.0000 8.0000
2.1158 8.0000
2.2317 8.0000
2.6158 8.0000
3.0000 8.0000
3.3842 8.0000
3.7683 8.0000
3.8842 8.0000
4.0000 8.0000
4.0184 8.0000
4.0369 8.0000
4.0621 8.0000
4.0873 8.0000
4.1219 8.0000
4.1564 8.0000
4.2037 8.0000
4.2510 8.0000
4.3157 8.0000
4.3804 8.0000
4.4690 8.0000
4.5575 8.0000
4.6788 8.0000
4.8000 8.0000
4.9659 8.0000
5.1319 8.0000
5.3590 8.0000
5.5861 8.0000
5.8970 8.0000
6.2078 8.0000
6.6333 8.0000
7.0588 8.0000
7.6412 8.0000
8.2236 8.0000
9.0207 8.0000
9.8179 8.0000
10.9089 8.0000
12.0000 8.0000
0 2 70 68 1 46 69 45
2 4 72 70 3 47 71 46
4 6 74 72 5 48 73 47
6 8 76 74 7 49 75 48
8 10 78 76 9 50 77 49
10 12 80 78 11 51 79 50
12 14 82 80 13 52 81 51
14 16 84 82 15 53 83 52
16 18 86 84 17 54 85 53
18 20 88 86 19 55 87 54
20 22 90 88 21 56 89 55
22 24 92 90 23 57 91 56
24 26 94 92 25 58 93 57
26 28 96 94 27 59 95 58
28 30 98 96 29 60 97 59
30 32 100 98 31 61 99 60
32 34 102 100 33 62 101 61
34 36 104 102 35 63 103 62
36 38 106 104 37 64 105 63
38 40 108 106 39 65 107 64
40 42 110 108 41 66 109 65
42 44 112 110 43 67 111 66
68 70 138 136 69 114 137 113
70 72 140 138 71 115 139 114
72 74 142 140 73 116 141 115
74 76 144 142 75 117 143 116
76 78 146 144 77 118 145 117
78 80 148 146 79 119 147 118
80 82 150 148 81 120 149 119
82 84 152 150 83 121 151 120
84 86 154 152 85 122 153 121
86 88 156 154 87 123 155 122
88 90 158 156 89 124 157 123
90 92 160 158 91 125 159 124
92 94 162 160 93 126 161 125
94 96 164 162 95 127 163 126
96 98 166 164 97 128 165 127
98 100 168 166 99 129 167 128
100 102 170 168 101 130 169 129
102 104 172 170 103 131 171 130
104 106 174 172 105 132 173 131
106 108 176 174 107 133 175 132
108 110 178 176 109 134 177 133
110 112 180 178 111 135 179 134
136 138 206 204 137 182 205 181
138 140 208 206 139 183 207 182
140 142 210 208 141 184 209 183
142 144 212 210 143 185 211 184
144 146 214 212 145 186 213 185
146 148 216 214 147 187 215 186
148 150 218 216 149 188 217 187
150 152 220 218 151 189 219 188
152 154 222 220 153 190 221 189
154 156 224 222 155 191 223 190
156 158 226 224 157 192 225 191
158 160 228 226 159 193 227 192
160 162 230 228 161 194 229 193
162 164 232 230 163 195 231 194
164 166 234 232 165 196 233 195
166 168 236 234 167 197 235 196
168 170 238 236 169 198 237 197
170 172 240 238 171 199 239 198
172 174 242 240 173 200 241 199
174 176 244 242 175 201 243 200
176 178 246 244 177 202 245 201
178 180 248 246 179 203 247 202
204 206 274 272 205 250 273 249
206 208 276 274 207 251 275 250
208 210 278 276 209 252 277 251
210 212 280 278 211 253 279 252
212 214 282 280 213 254 281 253
214 216 284 282 215 255 283 254
216 218 286 284 217 256 285 255
218 220 288 286 219 257 287 256
220 222 290 288 221 258 289 257
222 224 292 290 223 259 291 258
224 226 294 292 225 260 293 259
226 228 296 294 227 261 295 260
228 230 298 296 229 262 297 261
230 232 300 298 231 263 299 262
232 234 302 300 233 264 301 263
234 236 304 302 235 265 303 264
236 238 306 304 237 266 305 265
238 240 308 306 239 267 307 266
240 242 310 308 241 268 309 267
242 244 312 310 243 269 311 268
244 246 314 312 245 270 313 269
246 248 316 314 247 271 315 270
272 274 342 340 273 318 341 317
274 276 344 342 275 319 343 318
276 278 346 344 277 320 345 319
278 280 348 346 279 321 347 320
280 282 350 348 281 322 349 321
282 284 352 350 283 323 351 322
284 286 354 352 285 324 353 323
286 288 356 354 287 325 355 324
288 290 358 356 289 326 357 325
290 292 360 358 291 327 359 326
292 294 362 360 293 328 361 327
294 296 364 362 295 329 363 328
296 298 366 364 297 330 365 329
298 300 368 366 299 331 367 330
300 302 370 368 301 332 369 331
302 304 372 370 303 333 371 332
304 306 374 372 305 334 373 333
306 308 376 374 307 335 375 334
308 310 378 376 309 336 377 335
310 312 380 378 311 337 379 336
312 314 382 380 313 338 381 337
314 316 384 382 315 339 383 338
340 342 410 408 341 386 409 385
342 344 412 410 343 387 411 386
344 346 414 412 345 388 413 387
346 348 416 414 347 389 415 388
348 350 418 416 349 390 417 389
350 352 420 418 351 391 419 390
352 354 422 420 353 392 421 391
354 356 424 422 355 393 423 392
356 358 426 424 357 394 425 393
358 360 428 426 359 395 427 394
360 362 430 428 361 396 429 395
362 364 432 430 363 397 431 396
364 366 434 432 365 398 433 397
366 368 436 434 367 399 435 398
368 370 438 436 369 400 437 399
370 372 440 438 371 401 439 400
372 374 442 440 373 402 441 401
374 376 444 442 375 403 443 402
376 378 446 444 377 404 445 403
378 380 448 446 379 405 447 404
380 382 450 448 381 406 449 405
382 384 452 450 383 407 451 406
408 410 478 476 409 454 477 453
410 412 480 478 411 455 479 454
412 414 482 480 413 456 481 455
414 416 484 482 415 457 483 456
416 418 486 484 417 458 485 457
418 420 488 486 419 459 487 458
420 422 490 488 421 460 489 459
422 424 492 490 423 461 491 460
424 426 494 492 425 462 493 461
426 428 496 494 427 463 495 462
428 430 498 496 429 464 497 463
430 432 500 498 431 465 499 464
432 434 502 500 433 466 501 465
434 436 504 502 435 467 503 466
436 438 506 504 437 468 505 467
438 440 508 506 439 469 507 468
440 442 510 508 441 470 509 469
442 444 512 510 443 471 511 470
444 446 514 512 445 472 513 471
446 448 516 514 447 473 515 472
448 450 518 516 449 474 517 473
450 452 520 518 451 475 519 474
476 478 546 544 477 522 545 521
478 480 548 546 479 523 547 522
480 482 550 548 481 524 549 523
482 484 552 550 483 525 551 524
484 486 554 552 485 526 553 525
486 488 556 554 487 527 555 526
488 490 558 556 489 528 557 527
490 492 560 558 491 529 559 528
492 494 562 560 493 530 561 529
494 496 564 562 495 531 563 530
496 498 566 564 497 532 565 531
498 500 568 566 499 533 567 532
500 502 570 568 501 534 569 533
502 504 572 570 503 535 571 534
504 506 574 572 505 536 573 535
506 508 576 574 507 537 575 536
508 510 578 576 509 538 577 537
510 512 580 578 511 539 579 538
512 514 582 580 513 540 581 539
514 516 584 582 515 541 583 540
516 518 586 584 517 542 585 541
518 520 588 586 519 543 587 542
544 546 614 612 545 590 613 589
546 548 616 614 547 591 615 590
548 550 618 616 549 592 617 591
550 552 620 618 551 593 619 592
552 554 622 620 553 594 621 593
554 556 624 622 555 595 623 594
556 558 626 624 557 596 625 595
558 560 628 626 559 597 627 596
560 562 630 628 561 598 629 597
562 564 632 630 563 599 631 598
564 566 634 632 565 600 633 599
566 568 636 634 567 601 635 600
568 570 638 636 569 602 637 601
570 572 640 638 571 603 639 602
572 574 642 640 573 604 641 603
574 576 644 642 575 605 643 604
576 578 646 644 577 606 645 605
578 580 648 646 579 607 647 606
580 582 650 648 581 608 649 607
582 584 652 650 583 609 651 608
584 586 654 652 585 610 653 609
586 588 656 654 587 611 655 610
612 614 682 680 613 658 681 657
614 616 684 682 615 659 683 658
616 618 686 684 617 660 685 659
618 620 688 686 619 661 687 660
620 622 690 688 621 662 689 661
622 624 692 690 623 663 691 662
624 626 694 692 625 664 693 663
626 628 696 694 627 665 695 664
628 630 698 696 629 666 697 665
630 632 700 698 631 667 699 666
632 634 702 700 633 668 701 667
634 636 704 702 635 669 703 668
636 638 706 704 637 670 705 669
638 640 708 706 639 671 707 670
640 642 710 708 641 672 709 671
642 644 712 710 643 673 711 672
644 646 714 712 645 674 713 673
646 648 716 714 647 675 715 674
648 650 718 716 649 676 717 675
650 652 720 718 651 677 719 676
652 654 722 720 653 678 721 677
654 656 724 722 655 679 723 678
680 682 750 748 681 726 749 725
682 684 752 750 683 727 751 726
684 686 754 752 685 728 753 727
686 688 756 754 687 729 755 728
688 690 758 756 689 730 757 729
690 692 760 758 691 731 759 730
692 694 762 760 693 732 761 731
694 696 764 762 695 733 763 732
696 698 766 764 697 734 765 733
698 700 768 766 699 735 767 734
700 702 770 768 701 736 769 735
702 704 772 770 703 737 771 736
704 706 774 772 705 738 773 737
706 708 776 774 707 739 775 738
708 710 778 776 709 740 777 739
710 712 780 778 711 741 779 740
712 714 782 780 713 742 781 741
714 716 784 782 715 743 783 742
716 718 786 784 717 744 785 743
718 720 788 786 719 745 787 744
720 722 790 788 721 746 789 745
722 724 792 790 723 747 791 746
748 750 818 816 749 794 817 793
750 752 820 818 751 795 819 794
752 754 822 820 753 796 821 795
754 756 824 822 755 797 823 796
756 758 826 824 757 798 825 797
758 760 828 826 759 799 827 798
760 762 830 828 761 800 829 799
762 764 832 830 763 801 831 800
764 766 834 832 765 802 833 801
766 768 836 834 767 803 835 802
768 770 838 836 769 804 837 803
770 772 840 838 771 805 839 804
772 774 842 840 773 806 841 805
774 776 844 842 775 807 843 806
776 778 846 844 777 808 845 807
778 780 848 846 779 809 847 808
780 782 850 848 781 810 849 809
782 784 852 850 783 811 851 810
784 786 854 852 785 812 853 811
786 788 856 854 787 813 855 812
788 790 858 856 789 814 857 813
790 792 860 858 791 815 859 814
816 818 886 884 817 862 885 861
818 820 888 886 819 863 887 862
820 822 890 888 821 864 889 863
822 824 892 890 823 865 891 864
824 826 894 892 825 866 893 865
826 828 896 894 827 867 895 866
828 830 898 896 829 868 897 867
830 832 900 898 831 869 899 868
832 834 902 900 833 870 901 869
834 836 904 902 835 871 903 870
836 838 906 904 837 872 905 871
838 840 908 906 839 873 907 872
840 842 910 908 841 874 909 873
842 844 912 910 843 875 911 874
844 846 914 912 845 876 913 875
846 848 916 914 847 877 915 876
848 850 918 916 849 878 917 877
850 852 920 918 851 879 919 878
852 854 922 920 853 880 921 879
854 856 924 922 855 881 923 880
856 858 926 924 857 882 925 881
858 860 928 926 859 883 927 882
884 886 954 952 885 930 953 929
886 888 956 954 887 931 955 930
888 890 958 956 889 932 957 931
890 892 960 958 891 933 959 932
892 894 962 960 893 934 961 933
894 896 964 962 895 935 963 934
896 898 966 964 897 936 965 935
898 900 968 966 899 937 967 936
900 902 970 968 901 938 969 937
902 904 972 970 903 939 971 938
904 906 974 972 905 940 973 939
906 908 976 974 907 941 975 940
908 910 978 976 909 942 977 941
910 912 980 978 911 943 979 942
912 914 982 980 913 944 981 943
914 916 984 982 915 945 983 944
916 918 986 984 917 946 985 945
918 920 988 986 919 947 987 946
920 922 990 988 921 948 989 947
922 924 992 990 923 949 991 948
924 926 994 992 925 950 993 949
926 928 996 994 927 951 995 950
952 954 1022 1020 953 998 1021 997
954 956 1024 1022 955 999 1023 998
956 958 1026 1024 957 1000 1025 999
958 960 1028 1026 959 1001 1027 1000
960 962 1030 1028 961 1002 1029 1001
962 964 1032 1030 963 1003 1031 1002
964 966 1034 1032 965 1004 1033 1003
966 968 1036 1034 967 1005 1035 1004
968 970 1038 1036 969 1006 1037 1005
970 972 1040 1038 971 1007 1039 1006
972 974 1042 1040 973 1008 1041 1007
974 976 1044 1042 975 1009 1043 1008
976 978 1046 1044 977 1010 1045 1009
978 980 1048 1046 979 1011 1047 1010
980 982 1050 1048 981 1012 1049 1011
982 984 1052 1050 983 1013 1051 1012
984 986 1054 1052 985 1014 1053 1013
986 988 1056 1054 987 1015 1055 1014
988 990 1058 1056 989 1016 1057 1015
990 992 1060 1058 991 1017 1059 1016
992 994 1062 1060 993 1018 1061 1017
994 996 1064 1062 995 1019 1063 1018
1020 1022 1090 1088 1021 1066 1089 1065
1022 1024 1092 1090 1023 1067 1091 1066
1024 1026 1094 1092 1025 1068 1093 1067
1026 1028 1096 1094 1027 1069 1095 1068
1028 1030 1098 1096 1029 1070 1097 1069
1030 1032 1100 1098 1031 1071 1099 1070
1032 1034 1102 1100 1033 1072 1101 1071
1034 1036 1104 1102 1035 1073 1103 1072
1036 1038 1106 1104 1037 1074 1105 1073
1038 1040 1108 1106 1039 1075 1107 1074
1040 1042 1110 1108 1041 1076 1109 1075
1042 1044 1112 1110 1043 1077 1111 1076
1044 1046 1114 1112 1045 1078 1113 1077
1046 1048 1116 1114 1047 1079 1115 1078
1048 1050 1118 1116 1049 1080 1117 1079
1050 1052 1120 1118 1051 1081 1119 1080
1052 1054 1122 1120 1053 1082 1121 1081
1054 1056 1124 1122 1055 1083 1123 1082
1056 1058 1126 1124 1057 1084 1125 1083
1058 1060 1128 1126 1059 1085 1127 1084
1060 1062 1130 1128 1061 1086 1129 1085
1062 1064 1132 1130 1063 1087 1131 1086
1088 1090 1158 1156 1089 1134 1157 1133
1090 1092 1160 1158 1091 1135 1159 1134
1092 1094 1162 1160 1093 1136 1161 1135
1094 1096 1164 1162 1095 1137 1163 1136
1096 1098 1166 1164 1097 1138 1165 1137
1098 1100 1168 1166 1099 1139 1167 1138
1100 1102 1170 1168 1101 1140 1169 1139
1102 1104 1172 1170 1103 1141 1171 1140
1104 1106 1174 1172 1105 1142 1173 1141
1106 1108 1176 1174 1107 1143 1175 1142
1108 1110 1178 1176 1109 1144 1177 1143
1110 1112 1180 1178 1111 1145 1179 1144
1112 1114 1182 1180 1113 1146 1181 1145
1114 1116 1184 1182 1115 1147 1183 1146
1116 1118 1186 1184 1117 1148 1185 1147
1118 1120 1188 1186 1119 1149 1187 1148
1120 1122 1190 1188 1121 1150 1189 1149
1122 1124 1192 1190 1123 1151 1191 1150
1124 1126 1194 1192 1125 1152 1193 1151
1126 1128 1196 1194 1127 1153 1195 1152
1128 1130 1198 1196 1129 1154 1197 1153
1130 1132 1200 1198 1131 1155 1199 1154
1156 1158 1226 1224 1157 1202 1225 1201
1158 1160 1228 1226 1159 1203 1227 1202
1160 1162 1230 1228 1161 1204 1229 1203
1162 1164 1232 1230 1163 1205 1231 1204
1164 1166 1234 1232 1165 1206 1233 1205
1166 1168 1236 1234 1167 1207 1235 1206
1168 1170 1238 1236 1169 1208 1237 1207
1170 1172 1240 1238 1171 1209 1239 1208
1172 1174 1242 1240 1173 1210 1241 1209
1174 1176 1244 1242 1175 1211 1243 1210
1176 1178 1246 1244 1177 1212 1245 1211
1178 1180 1248 1246 1179 1213 1247 1212
1180 1182 1250 1248 1181 1214 1249 1213
1182 1184 1252 1250 1183 1215 1251 1214
1184 1186 1254 1252 1185 1216 1253 1215
1186 1188 1256 1254 1187 1217 1255 1216
1188 1190 1258 1256 1189 1218 1257 1217
1190 1192 1260 1258 1191 1219 1259 1218
1192 1194 1262 1260 1193 1220 1261 1219
1194 1196 1264 1262 1195 1221 1263 1220
1196 1198 1266 1264 1197 1222 1265 1221
1198 1200 1268 1266 1199 1223 1267 1222
1224 1226 1294 1292 1225 1270 1293 1269
1226 1228 1296 1294 1227 1271 1295 1270
1228 1230 1298 1296 1229 1272 1297 1271
1230 1232 1300 1298 1231 1273 1299 1272
1232 1234 1302 1300 1233 1274 1301 1273
1234 1236 1304 1302 1235 1275 1303 1274
1236 1238 1306 1304 1237 1276 1305 1275
1238 1240 1308 1306 1239 1277 1307 1276
1240 1242 1310 1308 1241 1278 1309 1277
1242 1244 1312 1310 1243 1279 1311 1278
1244 1246 1314 1312 1245 1280 1313 1279
1246 1248 1316 1314 1247 1281 1315 1280
1248 1250 1318 1316 1249 1282 1317 1281
1250 1252 1320 1318 1251 1283 1319 1282
1252 1254 1322 1320 1253 1284 1321 1283
1254 1256 1324 1322 1255 1285 1323 1284
1256 1258 1326 1324 1257 1286 1325 1285
1258 1260 1328 1326 1259 1287 1327 1286
1260 1262 1330 1328 1261 1288 1329 1287
1262 1264 1332 1330 1263 1289 1331 1288
1264 1266 1334 1332 1265 1290 1333 1289
1266 1268 1336 1334 1267 1291 1335 1290
1292 1294 1362 1360 1293 1338 1361 1337
1294 1296 1364 1362 1295 1339 1363 1338
1296 1298 1366 1364 1297 1340 1365 1339
1298 1300 1368 1366 1299 1341 1367 1340
1300 1302 1370 1368 1301 1342 1369 1341
1302 1304 1372 1370 1303 1343 1371 1342
1304 1306 1374 1372 1305 1344 1373 1343
1306 1308 1376 1374 1307 1345 1375 1344
1308 1310 1378 1376 1309 1346 1377 1345
1310 1312 1380 1378 1311 1347 1379 1346
1312 1314 1382 1380 1313 1348 1381 1347
1314 1316 1384 1382 1315 1349 1383 1348
1316 1318 1386 1384 1317 1350 1385 1349
1318 1320 1388 1386 1319 1351 1387 1350
1320 1322 1390 1388 1321 1352 1389 1351
1322 1324 1392 1390 1323 1353 1391 1352
1324 1326 1394 1392 1325 1354 1393 1353
1326 1328 1396 1394 1327 1355 1395 1354
1328 1330 1398 1396 1329 1356 1397 1355
1330 1332 1400 1398 1331 1357 1399 1356
1332 1334 1402 1400 1333 1358 1401 1357
1334 1336 1404 1402 1335 1359 1403 1358
1360 1362 1430 1428 1361 1406 1429 1405
1362 1364 1432 1430 1363 1407 1431 1406
1364 1366 1434 1432 1365 1408 1433 1407
1366 1368 1436 1434 1367 1409 1435 1408
1368 1370 1438 1436 1369 1410 1437 1409
1370 1372 1440 1438 1371 1411 1439 1410
1372 1374 1442 1440 1373 1412 1441 1411
1374 1376 1444 1442 1375 1413 1443 1412
1376 1378 1446 1444 1377 1414 1445 1413
1378 1380 1448 1446 1379 1415 1447 1414
1380 1382 1450 1448 1381 1416 1449 1415
1382 1384 1452 1450 1383 1417 1451 1416
1384 1386 1454 1452 1385 1418 1453 1417
1386 1388 1456 1454 1387 1419 1455 1418
1388 1390 1458 1456 1389 1420 1457 1419
1390 1392 1460 1458 1391 1421 1459 1420
1392 1394 1462 1460 1393 1422 1461 1421
1394 1396 1464 1462 1395 1423 1463 1422
1396 1398 1466 1464 1397 1424 1465 1423
1398 1400 1468 1466 1399 1425 1467 1424
1400 1402 1470 1468 1401 1426 1469 1425
1402 1404 1472 1470 1403 1427 1471 1426
1428 1430 1498 1496 1429 1474 1497 1473
1430 1432 1500 1498 1431 1475 1499 1474
1432 1434 1502 1500 1433 1476 1501 1475
1434 1436 1504 1502 1435 1477 1503 1476
1436 1438 1506 1504 1437 1478 1505 1477
1438 1440 1508 1506 1439 1479 1507 1478
1440 1442 1510 1508 1441 1480 1509 1479
1442 1444 1512 1510 1443 1481 1511 1480
1444 1446 1514 1512 1445 1482 1513 1481
1446 1448 1516 1514 1447 1483 1515 1482
1448 1450 1518 1516 1449 1484 1517 1483
1450 1452 1520 1518 1451 1485 1519 1484
1452 1454 1522 1520 1453 1486 1521 1485
1454 1456 1524 1522 1455 1487 1523 1486
1456 1458 1526 1524 1457 1488 1525 1487
1458 1460 1528 1526 1459 1489 1527 1488
1460 1462 1530 1528 1461 1490 1529 1489
1462 1464 1532 1530 1463 1491 1531 1490
1464 1466 1534 1532 1465 1492 1533 1491
1466 1468 1536 1534 1467 1493 1535 1492
1468 1470 1538 1536 1469 1494 1537 1493
1470 1472 1540 1538 1471 1495 1539 1494
1496 1498 1566 1564 1497 1542 1565 1541
1498 1500 1568 1566 1499 1543 1567 1542
1500 1502 1570 1568 1501 1544 1569 1543
1502 1504 1572 1570 1503 1545 1571 1544
1504 1506 1574 1572 1505 1546 1573 1545
1506 1508 1576 1574 1507 1547 1575 1546
1508 1510 1578 1576 1509 1548 1577 1547
1510 1512 1580 1578 1511 1549 1579 1548
1512 1514 1582 1580 1513 1550 1581 1549
1514 1516 1584 1582 1515 1551 1583 1550
1516 1518 1586 1584 1517 1552 1585 1551
1518 1520 1588 1586 1519 1553 1587 1552
1520 1522 1590 1588 1521 1554 1589 1553
1522 1524 1592 1590 1523 1555 1591 1554
1524 1526 1594 1592 1525 1556 1593 1555
1526 1528 1596 1594 1527 1557 1595 1556
1528 1530 1598 1596 1529 1558 1597 1557
1530 1532 1600 1598 1531 1559 1599 1558
1532 1534 1602 1600 1533 1560 1601 1559
1534 1536 1604 1602 1535 1561 1603 1560
1536 1538 1606 1604 1537 1562 1605 1561
1538 1540 1608 1606 1539 1563 1607 1562
1564 1566 1634 1632 1565 1610 1633 1609
1566 1568 1636 1634 1567 1611 1635 1610
1568 1570 1638 1636 1569 1612 1637 1611
1570 1572 1640 1638 1571 1613 1639 1612
1572 1574 1642 1640 1573 1614 1641 1613
1574 1576 1644 1642 1575 1615 1643 1614
1576 1578 1646 1644 1577 1616 1645 1615
1578 1580 1648 1646 1579 1617 1647 1616
1580 1582 1650 1648 1581 1618 1649 1617
1582 1584 1652 1650 1583 1619 1651 1618
1584 1586 1654 1652 1585 1620 1653 1619
1586 1588 1656 1654 1587 1621 1655 1620
1588 1590 1658 1656 1589 1622 1657 1621
1590 1592 1660 1658 1591 1623 1659 1622
1592 1594 1662 1660 1593 1624 1661 1623
1594 1596 1664 1662 1595 1625 1663 1624
1596 1598 1666 1664 1597 1626 1665 1625
1598 1600 1668 1666 1599 1627 1667 1626
1600 1602 1670 1668 1601 1628 1669 1627
1602 1604 1672 1670 1603 1629 1671 1628
1604 1606 1674 1672 1605 1630 1673 1629
1606 1608 1676 1674 1607 1631 1675 1630
1632 1634 1702 1700 1633 1678 1701 1677
1634 1636 1704 1702 1635 1679 1703 1678
1636 1638 1706 1704 1637 1680 1705 1679
1638 1640 1708 1706 1639 1681 1707 1680
1640 1642 1710 1708 1641 1682 1709 1681
1642 1644 1712 1710 1643 1683 1711 1682
1644 1646 1714 1712 1645 1684 1713 1683
1646 1648 1716 1714 1647 1685 1715 1684
1648 1650 1718 1716 1649 1686 1717 1685
1650 1652 1720 1718 1651 1687 1719 1686
1652 1654 1722 1720 1653 1688 1721 1687
1654 1656 1724 1722 1655 1689 1723 1688
1656 1658 1726 1724 1657 1690 1725 1689
1658 1660 1728 1726 1659 1691 1727 1690
1660 1662 1730 1728 1661 1692 1729 1691
1662 1664 1732 1730 1663 1693 1731 1692
1664 1666 1734 1732 1665 1694 1733 1693
1666 1668 1736 1734 1667 1695 1735 1694
1668 1670 1738 1736 1669 1696 1737 1695
1670 1672 1740 1738 1671 1697 1739 1696
1672 1674 1742 1740 1673 1698 1741 1697
1674 1676 1744 1742 1675 1699 1743 1698
1700 1702 1770 1768 1701 1746 1769 1745
1702 1704 1772 1770 1703 1747 1771 1746
1704 1706 1774 1772 1705 1748 1773 1747
1706 1708 1776 1774 1707 1749 1775 1748
1708 1710 1778 1776 1709 1750 1777 1749
1710 1712 1780 1778 1711 1751 1779 1750
1712 1714 1782 1780 1713 1752 1781 1751
1714 1716 1784 1782 1715 1753 1783 1752
1716 1718 1786 1784 1717 1754 1785 1753
1718 1720 1788 1786 1719 1755 1787 1754
1720 1722 1790 1788 1721 1756 1789 1755
1722 1724 1792 1790 1723 1757 1791 1756
1724 1726 1794 1792 1725 1758 1793 1757
1726 1728 1796 1794 1727 1759 1795 1758
1728 1730 1798 1796 1729 1760 1797 1759
1730 1732 1800 1798 1731 1761 1799 1760
1732 1734 1802 1800 1733 1762 1801 1761
1734 1736 1804 1802 1735 1763 1803 1762
1736 1738 1806 1804 1737 1764 1805 1763
1738 1740 1808 1806 1739 1765 1807 1764
1740 1742 1810 1808 1741 1766 1809 1765
1742 1744 1812 1810 1743 1767 1811 1766
1768 1770 1838 1836 1769 1814 1837 1813
1770 1772 1840 1838 1771 1815 1839 1814
1772 1774 1842 1840 1773 1816 1841 1815
1774 1776 1844 1842 1775 1817 1843 1816
1776 1778 1846 1844 1777 1818 1845 1817
1778 1780 1848 1846 1779 1819 1847 1818
1780 1782 1850 1848 1781 1820 1849 1819
1782 1784 1852 1850 1783 1821 1851 1820
1784 1786 1854 1852 1785 1822 1853 1821
1786 1788 1856 1854 1787 1823 1855 1822
1788 1790 1858 1856 1789 1824 1857 1823
1790 1792 1860 1858 1791 1825 1859 1824
1792 1794 1862 1860 1793 1826 1861 1825
1794 1796 1864 1862 1795 1827 1863 1826
1796 1798 1866 1864 1797 1828 1865 1827
1798 1800 1868 1866 1799 1829 1867 1828
1800 1802 1870 1868 1801 1830 1869 1829
1802 1804 1872 1870 1803 1831 1871 1830
1804 1806 1874 1872 1805 1832 1873 1831
1806 1808 1876 1874 1807 1833 1875 1832
1808 1810 1878 1876 1809 1834 1877 1833
1810 1812 1880 1878 1811 1835 1879 1834
0 1 2 3 4 5 6 7 8 9 10 11 12 13 14 15 16 17 18 19 20 21 22 23 24 25 26 27 28 29 30 31 32 33 34 35 36 37 38 39 40 41 42 43 44 45 46 47 48 49 50 51 52 53 54 55 56 57 58 59 60 61 62 63 64 65 66 67 68 69 70 71 72 73 74 75 76 77 78 79 80 81 82 83 84 85 86 87 88 89 90 91 92 93 94 95 96 97 98 99 100 101 102 103 104 105 106 107 108 109 110 111 112 113 114 115 116 117 118 119 120 121 122 123 124 125 126 127 128 129 130 131 132 133 134 135 136 137 138 139 140 141 142 143 144 145 146 147 148 149 150 151 152 153 154 155 156 157 158 159 160 161 162 163 164 165 166 167 168 169 170 171 172 173 174 175 176 177 178 179 180 181 182 183 184 185 186 187 188 189 190 191 192 193 194 195 196 197 198 199 200 201 202 203 204 205 206 207 208 209 210 211 212 213 214 215 216 217 218 219 220 221 222 223 224 225 226 227 228 229 230 231 232 233 234 235 236 237 238 239 240 241 242 243 244 245 246 247 248 249 250 251 252 253 254 255 256 257 258 259 260 261 262 263 264 265 266 267 268 269 270 271 272 273 274 275 276 277 278 279 280 281 282 283 284 285 286 287 288 289 290 291 292 293 294 295 296 297 298 299 300 301 302 303 304 305 306 307 308 309 310 311 312 313 314 315 316 317 318 319 320 321 322 323 324 325 326 327 328 329 330 331 332 333 334 335 336 337 338 339 340 341 342 343 344 345 346 347 348 349 350 351 352 353 354 355 356 357 358 359 360 361 362 363 364 365 366 367 368 369 370 371 372 373 374 375 376 377 378 379 380 381 382 383 384 385 386 387 388 389 390 391 392 393 394 395 396 397 398 399 400 401 402 403 404 405 406 407 408 409 410 411 412 413 414 415 416 417 418 419 420 421 422 423 424 425 426 427 428 429 430 431 432 433 434 435 436 437 438 439 440 441 442 443 444 445 446 447 448 449 450 451 452 453 454 455 456 457 458 459 460 461 462 463 464 465 466 467 468 469 470 471 472 473 474 475 476 477 478 479 480 481 482 483 484 485 486 487 488 489 490 491 492 493 494 495 496 497 498 499 500 501 502 503 504 505 506 507 508 509 510 511 512 513 514 515 516 517 518 519 520 521 522 523 524 525 526 527 528 529 530 531 532 533 534 535 536 537 538 539 540 541 542 543 544 545 546 547 548 549 550 551 552 553 554 555 556 557 558 559 560 561 562 563 564 565 566 567 568 569 570 571 572 573 574 575 576 577 578 579 580 581 582 583 584 585 586 587 588 589 590 591 592 593
50000.00000 0.15000 0.00000 -0.08070 6.5e-6 100.00000
1838 1839 1840 1841 1842 1843 1844 1845 1846 1847 1848 1849 1850 1851 1852 1853 1854 1855 1856 1857 1858 1859 1860 1861 1862 1863 1864 1865 1866 1867 
62.42332 65.34152 47.93251 30.52351 22.39110 14.25869 21.60825 28.95781 62.50000 96.04219 57.62531 115.25063 75.00000 34.74937 20.14022 5.53107 6.55083 7.57059 8.96637 10.36215 12.27261 14.18307 16.79799 19.41291 22.99205 26.57119 31.47010 36.36901 43.07433 35.11018 
0 1 2 3 4 5 6 7 8 9 10 11 12 13 14 15 16 17 18 19 20 21 22 23 24 25 26 27 28 29 30 31 32 33 34 35 36 37 38 39 40 41 42 43 44 
0.00000 0.00000 0.00000 0.00000 0.00000 0.00000 0.00000 0.00000 0.00000 0.00000 0.00000 0.00000 0.00000 0.00000 0.00000 0.00000 0.00000 0.00000 0.00000 0.00000 0.00000 0.00000 0.00000 0.00000 0.00000 0.00000 0.00000 0.00000 0.00000 0.00000 0.00000 0.00000 0.00000 0.00000 0.00000 0.00000 0.00000 0.00000 0.00000 0.00000 0.00000 0.00000 0.00000 0.00000 0.00000 