567 168 3 0 4 0 15 15
0.0000 0.0000
0.6250 0.0000
1.2500 0.0000
1.8750 0.0000
2.5000 0.0000
3.1250 0.0000
3.7500 0.0000
4.3750 0.0000
5.0000 0.0000
7.8861 0.0000
10.7722 0.0000
16.9901 0.0000
23.2079 0.0000
36.6040 0.0000
50.0000 0.0000
0.0000 -0.6250
1.2500 -0.6250
2.5000 -0.6250
3.7500 -0.6250
5.0000 -0.6250
10.7722 -0.6250
23.2079 -0.6250
50.0000 -0.6250
0.0000 -1.2500
0.6250 -1.2500
1.2500 -1.2500
1.8750 -1.2500
2.5000 -1.2500
3.1250 -1.2500
3.7500 -1.2500
4.3750 -1.2500
5.0000 -1.2500
7.8861 -1.2500
10.7722 -1.2500
16.9901 -1.2500
23.2079 -1.2500
36.6040 -1.2500
50.0000 -1.2500
0.0000 -1.8750
1.2500 -1.8750
2.5000 -1.8750
3.7500 -1.8750
5.0000 -1.8750
10.7722 -1.8750
23.2079 -1.8750
50.0000 -1.8750
0.0000 -2.5000
0.6250 -2.5000
1.2500 -2.5000
1.8750 -2.5000
2.5000 -2.5000
3.1250 -2.5000
3.7500 -2.5000
4.3750 -2.5000
5.0000 -2.5000
7.8861 -2.5000
10.7722 -2.5000
16.9901 -2.5000
23.2079 -2.5000
36.6040 -2.5000
50.0000 -2.5000
0.0000 -3.1250
1.2500 -3.1250
2.5000 -3.1250
3.7500 -3.1250
5.0000 -3.1250
10.7722 -3.1250
23.2079 -3.1250
50.0000 -3.1250
0.0000 -3.7500
0.6250 -3.7500
1.2500 -3.7500
1.8750 -3.7500
2.5000 -3.7500
3.1250 -3.7500
3.7500 -3.7500
4.3750 -3.7500
5.0000 -3.7500
7.8861 -3.7500
10.7722 -3.7500
16.9901 -3.7500
23.2079 -3.7500
36.6040 -3.7500
50.0000 -3.7500
0.0000 -4.3750
1.2500 -4.3750
2.5000 -4.3750
3.7500 -4.3750
5.0000 -4.3750
10.7722 -4.3750
23.2079 -4.3750
50.0000 -4.3750
0.0000 -5.0000
0.6250 -5.0000
1.2500 -5.0000
1.8750 -5.0000
2.5000 -5.0000
3.1250 -5.0000
3.7500 -5.0000
4.3750 -5.0000
5.0000 -5.0000
7.8861 -5.0000
10.7722 -5.0000
16.9901 -5.0000
23.2079 -5.0000
36.6040 -5.0000
50.0000 -5.0000
0.0000 -5.6250
1.2500 -5.6250
2.5000 -5.6250
3.7500 -5.6250
5.0000 -5.6250
10.7722 -5.6250
23.2079 -5.6250
50.0000 -5.6250
0.0000 -6.2500
0.6250 -6.2500
1.2500 -6.2500
1.8750 -6.2500
2.5000 -6.2500
3.1250 -6.2500
3.7500 -6.2500
4.3750 -6.2500
5.0000 -6.2500
7.8861 -6.2500
10.7722 -6.2500
16.9901 -6.2500
23.2079 -6.2500
36.6040 -6.2500
50.0000 -6.2500
0.0000 -6.8750
1.2500 -6.8750
2.5000 -6.8750
3.7500 -6.8750
5.0000 -6.8750
10.7722 -6.8750
23.2079 -6.8750
50.0000 -6.8750
0.0000 -7.5000
0.6250 -7.5000
1.2500 -7.5000
1.8750 -7.5000
2.5000 -7.5000
3.1250 -7.5000
3.7500 -7.5000
4.3750 -7.5000
5.0000 -7.5000
7.8861 -7.5000
10.7722 -7.5000
16.9901 -7.5000
23.2079 -7.5000
36.6040 -7.5000
50.0000 -7.5000
0.0000 -8.1250
1.2500 -8.1250
2.5000 -8.1250
3.7500 -8.1250
5.0000 -8.1250
10.7722 -8.1250
23.2079 -8.1250
50.0000 -8.1250
0.0000 -8.7500
0.6250 -8.7500
1.2500 -8.7500
1.8750 -8.7500
2.5000 -8.7500
3.1250 -8.7500
3.7500 -8.7500
4.3750 -8.7500
5.0000 -8.7500
7.8861 -8.7500
10.7722 -8.7500
16.9901 -8.7500
23.2079 -8.7500
36.6040 -8.7500
50.0000 -8.7500
0.0000 -9.3750
1.2500 -9.3750
2.5000 -9.3750
3.7500 -9.3750
5.0000 -9.3750
10.7722 -9.3750
23.2079 -9.3750
50.0000 -9.3750
0.0000 -10.0000
0.6250 -10.0000
1.2500 -10.0000
1.8750 -10.0000
2.5000 -10.0000
3.1250 -10.0000
3.7500 -10.0000
4.3750 -10.0000
5.0000 -10.0000
7.8861 -10.0000
10.7722 -10.0000
16.9901 -10.0000
23.2079 -10.0000
36.6040 -10.0000
50.0000 -10.0000
0.0000 -10.6250
1.2500 -10.6250
2.5000 -10.6250
3.7500 -10.6250
5.0000 -10.6250
10.7722 -10.6250
23.2079 -10.6250
50.0000 -10.6250
0.0000 -11.2500
0.6250 -11.2500
1.2500 -11.2500
1.8750 -11.2500
2.5000 -11.2500
3.1250 -11.2500
3.7500 -11.2500
4.3750 -11.2500
5.0000 -11.2500
7.8861 -11.2500
10.7722 -11.2500
16.9901 -11.2500
23.2079 -11.2500
36.6040 -11.2500
50.0000 -11.2500
0.0000 -11.8750
1.2500 -11.8750
2.5000 -11.8750
3.7500 -11.8750
5.0000 -11.8750
10.7722 -11.8750
23.2079 -11.8750
50.0000 -11.8750
0.0000 -12.5000
0.6250 -12.5000
1.2500 -12.5000
1.8750 -12.5000
2.5000 -12.5000
3.1250 -12.5000
3.7500 -12.5000
4.3750 -12.5000
5.0000 -12.5000
7.8861 -12.5000
10.7722 -12.5000
16.9901 -12.5000
23.2079 -12.5000
36.6040 -12.5000
50.0000 -12.5000
0.0000 -13.1250
1.2500 -13.1250
2.5000 -13.1250
3.7500 -13.1250
5.0000 -13.1250
10.7722 -13.1250
23.2079 -13.1250
50.0000 -13.1250
0.0000 -13.7500
0.6250 -13.7500
1.2500 -13.7500
1.8750 -13.7500
2.5000 -13.7500
3.1250 -13.7500
3.7500 -13.7500
4.3750 -13.7500
5.0000 -13.7500
7.8861 -13.7500
10.7722 -13.7500
16.9901 -13.7500
23.2079 -13.7500
36.6040 -13.7500
50.0000 -13.7500
0.0000 -14.3750
1.2500 -14.3750
2.5000 -14.3750
3.7500 -14.3750
5.0000 -14.3750
10.7722 -14.3750
23.2079 -14.3750
50.0000 -14.3750
0.0000 -15.0000
0.6250 -15.0000
1.2500 -15.0000
1.8750 -15.0000
2.5000 -15.0000
3.1250 -15.0000
3.7500 -15.0000
4.3750 -15.0000
5.0000 -15.0000
7.8861 -15.0000
10.7722 -15.0000
16.9901 -15.0000
23.2079 -15.0000
36.6040 -15.0000
50.0000 -15.0000
0.0000 -16.8750
1.2500 -16.8750
2.5000 -16.8750
3.7500 -16.8750
5.0000 -16.8750
10.7722 -16.8750
23.2079 -16.8750
50.0000 -16.8750
0.0000 -18.7500
0.6250 -18.7500
1.2500 -18.7500
1.8750 -18.7500
2.5000 -18.7500
3.1250 -18.7500
3.7500 -18.7500
4.3750 -18.7500
5.0000 -18.7500
7.8861 -18.7500
10.7722 -18.7500
16.9901 -18.7500
23.2079 -18.7500
36.6040 -18.7500
50.0000 -18.7500
0.0000 -20.6250
1.2500 -20.6250
2.5000 -20.6250
3.7500 -20.6250
5.0000 -20.6250
10.7722 -20.6250
23.2079 -20.6250
50.0000 -20.6250
0.0000 -22.5000
0.6250 -22.5000
1.2500 -22.5000
1.8750 -22.5000
2.5000 -22.5000
3.1250 -22.5000
3.7500 -22.5000
4.3750 -22.5000
5.0000 -22.5000
7.8861 -22.5000
10.7722 -22.5000
16.9901 -22.5000
23.2079 -22.5000
36.6040 -22.5000
50.0000 -22.5000
0.0000 -24.3750
1.2500 -24.3750
2.5000 -24.3750
3.7500 -24.3750
5.0000 -24.3750
10.7722 -24.3750
23.2079 -24.3750
50.0000 -24.3750
0.0000 -26.2500
0.6250 -26.2500
1.2500 -26.2500
1.8750 -26.2500
2.5000 -26.2500
3.1250 -26.2500
3.7500 -26.2500
4.3750 -26.2500
5.0000 -26.2500
7.8861 -26.2500
10.7722 -26.2500
16.9901 -26.2500
23.2079 -26.2500
36.6040 -26.2500
50.0000 -26.2500
0.0000 -28.1250
1.2500 -28.1250
2.5000 -28.1250
3.7500 -28.1250
5.0000 -28.1250
10.7722 -28.1250
23.2079 -28.1250
50.0000 -28.1250
0.0000 -30.0000
0.6250 -30.0000
1.2500 -30.0000
1.8750 -30.0000
2.5000 -30.0000
3.1250 -30.0000
3.7500 -30.0000
4.3750 -30.0000
5.0000 -30.0000
7.8861 -30.0000
10.7722 -30.0000
16.9901 -30.0000
23.2079 -30.0000
36.6040 -30.0000
50.0000 -30.0000
0.0000 -31.8750
1.2500 -31.8750
2.5000 -31.8750
3.7500 -31.8750
5.0000 -31.8750
10.7722 -31.8750
23.2079 -31.8750
50.0000 -31.8750
0.0000 -33.7500
0.6250 -33.7500
1.2500 -33.7500
1.8750 -33.7500
2.5000 -33.7500
3.1250 -33.7500
3.7500 -33.7500
4.3750 -33.7500
5.0000 -33.7500
7.8861 -33.7500
10.7722 -33.7500
16.9901 -33.7500
23.2079 -33.7500
36.6040 -33.7500
50.0000 -33.7500
0.0000 -35.6250
1.2500 -35.6250
2.5000 -35.6250
3.7500 -35.6250
5.0000 -35.6250
10.7722 -35.6250
23.2079 -35.6250
50.0000 -35.6250
0.0000 -37.5000
0.6250 -37.5000
1.2500 -37.5000
1.8750 -37.5000
2.5000 -37.5000
3.1250 -37.5000
3.7500 -37.5000
4.3750 -37.5000
5.0000 -37.5000
7.8861 -37.5000
10.7722 -37.5000
16.9901 -37.5000
23.2079 -37.5000
36.6040 -37.5000
50.0000 -37.5000
0.0000 -39.3750
1.2500 -39.3750
2.5000 -39.3750
3.7500 -39.3750
5.0000 -39.3750
10.7722 -39.3750
23.2079 -39.3750
50.0000 -39.3750
0.0000 -41.2500
0.6250 -41.2500
1.2500 -41.2500
1.8750 -41.2500
2.5000 -41.2500
3.1250 -41.2500
3.7500 -41.2500
4.3750 -41.2500
5.0000 -41.2500
7.8861 -41.2500
10.7722 -41.2500
16.9901 -41.2500
23.2079 -41.2500
36.6040 -41.2500
50.0000 -41.2500
0.0000 -43.1250
1.2500 -43.1250
2.5000 -43.1250
3.7500 -43.1250
5.0000 -43.1250
10.7722 -43.1250
23.2079 -43.1250
50.0000 -43.1250
0.0000 -45.0000
0.6250 -45.0000
1.2500 -45.0000
1.8750 -45.0000
2.5000 -45.0000
3.1250 -45.0000
3.7500 -45.0000
4.3750 -45.0000
5.0000 -45.0000
7.8861 -45.0000
10.7722 -45.0000
16.9901 -45.0000
23.2079 -45.0000
36.6040 -45.0000
50.0000 -45.0000
0.0000 -51.8750
1.2500 -51.8750
2.5000 -51.8750
3.7500 -51.8750
5.0000 -51.8750
10.7722 -51.8750
23.2079 -51.8750
50.0000 -51.8750
0.0000 -58.7500
0.6250 -58.7500
1.2500 -58.7500
1.8750 -58.7500
2.5000 -58.7500
3.1250 -58.7500
3.7500 -58.7500
4.3750 -58.7500
5.0000 -58.7500
7.8861 -58.7500
10.7722 -58.7500
16.9901 -58.7500
23.2079 -58.7500
36.6040 -58.7500
50.0000 -58.7500
0.0000 -65.6250
1.2500 -65.6250
2.5000 -65.6250
3.7500 -65.6250
5.0000 -65.6250
10.7722 -65.6250
23.2079 -65.6250
50.0000 -65.6250
0.0000 -72.5000
0.6250 -72.5000
1.2500 -72.5000
1.8750 -72.5000
2.5000 -72.5000
3.1250 -72.5000
3.7500 -72.5000
4.3750 -72.5000
5.0000 -72.5000
7.8861 -72.5000
10.7722 -72.5000
16.9901 -72.5000
23.2079 -72.5000
36.6040 -72.5000
50.0000 -72.5000
0.0000 -79.3750
1.2500 -79.3750
2.5000 -79.3750
3.7500 -79.3750
5.0000 -79.3750
10.7722 -79.3750
23.2079 -79.3750
50.0000 -79.3750
0.0000 -86.2500
0.6250 -86.2500
1.2500 -86.2500
1.8750 -86.2500
2.5000 -86.2500
3.1250 -86.2500
3.7500 -86.2500
4.3750 -86.2500
5.0000 -86.2500
7.8861 -86.2500
10.7722 -86.2500
16.9901 -86.2500
23.2079 -86.2500
36.6040 -86.2500
50.0000 -86.2500
0.0000 -93.1250
1.2500 -93.1250
2.5000 -93.1250
3.7500 -93.1250
5.0000 -93.1250
10.7722 -93.1250
23.2079 -93.1250
50.0000 -93.1250
0.0000 -100.0000
0.6250 -100.0000
1.2500 -100.0000
1.8750 -100.0000
2.5000 -100.0000
3.1250 -100.0000
3.7500 -100.0000
4.3750 -100.0000
5.0000 -100.0000
7.8861 -100.0000
10.7722 -100.0000
16.9901 -100.0000
23.2079 -100.0000
36.6040 -100.0000
50.0000 -100.0000
0 83
30000.000000 0.300000 0.000000 -0.080700 6.5e-6 100.000000
84 139
30000.000000 0.300000 0.000000 -0.080700 6.5e-6 100.000000
140 167
30000.000000 0.300000 0.000000 -0.080700 6.5e-6 100.000000
8 23 25 2 0 24 16 1 15
8 25 27 4 2 26 17 3 16
8 27 29 6 4 28 18 5 17
8 29 31 8 6 30 19 7 18
8 31 33 10 8 32 20 9 19
8 33 35 12 10 34 21 11 20
8 35 37 14 12 36 22 13 21
8 46 48 25 23 47 39 24 38
8 48 50 27 25 49 40 26 39
8 50 52 29 27 51 41 28 40
8 52 54 31 29 53 42 30 41
8 54 56 33 31 55 43 32 42
8 56 58 35 33 57 44 34 43
8 58 60 37 35 59 45 36 44
8 69 71 48 46 70 62 47 61
8 71 73 50 48 72 63 49 62
8 73 75 52 50 74 64 51 63
8 75 77 54 52 76 65 53 64
8 77 79 56 54 78 66 55 65
8 79 81 58 56 80 67 57 66
8 81 83 60 58 82 68 59 67
8 92 94 71 69 93 85 70 84
8 94 96 73 71 95 86 72 85
8 96 98 75 73 97 87 74 86
8 98 100 77 75 99 88 76 87
8 100 102 79 77 101 89 78 88
8 102 104 81 79 103 90 80 89
8 104 106 83 81 105 91 82 90
8 115 117 94 92 116 108 93 107
8 117 119 96 94 118 109 95 108
8 119 121 98 96 120 110 97 109
8 121 123 100 98 122 111 99 110
8 123 125 102 100 124 112 101 111
8 125 127 104 102 126 113 103 112
8 127 129 106 104 128 114 105 113
8 138 140 117 115 139 131 116 130
8 140 142 119 117 141 132 118 131
8 142 144 121 119 143 133 120 132
8 144 146 123 121 145 134 122 133
8 146 148 125 123 147 135 124 134
8 148 150 127 125 149 136 126 135
8 150 152 129 127 151 137 128 136
8 161 163 140 138 162 154 139 153
8 163 165 142 140 164 155 141 154
8 165 167 144 142 166 156 143 155
8 167 169 146 144 168 157 145 156
8 169 171 148 146 170 158 147 157
8 171 173 150 148 172 159 149 158
8 173 175 152 150 174 160 151 159
8 184 186 163 161 185 177 162 176
8 186 188 165 163 187 178 164 177
8 188 190 167 165 189 179 166 178
8 190 192 169 167 191 180 168 179
8 192 194 171 169 193 181 170 180
8 194 196 173 171 195 182 172 181
8 196 198 175 173 197 183 174 182
8 207 209 186 184 208 200 185 199
8 209 211 188 186 210 201 187 200
8 211 213 190 188 212 202 189 201
8 213 215 192 190 214 203 191 202
8 215 217 194 192 216 204 193 203
8 217 219 196 194 218 205 195 204
8 219 221 198 196 220 206 197 205
8 230 232 209 207 231 223 208 222
8 232 234 211 209 233 224 210 223
8 234 236 213 211 235 225 212 224
8 236 238 215 213 237 226 214 225
8 238 240 217 215 239 227 216 226
8 240 242 219 217 241 228 218 227
8 242 244 221 219 243 229 220 228
8 253 255 232 230 254 246 231 245
8 255 257 234 232 256 247 233 246
8 257 259 236 234 258 248 235 247
8 259 261 238 236 260 249 237 248
8 261 263 240 238 262 250 239 249
8 263 265 242 240 264 251 241 250
8 265 267 244 242 266 252 243 251
8 276 278 255 253 277 269 254 268
8 278 280 257 255 279 270 256 269
8 280 282 259 257 281 271 258 270
8 282 284 261 259 283 272 260 271
8 284 286 263 261 285 273 262 272
8 286 288 265 263 287 274 264 273
8 288 290 267 265 289 275 266 274
8 299 301 278 276 300 292 277 291
8 301 303 280 278 302 293 279 292
8 303 305 282 280 304 294 281 293
8 305 307 284 282 306 295 283 294
8 307 309 286 284 308 296 285 295
8 309 311 288 286 310 297 287 296
8 311 313 290 288 312 298 289 297
8 322 324 301 299 323 315 300 314
8 324 326 303 301 325 316 302 315
8 326 328 305 303 327 317 304 316
8 328 330 307 305 329 318 306 317
8 330 332 309 307 331 319 308 318
8 332 334 311 309 333 320 310 319
8 334 336 313 311 335 321 312 320
8 345 347 324 322 346 338 323 337
8 347 349 326 324 348 339 325 338
8 349 351 328 326 350 340 327 339
8 351 353 330 328 352 341 329 340
8 353 355 332 330 354 342 331 341
8 355 357 334 332 356 343 333 342
8 357 359 336 334 358 344 335 343
8 368 370 347 345 369 361 346 360
8 370 372 349 347 371 362 348 361
8 372 374 351 349 373 363 350 362
8 374 376 353 351 375 364 352 363
8 376 378 355 353 377 365 354 364
8 378 380 357 355 379 366 356 365
8 380 382 359 357 381 367 358 366
8 391 393 370 368 392 384 369 383
8 393 395 372 370 394 385 371 384
8 395 397 374 372 396 386 373 385
8 397 399 376 374 398 387 375 386
8 399 401 378 376 400 388 377 387
8 401 403 380 378 402 389 379 388
8 403 405 382 380 404 390 381 389
8 414 416 393 391 415 407 392 406
8 416 418 395 393 417 408 394 407
8 418 420 397 395 419 409 396 408
8 420 422 399 397 421 410 398 409
8 422 424 401 399 423 411 400 410
8 424 426 403 401 425 412 402 411
8 426 428 405 403 427 413 404 412
8 437 439 416 414 438 430 415 429
8 439 441 418 416 440 431 417 430
8 441 443 420 418 442 432 419 431
8 443 445 422 420 444 433 421 432
8 445 447 424 422 446 434 423 433
8 447 449 426 424 448 435 425 434
8 449 451 428 426 450 436 427 435
8 460 462 439 437 461 453 438 452
8 462 464 441 439 463 454 440 453
8 464 466 443 441 465 455 442 454
8 466 468 445 443 467 456 444 455
8 468 470 447 445 469 457 446 456
8 470 472 449 447 471 458 448 457
8 472 474 451 449 473 459 450 458
8 483 485 462 460 484 476 461 475
8 485 487 464 462 486 477 463 476
8 487 489 466 464 488 478 465 477
8 489 491 468 466 490 479 467 478
8 491 493 470 468 492 480 469 479
8 493 495 472 470 494 481 471 480
8 495 497 474 472 496 482 473 481
8 506 508 485 483 507 499 484 498
8 508 510 487 485 509 500 486 499
8 510 512 489 487 511 501 488 500
8 512 514 491 489 513 502 490 501
8 514 516 493 491 515 503 492 502
8 516 518 495 493 517 504 494 503
8 518 520 497 495 519 505 496 504
8 529 531 508 506 530 522 507 521
8 531 533 510 508 532 523 509 522
8 533 535 512 510 534 524 511 523
8 535 537 514 512 536 525 513 524
8 537 539 516 514 538 526 515 525
8 539 541 518 516 540 527 517 526
8 541 543 520 518 542 528 519 527
8 552 554 531 529 553 545 530 544
8 554 556 533 531 555 546 532 545
8 556 558 535 533 557 547 534 546
8 558 560 537 535 559 548 536 547
8 560 562 539 537 561 549 538 548
8 562 564 541 539 563 550 540 549
8 564 566 543 541 565 551 542 550
0 1 2 3 
100.00000 200.00000 200.00000 100.00000 
552 553 554 555 556 557 558 559 560 561 562 563 564 565 566 
0.00000 0.00000 0.00000 0.00000 0.00000 0.00000 0.00000 0.00000 0.00000 0.00000 0.00000 0.00000 0.00000 0.00000 0.00000 
552 553 554 555 556 557 558 559 560 561 562 563 564 565 566 
0.00000 0.00000 0.00000 0.00000 0.00000 0.00000 0.00000 0.00000 0.00000 0.00000 0.00000 0.00000 0.00000 0.00000 0.00000 