TEST   AXIAL   RADIAL	AXIAL	RADIAL	RESILIENT   POISSONS
TYPE   STRESS  STRESS	STRAIN	STRAIN	MODULUS	    RATIO
VCP      7.8    2.0	.000401	.000074	16319.	    .33
HD1	11.7	2.0	.000530	.000200	18930.	    .42
	15.9	2.0	.000654	.000310	21381.	    .48
	10.3	5.0	.000300	.000036	21658.	    .34
	14.6	5.0	.000451	.000071	24826.	    .34
	21.1	5.0	.000603	.000160	28879.	    .37
	34.5	5.0	.000869	.000360	34660.	    .44
	44.3	5.0	.001070	.000540	36707.	    .50
	23.5	8.0	.000635	.000046	29522.	    .30
	39.4	8.0	.001000	.000290	33397.	    .37
	55.2	8.0	.001220	.000440	39981.	    .40
	21.7	11.0	.000499	.000071	26129.	    .39
	42.8	11.0	.001000	.000180	35686.	    .32
	64.3	11.0	.001300	.000390	43187.	    .37
	24.7	15.0	.000468	.000073	25572.	    .42
	45.6	15.0	.001070	.000130	33704.	    .32
	59.3	15.0	.001400	.000190	36033.	    .29
	73.8	15.0	.001600	.000330	40127.	    .32



TEST   AXIAL  RADIAL	AXIAL	RADIAL	RESILIENT   POISSONS
TYPE   STRESS STRESS	STRAIN	STRAIN	MODULUS	    RATIO
VCP      8.0    2.0	.000470	.000230	12790.	     .49
MD1	11.8	2.0	.000740	.000400	13082.	     .52
	15.9	2.0	.000845	.000550	15989.	     .60
	 9.9	5.0	.000378	.000049	15805.	     .38
	14.5	5.0	.000612	.000096	18087.	     .35
	24.4	5.0	.000920	.000477	20920.	     .51
	34.2	5.0	.001148	.000700	24802.	     .57
	43.5	5.0	.001268	.000830	29502.	     .60
	11.7	8.0	.000301	.000038	15881.	     .43
	23.1	8.0	.000720	.000200	23114.	     .41
	39.0	8.0	.001148	.000500	27520.	     .46
	54.7	8.0	.001384	.000730	33527.	     .51
	21.6	11.0	.000540	.000072	24021.	     .39
	42.6	11.0	.OO1O5O	.000477	30581.	     .47
	64.0	11.0	.001280	.000617	41590.	     .48
	24.4	15.0	.000422	.000048	28361.	     .41
	44.3	15.0	.000980	.000146	34802.	     .33
	58.8	15.0	.001148	.000316	41243.	     .38
	73.2    15.0    .001283 .000436 47610.       .40
	
	
	
TEST   AXIAL   RADIAL	AXIAL	RADIAL	RESILIENT   POISSONS
TYPE   STRESS  STRESS	STRAIN	STRAIN	MODULUS      RATIO
VCP      7.9    2.0	.000620	.000169	10237.	      .37
LD1	12.3	2.0	.000780	.000375	13255.	      .48
	16.0	2.0	.000845	.000502	16227.	      .56
	 9.9	5.0	.000390	.000063	15256.	      .39
	14.7	5.0	.000627	.000091	18014.	      .34
	24.7	5.0	.001058	.000229	20238.	      .32
	34.3	5.0	.001220	.000458	24703.	      .42
	44.2	5.0	.001485	.000873	26003.	      .56
	12.1	8.0	.000337	.000048	15348.	      .43
	23.9	8.0	.000820	.000140	22380.	      .35
	39.7	8.0	.001130	.000215	30811.	      .31
	55.0	8.0	.001420	.000550	33961.	      .42
	21.6	11.0	.000580	.000099	21997.	      .40
	43.3	11.0	.001050	.000182	34606.	      .32
	64.9	11.0	.001330	.000335	43220.	      .34
	43.3	15.0	.000940	.000280	32777.	      .41
	57.8	15.0	.001270	.000293	37083.	      .36
	71.9	15.0	.001490	.000439	40666.	      .38
	
	

TEST   AXIAL   RADIAL	AXIAL	RADIAL	RESILIENT   POISSONS
TYPE   STRESS  STRESS	STRAIN	STRAIN	MOOUtUS	     RATIO
VCP      8.2    2.0	.000356	.000041	19930.	      .28
HD2	11.7	2.0	.000423	.000116	24331.	      .35
	15.8	2.0	.000520	.000264	26853.	      .46
	14.7	5.0	.000631	.000052	17961.	      .34
	24.2	5.0	.000972	.000472	19837.	      .49
	34.0	5.0	.001199	.000725	23625.	      .57
	43.6	5.0	.001459	.000944	25750.	      .60
	23.5	8.0	.000794	.000050	23721.	      .29
	39.0	8.0	.001248	.000430	26016.	      .41
	54.2	8.0	.001650	.000950	27525.	      .55
	20.0	11.0	.000374	.000120	26556.	      .46
	41.9	11.0	.000975	.000365	33125.	      .44
	63.1	11.0	.001344	.000914	37041.	      .61
	23.3	15.0	.000496	.000092	20334.	      .44
	42.7	15.0	.000918	.000426	30629.	      .49
	56.1	15.0	.001377	.000528	32792.	      .45
	70.9	15.0	.001574	.000700	36108.	      .47
	
	

TEST    AXIAL  RADIAL	AXIAL	RAOIAL	RESILIENT   POISSONS
TYPE   STRESS  STRESS	STRAIN	STRAIN	MODULUS	     RATIO
VCP      7.7    2.0	.000336	.000114	18073.	      .42
MD2	11.5	2.0	.000487	.000161	20357.	      .39
	15.1	2.0	.000604	.000240	22082.	      .43
	 9.7	5.0	.000268	.000074	19949.	      .44
	14.3	5.0	.000536	.000137	19291.	      .40
	23.7	5.0	.000906	.000294	21785.	      .40
	33.1	5.0	.001208	.000553	23500.	      .47
	42.8	5.0	.001527	.001008	24000.	      .61
	12.0	8.0	.000227	.000074	19470.	      .47
	22.7	8.0	.000738	.000248	21395.	      .43
	38.0	8.0	.001174	.000347	27184.	      .38
	53.4	8.0	.001577	.000597	29637.	      .42
	21.1	11.0	.000520	.000075	23778.	      .40
	41.6	11.0	.001275	.000422	25490.	      .41
	62.4	11.0	.001644	.000503	32943.	      .38
	23.6	15.0	.000369	.000173	23775.	      .49
	42.7	15.0	.001040	.000399	27958.	      .45
	57.1	15.0	.001376	.000429	32702.	      .40
	71.1    15.0    .001611 .000527 36693.        .40



TEST   AXIAL  RADIAL	AXIAL	RADIAL	RESILIENT  POISSONS
TYPE   STRESS STRESS	STRAIN	STRAIN	MOOULUS	    RATIO
VCP      8.0    2.0	.000661	.000119	10081.	     .32
LD2	11.2	2.0	.000780	.000225	12490.	     .36
	15.0	2.0	.000949	.000405	13860.	     .45
	 9.6	5.0	.000626	.000059	 9267.	     .38
	14.3	5.0	.000864	.000121	12674.	     .34
	24.5	5.0	.001169	.000303	17897.	     .35
	33.3	5.0	.001356	.000630	21013.	     .48
	42.9	5.0	.001644	.000993	22739.	     .55
	11.8	8.0	.000254	.000065	17585.	     .46
	22.8	8.0	.000720	.000194	22759.	     .40
	38.4	8.0	.001356	.000391	23892.	     .37
	53.2	8.0	.001593	.000753	28573.	     .48
	20.8	11.0	.000492	.000135	22531. 	     .44
	42.0	11.0	.001153	.000221	30074.	     .33
	63.1	11.0	.001559	.000369	35860.	     .33
	23.4	I5.0	.000492	.000099	20422.	     .44
	42.2	15.0	.001085	.000208	28752.	     .37
	56.1	15.0	.001322	.000246	34867.	     .33
	69.8    15.0    .001559 .000309 38658.       .32



TEST   AXIAL   RADIAL	AXIAL	RADIAL	RESILIENT  POISSONS
TYPE   STRESS  STRESS	STRAIN	STRAIN	MODULUS	    RATIO
VCP      8.1    2.0	.000334	.000072	20096.	     .34
HD3	11.8	2.0	.000435	.000119	23946.	     .35
	15.6	2.0	.000510	.000167	27561.	     .38
	10.3	5.0	.000201	.000060	29327.	     .44
	14.7	5.0	.000368	.000145	27652.	     .46
	24.3	5.0	.000652	.000180	31606.	     .37
	33.8	5.0	.000786	.000324	37339.	     .44
	44.4	5.0	.000987	.000523	39660.	     .52
	12.2	8.0	.000134	.000047	34243. 	     .48
	23.1	8.0	.000418	.000167	37624.	     .46
	39.8	8.0	.000769	.000229	43871.	     .38
	54.2	8.0	.000987	.000373	48128.	     .42
	21.6	11.0	.000334	.000096	35485.	     .44
	42.0	11.0	.000786	.000252	42032.	     .41
	62.5	11.0	.001037	.000314	52301.	     .37
	23.5	15.0	.000201	.000096	42575.	     .50
	42.8	15.0	.000601	.000310	46023.	     .51
	57.4	15.0	.000886	.000343	49784.	     .44
	71.1    15.0    .001003 .000376 58089.       .43



TEST   AXIAL   RADIAL	AXIAL	RADIAL	RESILIENT  POISSONS
TYPE   STRESS  STRESS	STRAIN	STRAIN	MODULUS	    RATIO
VCP      7.6    2.0	.000385	.000107	15752.	     .38
MD3	11.9	2.0	.000544	.000118	19594.	     .31
	15.3	2.0	.000653	.000166	21476.	     .32
         9.3	5.0	.000218	.000091	20464.	     .48
	14.4	5.0	.000436	.000141	23146.	     .43
	23.5	5.0	.000812	.000245	24229.	     .38
	33.3	5.0	.001106	.000462	26120.	     .45
	42.8	5.0	.001407	.000718	26813.	     .51
	11.5	8.0	.000167	.000046	24108.	     .47
	22.6	8.0	.000616	.000179	26040.	     .41
	38.5	8.0	.001105	.000278	29801.	     .35
	54.1	8.0	.001575	.000570	30242.	     .41
	21.8	11.0	.000436	.000146	27011.	     .46
	42.2	11.0	.001122	.000325	29968.	     .39
	63.3	11.0	.001608	.000732	32874.	     .47
	23.8	15.0	.000410	.000065	26511.	     .43
	42.1	15.0	.000955	.000248	31552.	     .40
	57.6	15.0	.001306	.000430	34645.	     .41
	71.0    15.0    .001608 .000584 36301.       .42



TEST   AXIAL   RADIAL	AXIAL	RADIAL	RESILIENT  POISSONS
TYPE   STRESS  STRESS	STRAIN	STRAIN	MODULUS	    RATIO
VCP      8.1    2.0	.000438	.000094	15473.	     .34
LD3	11.7	2.0	.000572	.000153	18008.	     .35
	15.3	2.0	.000675	.000235	20419.	     .39
	 9.7	5.0	.000350	.000049	16299.	     .40
	14.5	5.0	.000623	.000131	17208.	     .37
	24.4	5.0	.000926	.000200	22813.	     .33
	33.6	5.0	.001077	.000475	25393.	     .44
	42.8	5.0	.001549	.000731	24540.	     .48
	11.2	8.0	.000303	.000049	13185.	     .45
	23.5	8.0	.000825	.000196	20997.	     .38
	39.2	8.0	.001212	.000250	28121.	     .32
	54.2	8.0	.001785	.000556	27061.	     .37
	21.5	11.0	.000724	.000075	18107.	     .38
	42.7	11.0	.001246	.000273	28128.	     .35
	64.0	11.0	.001818	.000423	31265.	     .32
	24.7	15.0	.000695	.000123	16869.	     .43
	43.4	15.0	.001145	.000247	28111.	     .38
	56.9	15.0	.001380	.000396	32715.	     .39
	71.7	15.0	.001684	.000471	36010.       .37



TEST   AXIAL   RADIAL	AXIAL	RADIAL	RESILIENT  POISSONS
TYPE   STRESS  STRESS	STRAIN	STRAIN	MODULUS	    RATIO
CCP      7.7    2.0	.000569	.000238	13497.	     .42
HD1	11.5	2.0	.000670	.000381	17200.	     .57
	15.7	2.0	.000803	.000463	19600.	     .58
	10.0	5.0	.000467	.000190	21200.	     .41
	14.7	5.0	.000586	.000321	25000.	     .55
	24.6	s.o	.000869	.000488	28300.	     .56
	34.2	5.0	.000941	.000608	36400.	     .64
	44.7	5.0	.001060	.000737	42000.	     .68
	12.2	8.0	.000435	.000143	28092.	     .33
	23.9	8.0	.000735	.000394	32500.	     .53
	39.6	8.0	.000920	.000596	43100.	     .64
	55.0	8.0	.001110	.000669	49000.	     .60
	22.0	11.0	.000601	.000280	36600.	     .46
	43.3	11.0	.000920	.000536	47000.	     .58
	65.4	11.0	.001150	.000738	56000.	     .64
	25.6	15.0	.000602	.000238	42650.	     .39
	44.7	15.0	.000853	.000477	52000.	     .55
	58.6	15.0	.001000	.000583	57000.	     .58
	69.8    15.0    .001135 .000669 61400.       .59



TEST   AXIAL   RADIAL	AXIAL	RADIAL	RESILIENT  POISSONS
TYPE   STRESS  STRESS	STRAIN	STRAIN	MODULUS	    RATIO
CCP      7.9    2.0	.000474	.000280	16582.	     .60
MD1	11.9	2.0	.000609	.000375	19507.	     .65
	15.6	2.0	.000677	.000480	22969.	     .71
	10.0	5.0	.000406	.000245	24532.	     .60
	14.7	5.0	.000609	.000426	24105.	     .70
	24.5	5.0	.000880	.000620	27795.	     .72
	34.2	5.0	.001218	.000970	28112.	     .80
	44.7	5.0	.001591	.001150	28108.	     .72
	11.9	8.0	.000440	.000210	27068.	     .47
	23.8	8.0	.000897	.000455	26555.	     .56
	38.7	8.0	.001218	.000660	31740.	     .58
	55.2	8.0	.001489	.000860	37092.	     .60
	21.2	11.0	.000745	.000450	28497.	     .60
	42.8	11.0	.001184	.000700	36149.	     .64
	64.0	11.0	.001557	.001090	41124.	     .73
	24.2	15.0	.000677	.000330	35687.	     .49
	43.7	15.0	.001083	.000600	40323.	     .58
	58.2	15.0	.001354	.000810	42954.	     .60
	69.0    15.0    .001489 .000939 46367.       .63



TEST	AXIAL	RADIAL	AXIAL	RADIAL	RESILIENT  POISSONS
TYPE	STRESS	STRESS	STRAIN	STRAIN	MODULUS	    RATIO
CCP	 7.6	2.0	.000753	.000339	10093.	     .45
LD1	11.5	2.0	.000959	.000485	11981.	     .51
	15.2	2.0	.001096	.000651	13878.	     .59
	 9.8	5.0	.000479	.000192	20459.	     .40
	14.4	5.0	.000651	.000326	22058.	     .50
	23.7	5.0	.000959	.000518	24672.	     .54
	33.8	5.0	.001027	.000741	32911.	     .72
	43.3	5.0	.001233	.001059	35085.	     .86
	11.5	8.0	.000377	.000158	30477.	     .42
	23.0	8.0	.000685	.000497	33547.	     .73
	38.9	8.0	.001164	.000775	33385.	     .67
	53.4	8.0	.001370	.001091	38978.	     .80
	21.0	11.0	.000582	.000327	35997.	     .56
	41.9	11.0	.001027	.000702	40808.	     .68
	62.9	11.0	.001370	.000969	45883.	     .71
	24.7	15.0	.000599	.000279	41185.	     .47
	42.7	15.0	.001062	.000606	40254.	     .57
	56.8	15.0	.001267	.000752	44815.	     .59
	67.6    15.0    .001438 .000847 47003.       .59



TEST   AXIAL   RADIAL	AXIAL	RADIAL	RESILIENT  POISSONS
TYPE   STRESS  STRESS	STRAIN	STRAIN	MODULUS	    RATIO
CCP      7.9    2.0	.000347	.000280	22767.	     .80
HD2	11.8	2.0	.000454	.000404	26000.	     .89
	15.6	2.0	.000583	.000539	26800.	     .92
	 9.9	5.0	.000374	.000245	26500.	     .65
	14.5	5.0	.000567	.000381	25573.	     .67
	24.2	5.0	.000859	.000717	28172.	     .83
	33.9	5.0	.001150	.001150	29500.	    1.00
	44.5	5.0	.001620	.001620	27500.	    1.00
	11.5	8.0	.000519	.000364	22200.	     .70
	23.1	8.0	.001053	.000995	21937.	     .94
	38.6	8.0	.001491	.001387	25889.	     .93
	54.3	8.0	.001945	.002284	27918.	    1.17
	20.1	11.0	.000525	.000389	38286.	     .74
	42.0	11.0	.001082	.000908	38817.	     .84
	60.4	11.0	.001574 .001507	38374.	     .95
	22.8	15.0	.000454	.000389	50000.	     .86
	42.9	15.0	.000780	.000648	55000. 	     .83
	56.4	15.0	.001040	.000972	54500.	     .93
	67.0    15.0    .001115 .001183 60000.      1.06
	
	

TEST   AXIAL   RADIAL	AXIAL	RADIAL	RESILIENT  POISSONS
TYPE   STRESS  STRESS	STRAIN	STRAIN	MODULUS	    RATIO
CCP      7.3    2.0	.000403	.000191	18189.	     .47
MD2	10.6	2.0	.000520	.000425	20288.	     .82
	15.0	2.0	.000671	.000588	22280.	     .88
    	 9.5	5.0	.000386	.000212	24715.	     .55
	14.0	5.0	.000570	.000359	24474.	     .63
	23.8	5.0	.000889	.000720	26772.	     .81
	33.0	5.0	.001477	.001373	22343.	     .93
	42.8	5.0	.001779	.001789	24058.	    1.01
	11.2	8.0	.000461	.000248	24403.	     .92
	22.5	8.0	.000923	.000584	24377.	     .96
	37.8	8.0	.001443	.001136	26195.	     .79
	53.0	8.0	.001980	.001721	26768.	     .87
	20.5	11.0	.000872	.000471	23509.	     .54
	42.1	11.0	.001510	.001039	27881.	     .69
	61.5	11.0	.002148	.001542	28608.	     .72
	23.1	15.0	.000671	.000279	34426.	     .42
	41.6	15.0	.001107	.000619	37624.	     .56
	56.4	15.0	.001477	.000961	38186.	     .65
	66.9    15.0    .001745 .001216 38338.       .70



TEST   AXIAL   RADIAL	AXIAL	RADIAL	RESILIENT  POISSONS
TYPE   STRESS  STRESS	STRAIN	STRAIN	MODULUS	    RATIO
CCP      7.9    2.0	.000576	.000377	13715.	     .65
LD2	11.0	2.0	.000729	.000618	15021.	     .85
	15.4	2.0	.000949	.000950	16228.	    1.00
	 9.9	5.0	.000492	.000295	20203.	     .60
	14.1	5.0	.000661	.000475	21331.	     .72
	24.3	5.0	.001119	.000951	21716.	     .85
	33.6	5.0	.001627	.001426	20652.	     .88
	41.8	5.0	.001763	.001967	23710.	    1.12
	10.8	8.0	.000475	.000246	22695.	     .52
	22.9	8.0	.000949	.000683	24131.	     .72
	37.9	8.0	.001441	.001220	26329. 	     .85
	52.6	8.0	.001932	.001837	27226.	     .95
	21.0	11.0	.000898	.000515	23385.	     .57
	41.9	11.0	.001559	.001156	26876.	     .75
	61.5	11.0	.002034	.001626	30236.	     .80
	23.6	15.0	.000610	.000270	38689.	     .44
	41.7	15.0	.001017	.000615	41052.	     .60
	56.6	15.0	.001288	.000878	43944.	     .69
	67.4    15.0    .001593 .001106 42310.       .69



TEST   AXIAL   RADIAL	AXIAL	RADIAL	RESILIENT  POISSONS
TYPE   STRESS  STRESS	STRAIN	STRAIN	MODULUS	    RATIO
CCP      7.6    2.0	.000334	.000229	22904.	     .69
HD3	11.6	2.0	.000480	.000311	24104.	     .65
	15.3	2.0	.000569	.000393	26889.	     .69
	 9.5	5.0	.000326	.000167	29233.	     .51
	14.3	5.0	.000443	.000262	32280.	     .59
	23.8	5.0	.000645	.000442	36899.	     .69
	34.7	5.0	.000936	.000736	37073.	     .79
	43.5	5.0	.001204	.001129	36171.	     .94
	11.6	8.0	.000318	.000155	36352.	     .49
	23.1	8.0	.000619	.000425	37383.	     .69
	38.8	8.0	.000953	.000784	40714.	     .82
	54.5	8.0	.001237	.001127	44018.	     .93
	21.3	11.0	.000569	.000327	37346.	     .57
	42.9	11.0	.000987	.000768	43465.	     .78
	62.6	11.0	.001288	.001070	48602.	     .83
	23.1	15.0	.000435	.000204	53103.	     .47
	42.8	15.0	.000736	.000466	58220.	     .63
	55.8	15.0	.000920	.000601	60652.	     .65
	67.4    15.0    .001087 .000768 62000.       .71



TEST   AXIAL   RADIAL	AXIAL	RADIAL	RESILIENT  POISSONS
TYPE   STRESS  STRESS	STRAIN	STRAIN	MODULUS	    RATIO
CCP	 7.2	2.0	.000419	.000246	17184.	     .59
MD3	11.3	2.0	.000586	.000361	19283.	     .62
	15.6	2.0	.000704	.000530	22131.	     .75
	 9.6	5.0	.000385	.000197	24909.	     .51
	14.4	5.0	.000586	.000328	24539.	     .56
	23.5	5.0	.000854	.000620	27471.	     .73
	35.3	5.0	.001374	.001197	25691.	     .87
	43.8	5.0	.001910	.001721	22948.	     .90
	11.2	8.0	.000452	.000220	24668.	     .49
	22.5	8.0	.000938	.000684	23955.	     .73
	37.8	8.0	.001441	.001221	26266.	     .85
	53.3	8.0	.001910	.001792	27906.	     .94
	21.6	11.0	.000812	.000489	26638.	     .60
	41.9	11.0	.001441	.001221	29077.	     .85
	61.7	11.0	.002010	.001792	30697.	     .89
	23.2	15.0	.000620	.000292	37339.	     .47
	43.0	15.0	.001089	.000682	39486.	     .63
	56.7	15.0	.001340	.000990	42313.	     .74
	67.1    15.0    .001642 .001218 40865.       .74



TEST   AXIAL   RADIAL	AXIAL	RADIAL	RESILIENT  POISSONS
TYPE   STRESS  STRESS	STRAIN	STRAIN	MODULUS	    RATIO
CCP	 7.9	2.0	.000505	.000263	15683.	     .52
LD3	11.7	2.0	.000623	.000394	18764.	     .63
	14.5	2.0	.000758	.000624	19103.	     .82
	 9.6	5.0	.000488	.000235	19754.	     .48
	14.4	5.0	.000657	.000378	21963.	     .58
	24.1	5.0	.001027	.000698	23447.	     .68
	33.7	5.0	.001448	.001281	23273.	     .88
	43.0	5.0	.001515	.001461	28383.	     .96
	11.2	8.0	.000438	.000229	25639.	     .52
	23.1	8.0	.000875	.000654	26423.	     .75
	38.6	8.0	.001347	.001225	28656.	     .91
	53.7	8.0	.002020	.001961	26609.	     .97
	21.0	11.0	.000707	.000489	29632.	     .69
	42.6	11.0	.001306	.001107	32619.	     .85
	63.0	11.0	.001818	.001629	34653.	     .90
	24.2	15.0	.000572	.000308	42238.	     .54
	42.3	15.0	.000909	.000731	46590.	     .80
	57.1	15.0	.001145	.000925	49869.	     .81
	67.2    15.0    .001347 .001218 49852.       .90

