MN ROAD Low Volume Road Test Sections (Aggregate Surface, Cell 32)
300,981,141
8
1,1,0,0,0,0,0,0
BASE
16000,6294,0.3,0.10,0.15,0.34965,0.,0.,-0.0781
BASE
14000,5245,0.3,0.10,0.15,0.34965,0.,0.,-0.0781
SUBGRADE
3500.,0.45,0.,0.,-0.0666
SUBGRADE
5500.,0.45,0.,0.,-0.0666
SUBGRADE
7000.,0.45,0.,0.,-0.0666
SUBGRADE
9000.,0.45,0.,0.,-0.0666
SUBGRADE
11000.,0.45,0.,0.,-0.0666
SUBGRADE
11742.,0.45,0.,0.,-0.0666
30,10,0,0.,0.
50.,50.,50.,50.,40.,20.,10.,4.,4.,2.,1.,1.,1.,1.,1.,1.,1.,1.,1.,1.,1.,1.,1.,1.,1.,1.,1.,1.,1.,1.
2.,2.,2.,2.,4.,4.,8.,12.,20.,34.
1,50,8
51,60,7
61,70,6
71,80,5
81,130,4
131,180,3
181,240,2
241,300,1
0,0,0
2
171,181
0,0
3
291
0.,0.,0.,0.,0.,-79.58,0.,0.
292
0.,0.,0.,0.,0.,-79.58,0.,0.
293
0.,0.,0.,0.,0.,-79.58,0.,0.
0
1,1,1,0.,0.
2,1,1,0.,0.
3,1,1,0.,0.
4,1,1,0.,0.
5,1,1,0.,0.
6,1,1,0.,0.
7,1,1,0.,0.
8,1,1,0.,0.
9,1,1,0.,0.
10,1,1,0.,0.
11,1,1,0.,0.
12,1,1,0.,0.
13,1,1,0.,0.
14,1,1,0.,0.
15,1,1,0.,0.
16,1,1,0.,0.
17,1,1,0.,0.
18,1,1,0.,0.
19,1,1,0.,0.
20,1,1,0.,0.
21,1,1,0.,0.
22,1,0,0.,0.
32,1,0,0.,0.
33,1,0,0.,0.
53,1,0,0.,0.
54,1,0,0.,0.
64,1,0,0.,0.
65,1,0,0.,0.
85,1,0,0.,0.
86,1,0,0.,0.
96,1,0,0.,0.
97,1,0,0.,0.
117,1,0,0.,0.
118,1,0,0.,0.
128,1,0,0.,0.
129,1,0,0.,0.
149,1,0,0.,0.
150,1,0,0.,0.
160,1,0,0.,0.
161,1,0,0.,0.
181,1,0,0.,0.
182,1,0,0.,0.
192,1,0,0.,0.
193,1,0,0.,0.
213,1,0,0.,0.
214,1,0,0.,0.
224,1,0,0.,0.
225,1,0,0.,0.
245,1,0,0.,0.
246,1,0,0.,0.
256,1,0,0.,0.
257,1,0,0.,0.
277,1,0,0.,0.
278,1,0,0.,0.
288,1,0,0.,0.
289,1,0,0.,0.
309,1,0,0.,0.
310,1,0,0.,0.
320,1,0,0.,0.
321,1,0,0.,0.
341,1,0,0.,0.
342,1,0,0.,0.
352,1,0,0.,0.
353,1,0,0.,0.
373,1,0,0.,0.
374,1,0,0.,0.
384,1,0,0.,0.
385,1,0,0.,0.
405,1,0,0.,0.
406,1,0,0.,0.
416,1,0,0.,0.
417,1,0,0.,0.
437,1,0,0.,0.
438,1,0,0.,0.
448,1,0,0.,0.
449,1,0,0.,0.
469,1,0,0.,0.
470,1,0,0.,0.
480,1,0,0.,0.
481,1,0,0.,0.
501,1,0,0.,0.
502,1,0,0.,0.
512,1,0,0.,0.
513,1,0,0.,0.
533,1,0,0.,0.
534,1,0,0.,0.
544,1,0,0.,0.
545,1,0,0.,0.
565,1,0,0.,0.
566,1,0,0.,0.
576,1,0,0.,0.
577,1,0,0.,0.
597,1,0,0.,0.
598,1,0,0.,0.
608,1,0,0.,0.
609,1,0,0.,0.
629,1,0,0.,0.
630,1,0,0.,0.
640,1,0,0.,0.
641,1,0,0.,0.
661,1,0,0.,0.
662,1,0,0.,0.
672,1,0,0.,0.
673,1,0,0.,0.
693,1,0,0.,0.
694,1,0,0.,0.
704,1,0,0.,0.
705,1,0,0.,0.
725,1,0,0.,0.
726,1,0,0.,0.
736,1,0,0.,0.
737,1,0,0.,0.
757,1,0,0.,0.
758,1,0,0.,0.
768,1,0,0.,0.
769,1,0,0.,0.
789,1,0,0.,0.
790,1,0,0.,0.
800,1,0,0.,0.
801,1,0,0.,0.
821,1,0,0.,0.
822,1,0,0.,0.
832,1,0,0.,0.
833,1,0,0.,0.
853,1,0,0.,0.
854,1,0,0.,0.
864,1,0,0.,0.
865,1,0,0.,0.
885,1,0,0.,0.
886,1,0,0.,0.
896,1,0,0.,0.
897,1,0,0.,0.
917,1,0,0.,0.
918,1,0,0.,0.
928,1,0,0.,0.
929,1,0,0.,0.
949,1,0,0.,0.
950,1,0,0.,0.
960,1,0,0.,0.
961,1,0,0.,0.
981,1,0,0.,0.
0