GEORGIA TECH TEST PIT GRID 
140,475,95
7
0,1,1,1,0,0,0
AC
250000,0.35,0.,0.,-0.0856
BASE
53960,18867,0.30,0.45,0.15,0.34965,0.,0.,-0.0804
BASE
38000,13287,0.30,0.45,0.15,0.34965,0.,0.,-0.0804
BASE
31084,10719,0.30,0.45,0.15,0.34483,0.,0.,-0.0804
SUBGRADE
3000.,0.40,0.,0.,-0.0607
SUBGRADE
6000.,0.40,0.,0.,-0.0607
SUBGRADE
15000.,0.40,0.,0.,-0.0607
20,7,0,0.,0.
20.,10.,6.,4.,2.,2.,2.,2.,2.,0.2,1.3,1.3,1.3,1.3,1.3,1.3,0.2,1.1,1.1,1.1
1.4,3.15,5.,8.,15.,20.,25.
1,7,7
8,49,6
50,63,5
64,84,4
85,98,3
99,112,2
113,140,1
0,0,0
4
57,64,106,113
5,10,1.,0.3,0.15
1,4867.,0.80,-0.05,9067.,0.89,-0.4525,2740.,2.1
0,0
2
134
0.,0.,0.,0.,0.,-100.,0.,0.
135
0.,0.,0.,0.,0.,-100.,0.,0.
0
1,1,1,0.,0.
2,1,1,0.,0.
3,1,1,0.,0.
4,1,1,0.,0.
5,1,1,0.,0.
6,1,1,0.,0.
7,1,1,0.,0.
8,1,1,0.,0.
9,1,1,0.,0.
10,1,1,0.,0.
11,1,1,0.,0.
12,1,1,0.,0.
13,1,1,0.,0.
14,1,1,0.,0.
15,1,1,0.,0.
16,1,0,0.,0.
23,1,0,0.,0.
24,1,0,0.,0.
38,1,0,0.,0.
39,1,0,0.,0.
46,1,0,0.,0.
47,1,0,0.,0.
61,1,0,0.,0.
62,1,0,0.,0.
69,1,0,0.,0.
70,1,0,0.,0.
84,1,0,0.,0.
85,1,0,0.,0.
92,1,0,0.,0.
93,1,0,0.,0.
107,1,0,0.,0.
108,1,0,0.,0.
115,1,0,0.,0.
116,1,0,0.,0.
130,1,0,0.,0.
131,1,0,0.,0.
138,1,0,0.,0.
139,1,0,0.,0.
153,1,0,0.,0.
154,1,0,0.,0.
161,1,0,0.,0.
162,1,0,0.,0.
176,1,0,0.,0.
177,1,0,0.,0.
184,1,0,0.,0.
185,1,0,0.,0.
199,1,0,0.,0.
200,1,0,0.,0.
207,1,0,0.,0.
208,1,0,0.,0.
222,1,0,0.,0.
223,1,0,0.,0.
230,1,0,0.,0.
231,1,0,0.,0.
245,1,0,0.,0.
246,1,0,0.,0.
253,1,0,0.,0.
254,1,0,0.,0.
268,1,0,0.,0.
269,1,0,0.,0.
276,1,0,0.,0.
277,1,0,0.,0.
291,1,0,0.,0.
292,1,0,0.,0.
299,1,0,0.,0.
300,1,0,0.,0.
314,1,0,0.,0.
315,1,0,0.,0.
322,1,0,0.,0.
323,1,0,0.,0.
337,1,0,0.,0.
338,1,0,0.,0.
345,1,0,0.,0.
346,1,0,0.,0.
360,1,0,0.,0.
361,1,0,0.,0.
368,1,0,0.,0.
369,1,0,0.,0.
383,1,0,0.,0.
384,1,0,0.,0
391,1,0,0.,0
392,1,0,0.,0
406,1,0,0.,0
407,1,0,0.,0
414,1,0,0.,0
415,1,0,0.,0
429,1,0,0.,0
430,1,0,0.,0
437,1,0,0.,0
438,1,0,0.,0
452,1,0,0.,0
453,1,0,0.,0
460,1,0,0.,0
461,1,0,0.,0
475,1,0,0.,0
0
3
1,222,1,63
208,383,64,112
369,475,113,140
