 TITLE ="GEORGIA TECH TEST PIT GRID (LINEAR ELASTIC/ANISOTROPIC RUN)                     "
 VARIABLES = "R","Z","DISP_R","DISP_Z","EPSR","EPSTH","EPSZ","EPSRZ","SIGMAR","SIGMATH","SIGMAZ","SIGMARZ"
 ZONE T="GEOMETRY & DISP", N=  383, E=  112, F=FEPOINT, ET=QUADRILATERAL
  0.00000000  0.00000000  0.00000000  0.00000000     0.0000000     0.0000000    -0.0003301     0.0000000    -3.3477368    -3.3477368    -5.0216052     0.0000000
  0.69999999  0.00000000  0.00000000  0.00000000     0.0000000     0.0000000    -0.0003301     0.0000031    -3.3479001    -3.3479001    -5.0218501     0.0078700
  1.39999998  0.00000000  0.00000000  0.00000000     0.0000000     0.0000000    -0.0003300     0.0000062    -3.3471559    -3.3471559    -5.0207339     0.0157302
  2.97499990  0.00000000  0.00000000  0.00000000     0.0000000     0.0000000    -0.0003299     0.0000131    -3.3459201    -3.3459201    -5.0188801     0.0333180
  4.55000019  0.00000000  0.00000000  0.00000000     0.0000000     0.0000000    -0.0003294     0.0000200    -3.3401651    -3.3401651    -5.0102476     0.0506845
  7.05000019  0.00000000  0.00000000  0.00000000     0.0000000     0.0000000    -0.0003285     0.0000305    -3.3314249    -3.3314249    -4.9971373     0.0772776
  9.55000019  0.00000000  0.00000000  0.00000000     0.0000000     0.0000000    -0.0003266     0.0000405    -3.3125483    -3.3125483    -4.9688224     0.1026507
 13.55000019  0.00000000  0.00000000  0.00000000     0.0000000     0.0000000    -0.0003247     0.0000546    -3.2926132    -3.2926132    -4.9389198     0.1383660
 17.54999924  0.00000000  0.00000000  0.00000000     0.0000000     0.0000000    -0.0003207     0.0000666    -3.2527404    -3.2527404    -4.8791106     0.1688345
 25.04999924  0.00000000  0.00000000  0.00000000     0.0000000     0.0000000    -0.0003122     0.0000809    -3.1660686    -3.1660686    -4.7491029     0.2049945
 32.54999924  0.00000000  0.00000000  0.00000000     0.0000000     0.0000000    -0.0003037     0.0000868    -3.0802239    -3.0802239    -4.6203358     0.2201685
 42.54999924  0.00000000  0.00000000  0.00000000     0.0000000     0.0000000    -0.0002882     0.0000771    -2.9229834    -2.9229834    -4.3844750     0.1953867
 52.54999924  0.00000000  0.00000000  0.00000000     0.0000000     0.0000000    -0.0002807     0.0000601    -2.8463791    -2.8463791    -4.2695686     0.1524322
 65.05000305  0.00000000  0.00000000  0.00000000     0.0000000     0.0000000    -0.0002710     0.0000298    -2.7480951    -2.7480951    -4.1221426     0.0756035
 77.55000305  0.00000000  0.00000000  0.00000000     0.0000000     0.0000000    -0.0002696     0.0000000    -2.7338301    -2.7338301    -4.1007451     0.0000000
  0.00000000 10.00000000  0.00000000 -0.00341779     0.0000395     0.0000395    -0.0003535    -0.0000003    -2.5821727    -2.5821727    -4.5749006    -0.0007666
  1.39999998 10.00000000  0.00005527 -0.00341642     0.0000394     0.0000395    -0.0003532     0.0000067    -2.5818831    -2.5817196    -4.5730705     0.0170047
  4.55000019 10.00000000  0.00017786 -0.00340291     0.0000383     0.0000391    -0.0003512     0.0000222    -2.5827600    -2.5787935    -4.5579596     0.0561684
  9.55000019 10.00000000  0.00035949 -0.00335278     0.0000340     0.0000376    -0.0003439     0.0000442    -2.5881142    -2.5698918    -4.5046905     0.1121665
 17.54999924 10.00000000  0.00058768 -0.00322038     0.0000222     0.0000335    -0.0003233     0.0000725    -2.6010844    -2.5440982    -4.3534505     0.1836966
 32.54999924 10.00000000  0.00073932 -0.00289865    -0.0000029     0.0000227    -0.0002760     0.0000841    -2.6134444    -2.4833673    -3.9980782     0.2131498
 52.54999924 10.00000000  0.00049693 -0.00256261    -0.0000198     0.0000095    -0.0002319     0.0000497    -2.5562456    -2.4080194    -3.6316297     0.1259561
 77.55000305 10.00000000  0.00000000 -0.00242878    -0.0000195     0.0000000    -0.0002162    -0.0000013    -2.4889164    -2.3900848    -3.4862957    -0.0032314
  0.00000000 20.00000000  0.00000000 -0.00706906     0.0000694     0.0000694    -0.0003699     0.0000005    -1.9924073    -1.9924073    -4.2201872     0.0013403
  0.69999999 20.00000000  0.00004854 -0.00706779     0.0000693     0.0000693    -0.0003699     0.0000050    -1.9938464    -1.9935644    -4.2206540     0.0127925
  1.39999998 20.00000000  0.00009700 -0.00706474     0.0000692     0.0000693    -0.0003696     0.0000103    -1.9927087    -1.9923103    -4.2176694     0.0260986
  2.97499990 20.00000000  0.00020517 -0.00704906     0.0000681     0.0000690    -0.0003684     0.0000211    -2.0007907    -1.9965484    -4.2145439     0.0535073
  4.55000019 20.00000000  0.00031160 -0.00702448     0.0000671     0.0000685    -0.0003663     0.0000324    -1.9997006    -1.9926667    -4.1973853     0.0821182
  7.05000019 20.00000000  0.00047472 -0.00696143     0.0000633     0.0000673    -0.0003620     0.0000484    -2.0245767    -2.0042294    -4.1810546     0.1226286
  9.55000019 20.00000000  0.00062822 -0.00687840     0.0000593     0.0000658    -0.0003553     0.0000642    -2.0339550    -2.0012171    -4.1365609     0.1627316
 13.55000019 20.00000000  0.00084424 -0.00669224     0.0000488     0.0000623    -0.0003420     0.0000851    -2.0939745    -2.0256458    -4.0759042     0.2157820
 17.54999924 20.00000000  0.00101886 -0.00646676     0.0000370     0.0000581    -0.0003257     0.0001014    -2.1515098    -2.0447397    -3.9906687     0.2569904
 25.04999924 20.00000000  0.00120245 -0.00599261     0.0000134     0.0000480    -0.0002850     0.0001072    -2.1989866    -2.0237407    -3.7122796     0.2718055
 32.54999924 20.00000000  0.00122049 -0.00552008    -0.0000080     0.0000375    -0.0002503     0.0001021    -2.2807080    -2.0498686    -3.5094192     0.2589490
 42.54999924 20.00000000  0.00107456 -0.00499906    -0.0000218     0.0000253    -0.0002109     0.0000748    -2.2132394    -1.9748417    -3.1720603     0.1897331
 52.54999924 20.00000000  0.00078527 -0.00463706    -0.0000341     0.0000149    -0.0001840     0.0000474    -2.2337986    -1.9849102    -2.9936845     0.1200945
 65.05000305 20.00000000  0.00038780 -0.00439753    -0.0000314     0.0000060    -0.0001693     0.0000215    -2.1344191    -1.9449133    -2.8336683     0.0544664
 77.55000305 20.00000000  0.00000000 -0.00432369    -0.0000306     0.0000000    -0.0001634    -0.0000007    -2.1230488    -1.9676934    -2.7961848    -0.0018280
  0.00000000 27.00000000  0.00000000 -0.00978589     0.0000980     0.0000980    -0.0004131    -0.0000002    -1.7048796    -1.7048796    -4.2968083    -0.0005866
  1.39999998 27.00000000  0.00013685 -0.00977815     0.0000978     0.0000977    -0.0004125     0.0000180    -1.7041202    -1.7045102    -4.2919466     0.0456894
  4.55000019 27.00000000  0.00043892 -0.00970501     0.0000942     0.0000965    -0.0004063     0.0000575    -1.7089049    -1.6976310    -4.2471949     0.1458405
  9.55000019 27.00000000  0.00087333 -0.00944346     0.0000799     0.0000914    -0.0003834     0.0001130    -1.7457036    -1.6870853    -4.0949931     0.2865661
 17.54999924 27.00000000  0.00136888 -0.00874650     0.0000416     0.0000780    -0.0003259     0.0001677    -1.8806698    -1.6962469    -3.7442302     0.4251636
 32.54999924 27.00000000  0.00152010 -0.00716422    -0.0000206     0.0000467    -0.0002173     0.0001343    -2.0446472    -1.7031616    -3.0420752     0.3404617
 52.54999924 27.00000000  0.00089954 -0.00581400    -0.0000400     0.0000171    -0.0001513     0.0000482    -1.9699824    -1.6801579    -2.5342103     0.1222834
 77.55000305 27.00000000  0.00000000 -0.00536796    -0.0000327     0.0000000    -0.0001344    -0.0000006    -1.8607886    -1.6948099    -2.3762362    -0.0014971
  0.00000000 34.00000000  0.00000000 -0.01285306     0.0001403     0.0001403    -0.0004594     0.0000003    -1.1022734    -1.1022734    -4.1431337     0.0008270
  0.69999999 34.00000000  0.00009805 -0.01284970     0.0001399     0.0001401    -0.0004591     0.0000143    -1.1076189    -1.1065587    -4.1447906     0.0363158
  1.39999998 34.00000000  0.00019581 -0.01284005     0.0001397     0.0001399    -0.0004582     0.0000295    -1.1036740    -1.1026086    -4.1351494     0.0748849
  2.97499990 34.00000000  0.00041340 -0.01279199     0.0001364     0.0001390    -0.0004552     0.0000614    -1.1315967    -1.1187848    -4.1315113     0.1555961
  4.55000019 34.00000000  0.00062557 -0.01271318     0.0001328     0.0001375    -0.0004491     0.0000940    -1.1401168    -1.1162530    -4.0905885     0.2383857
  7.05000019 34.00000000  0.00094186 -0.01251453     0.0001205     0.0001336    -0.0004364     0.0001408    -1.2383940    -1.1717909    -4.0620983     0.3569116
  9.55000019 34.00000000  0.00122788 -0.01224624     0.0001049     0.0001286    -0.0004169     0.0001838    -1.3277005    -1.2076956    -3.9734080     0.4661081
 13.55000019 34.00000000  0.00157870 -0.01168590     0.0000740     0.0001165    -0.0003757     0.0002266    -1.5034715    -1.2876658    -3.7834435     0.5745365
 17.54999924 34.00000000  0.00181948 -0.01102916     0.0000408     0.0001037    -0.0003331     0.0002582    -1.7057075    -1.3869290    -3.6015750     0.6547395
 25.04999924 34.00000000  0.00193986 -0.00971105    -0.0000031     0.0000774    -0.0002453     0.0002223    -1.7488029    -1.3405424    -2.9769125     0.5636064
 32.54999924 34.00000000  0.00177338 -0.00856295    -0.0000391     0.0000545    -0.0001845     0.0001717    -1.9129693    -1.4385040    -2.6502034     0.4353684
 42.54999924 34.00000000  0.00137832 -0.00745836    -0.0000422     0.0000324    -0.0001408     0.0001005    -1.7408955    -1.3628763    -2.2411912     0.2547003
 52.54999924 34.00000000  0.00093025 -0.00675541    -0.0000452     0.0000177    -0.0001171     0.0000463    -1.6960429    -1.3771014    -2.0608797     0.1172716
 65.05000305 34.00000000  0.00042935 -0.00633269    -0.0000372     0.0000066    -0.0001070     0.0000190    -1.5840832    -1.3619342    -1.9378905     0.0482121
 77.55000305 34.00000000  0.00000000 -0.00620508    -0.0000315     0.0000000    -0.0001045    -0.0000016    -1.5386726    -1.3790181    -1.9088727    -0.0040458
  0.00000000 38.00000000  0.00000000 -0.01489034     0.0001841     0.0001841    -0.0005630     0.0000000    -1.0428630    -1.0428630    -4.8311763     0.0000261
  1.39999998 38.00000000  0.00025678 -0.01487067     0.0001834     0.0001834    -0.0005613     0.0000474    -1.0414894    -1.0415382    -4.8175486     0.1201982
  4.55000019 38.00000000  0.00081503 -0.01468923     0.0001717     0.0001791    -0.0005430     0.0001506    -1.0774951    -1.0400804    -4.7017691     0.3819319
  9.55000019 38.00000000  0.00156478 -0.01403578     0.0001269     0.0001639    -0.0004784     0.0002887    -1.2597095    -1.0724243    -4.3293106     0.7320179
 17.54999924 38.00000000  0.00219003 -0.01236789     0.0000235     0.0001248    -0.0003295     0.0003459    -1.7182214    -1.2047846    -3.5084151     0.8770561
 32.54999924 38.00000000  0.00189544 -0.00924665    -0.0000550     0.0000582    -0.0001552     0.0001804    -1.8194480    -1.2454341    -2.3276036     0.4572818
 52.54999924 38.00000000  0.00090125 -0.00718691    -0.0000449     0.0000172    -0.0000991     0.0000388    -1.5137565    -1.1993045    -1.7888793     0.0983114
 77.55000305 38.00000000  0.00000000 -0.00659351    -0.0000290     0.0000000    -0.0000900    -0.0000018    -1.3536382    -1.2067485    -1.6632329    -0.0046245
  0.00000000 42.00000000  0.00000000 -0.01735723     0.0002563     0.0002563    -0.0006591     0.0000003    -0.1849485    -0.1849485    -4.8269097     0.0007272
  0.69999999 42.00000000  0.00017913 -0.01735034     0.0002554     0.0002559    -0.0006587     0.0000342    -0.1990150    -0.1967354    -4.8343319     0.0867161
  1.39999998 42.00000000  0.00035762 -0.01733007     0.0002548     0.0002554    -0.0006564     0.0000703    -0.1893046    -0.1862816    -4.8099292     0.1781463
  2.97499990 42.00000000  0.00075137 -0.01722759     0.0002448     0.0002526    -0.0006500     0.0001494    -0.3056229    -0.2664716    -4.8428817     0.3786567
  4.55000019 42.00000000  0.00112887 -0.01705716     0.0002311     0.0002481    -0.0006340     0.0002238    -0.3974236    -0.3112892    -4.7840134     0.5675242
  7.05000019 42.00000000  0.00165527 -0.01664105     0.0001934     0.0002348    -0.0005968     0.0003321    -0.7292368    -0.5194266    -4.7362660     0.8420304
  9.55000019 42.00000000  0.00209594 -0.01607377     0.0001493     0.0002195    -0.0005469     0.0004251    -1.0497382    -0.6938496    -4.5799253     1.0778828
 13.55000019 42.00000000  0.00251304 -0.01491291     0.0000691     0.0001855    -0.0004285     0.0004626    -1.4136077    -0.8235779    -3.9368675     1.1727849
 17.54999924 42.00000000  0.00264877 -0.01366527    -0.0000054     0.0001509    -0.0003277     0.0004610    -1.8745860    -1.0819932    -3.5089746     1.1686821
 25.04999924 42.00000000  0.00243972 -0.01148182    -0.0000462     0.0000974    -0.0001967     0.0003167    -1.7102558    -0.9820048    -2.4732591     0.8029609
 32.54999924 42.00000000  0.00195540 -0.00980442    -0.0000754     0.0000601    -0.0001247     0.0001898    -1.8028706    -1.1158690    -2.0529585     0.4812478
 42.54999924 42.00000000  0.00133414 -0.00838502    -0.0000564     0.0000314    -0.0000918     0.0000934    -1.4701883    -1.0254147    -1.6498142     0.2369253
 52.54999924 42.00000000  0.00082820 -0.00754837    -0.0000432     0.0000158    -0.0000809     0.0000290    -1.3177578    -1.0188016    -1.5089524     0.0734667
 65.05000305 42.00000000  0.00036136 -0.00706488    -0.0000331     0.0000056    -0.0000759     0.0000114    -1.2173686    -1.0212167    -1.4342624     0.0288173
 77.55000305 42.00000000  0.00000000 -0.00692527    -0.0000247     0.0000000    -0.0000757    -0.0000026    -1.1437030    -1.0185106    -1.4025736    -0.0065581
  0.00000000 44.50000000  0.00000000 -0.01925645     0.0003431     0.0003431    -0.0008716    -0.0000014    -0.1400274    -0.1400274    -6.2994995    -0.0034523
  1.39999998 44.50000000  0.00047582 -0.01921714     0.0003402     0.0003399    -0.0008653     0.0001202    -0.1536739    -0.1553176    -6.2665251     0.3048022
  4.55000019 44.50000000  0.00147981 -0.01884998     0.0002980     0.0003252    -0.0008073     0.0003780    -0.3557621    -0.2176063    -5.9603374     0.9582555
  9.55000019 44.50000000  0.00262305 -0.01753542     0.0001498     0.0002747    -0.0006161     0.0006261    -1.1840109    -0.5506739    -5.0672989     1.5873812
 17.54999924 44.50000000  0.00303364 -0.01446363    -0.0000476     0.0001729    -0.0003025     0.0005437    -2.0383126    -0.9205119    -3.3307459     1.3784970
 32.54999924 44.50000000  0.00195464 -0.01009101    -0.0000843     0.0000601    -0.0001035     0.0001780    -1.7229605    -0.9910671    -1.8204516     0.4512888
 52.54999924 44.50000000  0.00075517 -0.00773709    -0.0000404     0.0000144    -0.0000708     0.0000206    -1.1865769    -0.9088940    -1.3406985     0.0522256
 77.55000305 44.50000000  0.00000000 -0.00710473    -0.0000216     0.0000000    -0.0000679    -0.0000029    -1.0171616    -0.9077785    -1.2522847    -0.0074357
  0.00000000 47.00000000  0.00000000 -0.02171522     0.0004976     0.0004976    -0.0010827     0.0000020     1.6356917     1.6356917    -6.3772613     0.0051597
  0.69999999 47.00000000  0.00034635 -0.02169988     0.0004920     0.0004948    -0.0010795     0.0000932     1.5540907     1.5682549    -6.4146774     0.2362718
  1.39999998 47.00000000  0.00068879 -0.02165669     0.0004862     0.0004920    -0.0010689     0.0001869     1.5451130     1.5746625    -6.3401058     0.4737369
  2.97499990 47.00000000  0.00142281 -0.02144531     0.0004462     0.0004783    -0.0010413     0.0003919     1.0765516     1.2392848    -6.4661737     0.9935447
  4.55000019 47.00000000  0.00209420 -0.02109364     0.0003924     0.0004603    -0.0009837     0.0005739     0.6601487     1.0044707    -6.3175110     1.4550032
  7.05000019 47.00000000  0.00289877 -0.02023776     0.0002653     0.0004112    -0.0008455     0.0007691    -0.3687746     0.3707175    -6.0017375     1.9498181
  9.55000019 47.00000000  0.00342089 -0.01915408     0.0001357     0.0003582    -0.0006960     0.0008844    -1.3614319    -0.2333108    -5.5791507     2.2421899
 13.55000019 47.00000000  0.00366522 -0.01712431     0.0000031     0.0002705    -0.0004485     0.0007826    -1.7585231    -0.4024326    -4.0481914     1.9841987
 17.54999924 47.00000000  0.00344538 -0.01517760    -0.0001079     0.0001963    -0.0002764     0.0006396    -2.4536808    -0.9111900    -3.3084426     1.6215310
 25.04999924 47.00000000  0.00267247 -0.01230660    -0.0001033     0.0001067    -0.0001345     0.0003590    -1.8545345    -0.7895732    -2.0127990     0.9102364
 32.54999924 47.00000000  0.00189533 -0.01032199    -0.0000950     0.0000582    -0.0000815     0.0001593    -1.6818675    -0.9046715    -1.6132164     0.4039351
 42.54999924 47.00000000  0.00115614 -0.00876704    -0.0000617     0.0000272    -0.0000611     0.0000727    -1.2816947    -0.8312936    -1.2787627     0.1844424
 52.54999924 47.00000000  0.00066228 -0.00790230    -0.0000362     0.0000126    -0.0000607     0.0000086    -1.0386114    -0.7910376    -1.1626503     0.0217542
 65.05000305 47.00000000  0.00027594 -0.00740273    -0.0000265     0.0000042    -0.0000594     0.0000053    -0.9623067    -0.8064685    -1.1291490     0.0133375
 77.55000305 47.00000000  0.00000000 -0.00726497    -0.0000177     0.0000000    -0.0000597    -0.0000035    -0.8743389    -0.7847930    -1.0876436    -0.0087496
  0.00000000 48.50000000  0.00000000 -0.02362738     0.0006646     0.0006646    -0.0014796    -0.0000011     1.8441877     1.8441877    -9.0286378    -0.0028010
  1.39999998 48.50000000  0.00091535 -0.02353679     0.0006536     0.0006538    -0.0014553     0.0003263     1.8138101     1.8150213    -8.8799977     0.8272608
  4.55000019 48.50000000  0.00270917 -0.02275839     0.0004753     0.0005954    -0.0012399     0.0009303     0.6944098     1.3036095    -8.0026414     2.3586362
  9.55000019 48.50000000  0.00413248 -0.02022889     0.0000739     0.0004327    -0.0007198     0.0011741    -1.7878959     0.0316759    -5.8126289     2.9768728
 17.54999924 48.50000000  0.00371916 -0.01557436    -0.0001507     0.0002119    -0.0002448     0.0006733    -2.6261567    -0.7874216    -3.1034082     1.7070134
 32.54999924 48.50000000  0.00181829 -0.01043561    -0.0000979     0.0000559    -0.0000697     0.0001378    -1.6302173    -0.8504922    -1.4874129     0.3494944
 52.54999924 48.50000000  0.00058637 -0.00798849    -0.0000341     0.0000112    -0.0000549    -0.0000006    -0.9620035    -0.7327342    -1.0678641    -0.0015658
 77.55000305 48.50000000  0.00000000 -0.00735071    -0.0000157     0.0000000    -0.0000551    -0.0000034    -0.7983959    -0.7185924    -0.9980850    -0.0085993
  0.00000000 50.00000000  0.00000000 -0.02615415     0.0009446     0.0009446    -0.0011602     0.0000020     4.8854106     4.8854106   -10.0771781     0.0148485
  0.69999999 50.00000000  0.00065565 -0.02612059     0.0009287     0.0009366    -0.0011576     0.0001531     4.7147281     4.7531307   -10.2368791     0.6609299
  1.39999998 50.00000000  0.00130013 -0.02602274     0.0009120     0.0009287    -0.0011402     0.0003043     4.6250683     4.7050549    -9.9775228     1.2683641
  2.97499990 50.00000000  0.00261779 -0.02555672     0.0007618     0.0008799    -0.0010504     0.0005860     3.6189157     4.1872888    -9.6619329     2.5094323
  4.55000019 50.00000000  0.00369993 -0.02481325     0.0005779     0.0008132    -0.0009276     0.0008355     2.4227923     3.5551779    -8.9603351     3.5943056
  7.05000019 50.00000000  0.00472219 -0.02318832     0.0002743     0.0006698    -0.0006952     0.0009125     0.5273758     2.4309770    -7.4408236     3.8437799
  9.55000019 50.00000000  0.00507147 -0.02131360    -0.0000186     0.0005310    -0.0004652     0.0009144    -1.2123297     1.4330837    -5.9967431     3.9395433
 13.55000019 50.00000000  0.00471098 -0.01839569    -0.0001380     0.0003477    -0.0002628     0.0006548    -1.7336822     0.6036677    -3.9441913     2.7163107
 17.54999924 50.00000000  0.00396786 -0.01591206    -0.0002095     0.0002261    -0.0001423     0.0004243    -2.0752432     0.0210738    -2.9432031     1.7971527
 25.04999924 50.00000000  0.00270889 -0.01262599    -0.0001504     0.0001081    -0.0000607     0.0002144    -1.4308306    -0.1863536    -1.6576525     0.9128411
 32.54999924 50.00000000  0.00171152 -0.01053123    -0.0001004     0.0000526    -0.0000447     0.0000678    -1.0903372    -0.3541558    -1.3471449     0.2587743
 42.54999924 50.00000000  0.00098336 -0.00892618    -0.0000604     0.0000231    -0.0000349     0.0000335    -0.7629180    -0.3608452    -1.0581410     0.1516557
 52.54999924 50.00000000  0.00050298 -0.00806710    -0.0000312     0.0000096    -0.0000369    -0.0000058    -0.5597294    -0.3635657    -0.9730320    -0.0382665
 65.05000305 50.00000000  0.00021023 -0.00756833    -0.0000201     0.0000032    -0.0000372     0.0000010    -0.4835637    -0.3711732    -0.9439705     0.0074107
 77.55000305 50.00000000  0.00000000 -0.00743033    -0.0000135     0.0000000    -0.0000370    -0.0000034    -0.4338813    -0.3688203    -0.9105442    -0.0250039
  0.00000000 50.09999847  0.00000000 -0.02619743     0.0009407     0.0009407    -0.0004345     0.0000002     4.9462349     4.9462349   -10.7234613     0.0023307
  1.39999998 50.09999847  0.00129082 -0.02606505     0.0009053     0.0009220    -0.0004252     0.0001067     4.7562617     4.8324972   -10.5353682     1.3024187
  4.55000019 50.09999847  0.00367268 -0.02484889     0.0005717     0.0008072    -0.0003574     0.0003136     2.9726516     4.0452241    -9.3230403     3.8294722
  9.55000019 50.09999847  0.00502591 -0.02133397    -0.0000201     0.0005263    -0.0002035     0.0003400    -0.1724131     2.3166252    -6.1411641     4.1524235
 17.54999924 50.09999847  0.00392855 -0.01591996    -0.0002075     0.0002238    -0.0000788     0.0001495    -1.1634734     0.8015045    -2.9135477     1.8258208
 32.54999924 50.09999847  0.00169342 -0.01053437    -0.0000993     0.0000520    -0.0000313     0.0000178    -0.5953379     0.0941192    -1.3204043     0.2172265
 52.54999924 50.09999847  0.00049734 -0.00806949    -0.0000308     0.0000095    -0.0000238    -0.0000049    -0.2337943    -0.0502675    -0.9596866    -0.0603698
 77.55000305 50.09999847  0.00000000 -0.00743262    -0.0000134     0.0000000    -0.0000229    -0.0000034    -0.1429786    -0.0821578    -0.8994221    -0.0413077
  0.00000000 50.20000076  0.00000000 -0.02624105     0.0009369     0.0009369    -0.0004410    -0.0000017     4.9019071     4.9019071   -10.9887759    -0.0205862
  0.69999999 50.20000076  0.00064835 -0.02620833     0.0009155     0.0009262    -0.0004406     0.0000572     4.7719395     4.8207562   -11.0705040     0.6985722
  1.39999998 50.20000076  0.00128170 -0.02610778     0.0008986     0.0009155    -0.0004286     0.0001145     4.7022155     4.7790781   -10.7013236     1.3983386
  2.97499990 50.20000076  0.00258402 -0.02563699     0.0007506     0.0008686    -0.0004036     0.0002225     3.8991939     4.4368606   -10.3450002     2.7165984
  4.55000019 50.20000076  0.00364594 -0.02488473     0.0005656     0.0008013    -0.0003596     0.0003230     2.9255324     3.9993137    -9.4423031     3.9441594
  7.05000019 50.20000076  0.00464619 -0.02324317     0.0002669     0.0006590    -0.0002746     0.0003309     1.3597456     3.1459523    -7.5632753     4.0403340
  9.55000019 50.20000076  0.00498058 -0.02135429    -0.0000217     0.0005215    -0.0002034     0.0003463    -0.1858313     2.2887406    -6.1560796     4.2287258
 13.55000019 50.20000076  0.00461982 -0.01841923    -0.0001364     0.0003409    -0.0001173     0.0002233    -0.7589001     1.4157065    -3.8013502     2.7263723
 17.54999924 50.20000076  0.00388923 -0.01592781    -0.0002056     0.0002216    -0.0000780     0.0001498    -1.1527169     0.7932010    -2.8865820     1.8298719
 25.04999924 50.20000076  0.00265237 -0.01263406    -0.0001476     0.0001059    -0.0000402     0.0000769    -0.8359546     0.3187487    -1.6378275     0.9394000
 32.54999924 50.20000076  0.00167531 -0.01053750    -0.0000983     0.0000515    -0.0000309     0.0000171    -0.5887783     0.0933584    -1.3030630     0.2092733
 42.54999924 50.20000076  0.00096146 -0.00893118    -0.0000592     0.0000226    -0.0000248     0.0000139    -0.3817694    -0.0092427    -1.0422497     0.1695730
 52.54999924 50.20000076  0.00049170 -0.00807186    -0.0000305     0.0000094    -0.0000236    -0.0000052    -0.2311901    -0.0498017    -0.9502395    -0.0640724
 65.05000305 50.20000076  0.00020533 -0.00757305    -0.0000197     0.0000032    -0.0000234     0.0000010    -0.1767317    -0.0727563    -0.9301122     0.0123707
 77.55000305 50.20000076  0.00000000 -0.00743490    -0.0000132     0.0000000    -0.0000226    -0.0000034    -0.1414156    -0.0813531    -0.8909750    -0.0412051
  0.00000000 50.85000229  0.00000000 -0.02654006     0.0009026     0.0009026    -0.0004760    -0.0000001     4.5691549     4.5691549   -12.5117187    -0.0013413
  1.39999998 50.85000229  0.00123164 -0.02639723     0.0008649     0.0008797    -0.0004628     0.0001395     4.3740644     4.4415991   -12.1965562     1.7037287
  4.55000019 50.85000229  0.00348339 -0.02512392     0.0005278     0.0007656    -0.0003762     0.0003746     2.6271719     3.7103546   -10.2874454     4.5748248
  9.55000019 50.85000229  0.00469194 -0.02148540    -0.0000332     0.0004913    -0.0001997     0.0003763    -0.2705812     2.1185711    -6.1430423     4.5947889
 17.54999924 50.85000229  0.00363320 -0.01597722    -0.0001929     0.0002070    -0.0000743     0.0001523    -1.0861305     0.7358698    -2.7516713     1.8602922
 32.54999924 50.85000229  0.00155655 -0.01055699    -0.0000915     0.0000478    -0.0000292     0.0000157    -0.5494276     0.0851039    -1.2296375     0.1922370
 52.54999924 50.85000229  0.00045460 -0.00808675    -0.0000281     0.0000087    -0.0000222    -0.0000058    -0.2149356    -0.0473248    -0.8948677    -0.0707364
 77.55000305 50.85000229  0.00000000 -0.00744919    -0.0000121     0.0000000    -0.0000214    -0.0000033    -0.1316417    -0.0764118    -0.8394901    -0.0405073
  0.00000000 51.50000000  0.00000000 -0.02685984     0.0008732     0.0008732    -0.0005096     0.0000001     4.2740085     4.2740085   -13.9521065     0.0006399
  0.69999999 51.50000000  0.00060279 -0.02682222     0.0008490     0.0008611    -0.0005059     0.0000778     4.1370061     4.1921595   -13.9205825     0.9505914
  1.39999998 51.50000000  0.00118863 -0.02670943     0.0008353     0.0008490    -0.0004960     0.0001630     4.0772840     4.1396885   -13.6255630     1.9904001
  2.97499990 51.50000000  0.00239206 -0.02619408     0.0006823     0.0008041    -0.0004551     0.0002949     3.2964639     3.8509983   -12.6772077     3.6010377
  4.55000019 51.50000000  0.00333795 -0.02537381     0.0004906     0.0007336    -0.0003947     0.0004284     2.3305606     3.4375648   -11.1889088     5.2317315
  7.05000019 51.50000000  0.00418408 -0.02360768     0.0002145     0.0005935    -0.0002852     0.0004156     0.9664665     2.6929539    -8.3132360     5.0745259
  9.55000019 51.50000000  0.00441041 -0.02161391    -0.0000461     0.0004618    -0.0001969     0.0004070    -0.3655373     1.9483413    -6.1659863     4.9703094
 13.55000019 51.50000000  0.00403434 -0.01856696    -0.0001292     0.0002977    -0.0001097     0.0002528    -0.7408700     1.2041521    -3.6220805     3.0864752
 17.54999924 51.50000000  0.00337657 -0.01602437    -0.0001808     0.0001924    -0.0000704     0.0001546    -1.0217671     0.6783574    -2.6118380     1.8874144
 25.04999924 51.50000000  0.00228435 -0.01268340    -0.0001293     0.0000912    -0.0000358     0.0000796    -0.7356401     0.2687659    -1.4610223     0.9720742
 32.54999924 51.50000000  0.00143717 -0.01057549    -0.0000847     0.0000442    -0.0000274     0.0000141    -0.5096907     0.0770991    -1.1518881     0.1720110
 42.54999924 51.50000000  0.00081874 -0.00896160    -0.0000510     0.0000192    -0.0000220     0.0000137    -0.3310936    -0.0111477    -0.9227659     0.1670509
 52.54999924 51.50000000  0.00041733 -0.00810078    -0.0000258     0.0000079    -0.0000209    -0.0000065    -0.1985784    -0.0448265    -0.8391652    -0.0789112
 65.05000305 51.50000000  0.00017344 -0.00760181    -0.0000167     0.0000027    -0.0000208     0.0000010    -0.1528683    -0.0646778    -0.8254093     0.0116219
 77.55000305 51.50000000  0.00000000 -0.00746266    -0.0000111     0.0000000    -0.0000201    -0.0000033    -0.1218177    -0.0714501    -0.7878145    -0.0398224
  0.00000000 52.15000153  0.00000000 -0.02720755     0.0008470     0.0008470    -0.0005586     0.0000014     3.9537120     3.9537120   -15.9501842     0.0172197
  1.39999998 52.15000153  0.00115274 -0.02704655     0.0008098     0.0008234    -0.0005431     0.0001847     3.7669021     3.8289651   -15.5490989     2.2559083
  4.55000019 52.15000153  0.00320529 -0.02563847     0.0004541     0.0007045    -0.0004176     0.0004753     2.0273917     3.1678847   -12.2475172     5.8041186
  9.55000019 52.15000153  0.00413475 -0.02174089    -0.0000605     0.0004330    -0.0001925     0.0004312    -0.4630283     1.7850436    -6.1283532     5.2660729
 17.54999924 52.15000153  0.00311893 -0.01606860    -0.0001687     0.0001777    -0.0000662     0.0001564    -0.9569093     0.6212128    -2.4631742     1.9097975
 32.54999924 52.15000153  0.00131626 -0.01059262    -0.0000779     0.0000404    -0.0000256     0.0000126    -0.4701889     0.0687990    -1.0743427     0.1533981
 52.54999924 52.15000153  0.00037943 -0.00811391    -0.0000235     0.0000072    -0.0000195    -0.0000071    -0.1825351    -0.0424651    -0.7838553    -0.0865019
 77.55000305 52.15000153  0.00000000 -0.00747528    -0.0000100     0.0000000    -0.0000188    -0.0000032    -0.1121692    -0.0665213    -0.7362358    -0.0390903
  0.00000000 52.79999924  0.00000000 -0.02758600     0.0008238     0.0008238    -0.0006079     0.0000020     3.6525766     3.6525766   -17.9425104     0.0247518
  0.69999999 52.79999924  0.00056861 -0.02754265     0.0008008     0.0008123    -0.0006025     0.0000989     3.5275319     3.5800295   -17.8450027     1.2076204
  1.39999998 52.79999924  0.00112109 -0.02741544     0.0007865     0.0008008    -0.0005882     0.0002073     3.4782256     3.5433529   -17.3843866     2.5318791
  2.97499990 52.79999924  0.00223749 -0.02683210     0.0006224     0.0007521    -0.0005273     0.0003679     2.6915060     3.2822277   -15.7266238     4.4922623
  4.55000019 52.79999924  0.00308172 -0.02591671     0.0004177     0.0006773    -0.0004420     0.0005279     1.7226190     2.9051398   -13.3550104     6.4469550
  7.05000019 52.79999924  0.00375900 -0.02398645     0.0001560     0.0005332    -0.0002964     0.0004921     0.5429883     2.2612304    -9.0885005     6.0096519
  9.55000019 52.79999924  0.00386175 -0.02186416    -0.0000758     0.0004044    -0.0001889     0.0004564    -0.5676156     1.6197959    -6.1253967     5.5732614
 13.55000019 52.79999924  0.00345586 -0.01870315    -0.0001251     0.0002550    -0.0000997     0.0002759    -0.7327674     0.9991473    -3.3637685     3.3697618
 17.54999924 52.79999924  0.00286062 -0.01611044    -0.0001568     0.0001630    -0.0000622     0.0001579    -0.8936980     0.5631777    -2.3211024     1.9276213
 25.04999924 52.79999924  0.00191487 -0.01272703    -0.0001111     0.0000764    -0.0000312     0.0000819    -0.6352777     0.2188519    -1.2787532     0.9997954
 32.54999924 52.79999924  0.00119479 -0.01060876    -0.0000711     0.0000367    -0.0000238     0.0000111    -0.4306972     0.0603464    -0.9976979     0.1359446
 42.54999924 52.79999924  0.00067540 -0.00898841    -0.0000427     0.0000159    -0.0000192     0.0000136    -0.2797547    -0.0130644    -0.8037965     0.1662205
 52.54999924 52.79999924  0.00034139 -0.00812619    -0.0000212     0.0000065    -0.0000182    -0.0000076    -0.1663366    -0.0400212    -0.7274653    -0.0933722
 65.05000305 52.79999924  0.00014147 -0.00762721    -0.0000137     0.0000022    -0.0000183     0.0000009    -0.1287332    -0.0566197    -0.7215194     0.0114035
 77.55000305 52.79999924  0.00000000 -0.00748707    -0.0000090     0.0000000    -0.0000175    -0.0000031    -0.1023935    -0.0614905    -0.6834287    -0.0383694
  0.00000000 53.45000076  0.00000000 -0.02800162     0.0008030     0.0008030    -0.0006690     0.0000025     3.3320562     3.3320562   -20.3652902     0.0306898
  1.39999998 53.45000076  0.00109093 -0.02781578     0.0007641     0.0007792    -0.0006473     0.0002283     3.1541527     3.2230263   -19.7381334     2.7879370
  4.55000019 53.45000076  0.00296344 -0.02621413     0.0003805     0.0006513    -0.0004696     0.0005735     1.4050574     2.6385230   -14.5817130     7.0038341
  9.55000019 53.45000076  0.00358926 -0.02198600    -0.0000911     0.0003758    -0.0001838     0.0004745    -0.6673683     1.4595496    -6.0632673     5.7941865
 17.54999924 53.45000076  0.00260094 -0.01614942    -0.0001450     0.0001482    -0.0000581     0.0001588    -0.8307649     0.5050314    -2.1739973     1.9394720
 32.54999924 53.45000076  0.00107204 -0.01062355    -0.0000643     0.0000329    -0.0000220     0.0000098    -0.3913989     0.0516362    -0.9213835     0.1197847
 52.54999924 53.45000076  0.00030282 -0.00813753    -0.0000190     0.0000058    -0.0000168    -0.0000082    -0.1503871    -0.0376823    -0.6712954    -0.0996723
 77.55000305 53.45000076  0.00000000 -0.00749798    -0.0000080     0.0000000    -0.0000161    -0.0000031    -0.0927783    -0.0565046    -0.6309310    -0.0374765
  0.00000000 54.09999847  0.00000000 -0.02845567     0.0007823     0.0007823    -0.0007323     0.0000013     3.0056283     3.0056283   -22.8701385     0.0155826
  0.69999999 54.09999847  0.00053905 -0.02840555     0.0007578     0.0007701    -0.0007251     0.0001193     2.8770205     2.9329381   -22.7085631     1.4569916
  1.39999998 54.09999847  0.00106092 -0.02825696     0.0007417     0.0007578    -0.0007045     0.0002529     2.8352402     2.9087865   -22.0208481     3.0884689
  2.97499990 54.09999847  0.00209744 -0.02757612     0.0005662     0.0007050    -0.0006182     0.0004414     2.0561084     2.6886621   -19.4546378     5.3904664
  4.55000019 54.09999847  0.00284434 -0.02652721     0.0003431     0.0006251    -0.0004989     0.0006272     1.0807420     2.3654474   -15.8749135     7.6586767
  7.05000019 54.09999847  0.00334194 -0.02437928     0.0000941     0.0004740    -0.0003067     0.0005606     0.1043049     1.8349179    -9.8381601     6.8457338
  9.55000019 54.09999847  0.00331500 -0.02210312    -0.0001063     0.0003471    -0.0001793     0.0004936    -0.7692467     1.2964519    -6.0243026     6.0277042
 13.55000019 54.09999847  0.00287742 -0.01882518    -0.0001218     0.0002124    -0.0000881     0.0002939    -0.7237871     0.7984530    -3.0438006     3.5894158
 17.54999924 54.09999847  0.00234058 -0.01618590    -0.0001332     0.0001334    -0.0000540     0.0001592    -0.7676236     0.4465802    -2.0288602     1.9444385
 25.04999924 54.09999847  0.00154364 -0.01276456    -0.0000928     0.0000616    -0.0000264     0.0000836    -0.5340243     0.1693724    -1.0866510     1.0209342
 32.54999924 54.09999847  0.00094879 -0.01063736    -0.0000575     0.0000291    -0.0000202     0.0000085    -0.3521338     0.0427512    -0.8463912     0.1042600
 42.54999924 54.09999847  0.00053148 -0.00901163    -0.0000342     0.0000125    -0.0000165     0.0000135    -0.2278584    -0.0150132    -0.6854847     0.1652606
 52.54999924 54.09999847  0.00026414 -0.00814802    -0.0000167     0.0000050    -0.0000154    -0.0000086    -0.1342826    -0.0352526    -0.6139597    -0.1054336
 65.05000305 54.09999847  0.00010942 -0.00764932    -0.0000106     0.0000017    -0.0000158     0.0000009    -0.1044336    -0.0486404    -0.6190756     0.0111988
 77.55000305 54.09999847  0.00000000 -0.00750806    -0.0000069     0.0000000    -0.0000148    -0.0000030    -0.0830454    -0.0514214    -0.5772536    -0.0365964
  0.00000000 54.75000000  0.00000000 -0.02895672     0.0007596     0.0007596    -0.0008052     0.0000027     2.6370911     2.6370911   -25.7487705     0.0325280
  1.39999998 54.75000000  0.00102794 -0.02873604     0.0007173     0.0007342    -0.0007752     0.0002735     2.4633366     2.5405856   -24.8213078     3.3402181
  4.55000019 54.75000000  0.00272176 -0.02686338     0.0003049     0.0005982    -0.0005302     0.0006722     0.7455493     2.0815786   -17.2446243     8.2088056
  9.55000019 54.75000000  0.00303585 -0.02221862    -0.0001197     0.0003179    -0.0001734     0.0005053    -0.8564859     1.1367163    -5.9282901     6.1701232
 17.54999924 54.75000000  0.00207835 -0.01621955    -0.0001216     0.0001184    -0.0000498     0.0001591    -0.7060701     0.3873363    -1.8837081     1.9431315
 32.54999924 54.75000000  0.00082445 -0.01064987    -0.0000508     0.0000253    -0.0000185     0.0000074    -0.3130106     0.0336963    -0.7710154     0.0898069
 52.54999924 54.75000000  0.00022501 -0.00815755    -0.0000145     0.0000043    -0.0000140    -0.0000091    -0.1184041    -0.0329257    -0.5569916    -0.1106484
 77.55000305 54.75000000  0.00000000 -0.00751721    -0.0000059     0.0000000    -0.0000134    -0.0000029    -0.0734259    -0.0463569    -0.5236006    -0.0354232
  0.00000000 55.39999771  0.00000000 -0.02950245     0.0007327     0.0007327    -0.0008817     0.0000006     2.2296881     2.2296881   -28.7857783     0.0067180
  0.69999999 55.39999771  0.00050368 -0.02944282     0.0007064     0.0007195    -0.0008707     0.0001390     2.1019039     2.1616784   -28.4909822     1.6974347
  1.39999998 55.39999771  0.00098900 -0.02926469     0.0006896     0.0007064    -0.0008434     0.0002995     2.0754843     2.1522345   -27.5538008     3.6568003
  2.97499990 55.39999771  0.00193858 -0.02844934     0.0005069     0.0006516    -0.0007264     0.0005126     1.3454521     2.0049593   -23.8601486     6.2601321
  4.55000019 55.39999771  0.00258558 -0.02721646     0.0002663     0.0005683    -0.0005636     0.0007270     0.3982725     1.7740229   -18.7064627     8.8782478
  7.05000019 55.39999771  0.00289912 -0.02478415     0.0000330     0.0004112    -0.0003145     0.0006197    -0.3263724     1.3963956   -10.5027892     7.5668809
  9.55000019 55.39999771  0.00275080 -0.02232848    -0.0001319     0.0002880    -0.0001681     0.0005181    -0.9403629     0.9725315    -5.8576589     6.3270608
 13.55000019 55.39999771  0.00229287 -0.01893131    -0.0001169     0.0001692    -0.0000753     0.0003070    -0.7032017     0.6002571    -2.6776139     3.7492393
 17.54999924 55.39999771  0.00181546 -0.01625068    -0.0001097     0.0001034    -0.0000458     0.0001584    -0.6428641     0.3280449    -1.7399610     1.9339117
 25.04999924 55.39999771  0.00117056 -0.01279568    -0.0000744     0.0000467    -0.0000214     0.0000849    -0.4315258     0.1202028    -0.8869558     1.0365248
 32.54999924 55.39999771  0.00069968 -0.01066138    -0.0000440     0.0000215    -0.0000167     0.0000062    -0.2739218     0.0244698    -0.6970525     0.0755932
 42.54999924 55.39999771  0.00038706 -0.00903130    -0.0000257     0.0000091    -0.0000138     0.0000135    -0.1754625    -0.0169787    -0.5676116     0.1645338
 52.54999924 55.39999771  0.00018581 -0.00816622    -0.0000122     0.0000035    -0.0000126    -0.0000095    -0.1023739    -0.0305026    -0.4988096    -0.1154391
 65.05000305 55.39999771  0.00007732 -0.00766818    -0.0000074     0.0000012    -0.0000133     0.0000009    -0.0800074    -0.0407358    -0.5179482     0.0110766
 77.55000305 55.39999771  0.00000000 -0.00752554    -0.0000049     0.0000000    -0.0000121    -0.0000028    -0.0636977    -0.0411995    -0.4688121    -0.0342604
  0.00000000 56.04999924  0.00000000 -0.03010541     0.0007003     0.0007003    -0.0009658     0.0000069     1.7633163     1.7633163   -32.1451652     0.0845957
  1.39999998 56.04999924  0.00094220 -0.02983629     0.0006546     0.0006730    -0.0009234     0.0003176     1.6060445     1.6898868   -30.7657033     3.8783013
  4.55000019 56.04999924  0.00243411 -0.02759628     0.0002281     0.0005350    -0.0005977     0.0007701     0.0480464     1.4461929   -20.2013118     9.4039773
  9.55000019 56.04999924  0.00245589 -0.02243685    -0.0001398     0.0002572    -0.0001619     0.0005233    -0.9982465     0.8102015    -5.7372978     6.3902269
 17.54999924 56.04999924  0.00155018 -0.01627905    -0.0000982     0.0000883    -0.0000417     0.0001570    -0.5824376     0.2674522    -1.5987784     1.9176505
 32.54999924 56.04999924  0.00057397 -0.01067163    -0.0000373     0.0000176    -0.0000150     0.0000051    -0.2350184     0.0150903    -0.6227419     0.0623114
 52.54999924 56.04999924  0.00014623 -0.00817389    -0.0000100     0.0000028    -0.0000111    -0.0000098    -0.0865492    -0.0281745    -0.4410369    -0.1197171
 77.55000305 56.04999924  0.00000000 -0.00753290    -0.0000040     0.0000000    -0.0000107    -0.0000027    -0.0540675    -0.0360614    -0.4140926    -0.0326836
  0.00000000 56.69999695  0.00000000 -0.03075805     0.0006575     0.0006575    -0.0010475     0.0000079     1.2354294     1.2354294   -35.4736800     0.0969753
  0.69999999 56.69999695  0.00045035 -0.03068203     0.0006292     0.0006434    -0.0010365     0.0001572     1.0950800     1.1596119   -35.1855842     1.9199730
  1.39999998 56.69999695  0.00088086 -0.03046508     0.0006119     0.0006292    -0.0009998     0.0003436     1.0929944     1.1718558   -33.9001262     4.1957578
  2.97499990 56.69999695  0.00171421 -0.02947267     0.0004353     0.0005762    -0.0008495     0.0005753     0.4988162     1.1406132   -28.9304530     7.0248741
  4.55000019 56.69999695  0.00225212 -0.02799343     0.0001894     0.0004950    -0.0006344     0.0008239    -0.3195875     1.0723385   -21.8186134    10.0608075
  7.05000019 56.69999695  0.00239086 -0.02519673    -0.0000201     0.0003391    -0.0003181     0.0006666    -0.7096059     0.9268720   -11.0118201     8.1396521
  9.55000019 56.69999695  0.00215158 -0.02253889    -0.0001451     0.0002253    -0.0001568     0.0005301    -1.0459730     0.6414343    -5.6584089     6.4735906
 13.55000019 56.69999695  0.00169689 -0.01902039    -0.0001084     0.0001252    -0.0000617     0.0003155    -0.6606822     0.4037014    -2.2704259     3.8524301
 17.54999924 56.69999695  0.00128423 -0.01630491    -0.0000862     0.0000732    -0.0000379     0.0001552    -0.5195032     0.2066596    -1.4631380     1.8956408
 25.04999924 56.69999695  0.00079559 -0.01282016    -0.0000558     0.0000318    -0.0000162     0.0000858    -0.3272968     0.0713723    -0.6802264     1.0472411
 32.54999924 56.69999695  0.00044790 -0.01068088    -0.0000305     0.0000138    -0.0000133     0.0000040    -0.1961818     0.0055102    -0.5503609     0.0491401
 42.54999924 56.69999695  0.00024223 -0.00904744    -0.0000171     0.0000057    -0.0000111     0.0000135    -0.1226434    -0.0189704    -0.4503330     0.1642634
 52.54999924 56.69999695  0.00010659 -0.00818072    -0.0000078     0.0000020    -0.0000097    -0.0000101    -0.0705942    -0.0257626    -0.3822215    -0.1235845
 65.05000305 56.69999695  0.00004517 -0.00768384    -0.0000043     0.0000007    -0.0000108     0.0000009    -0.0555041    -0.0329173    -0.4182176     0.0110853
 77.55000305 56.69999695  0.00000000 -0.00753944    -0.0000030     0.0000000    -0.0000093    -0.0000025    -0.0443344    -0.0308318    -0.3582465    -0.0311148
  0.00000000 57.34999847  0.00000000 -0.03146874     0.0005955     0.0005955    -0.0011339     0.0000029     0.5657237     0.5657237   -39.0929472     0.0355577
  1.39999998 57.34999847  0.00080743 -0.03113857     0.0005597     0.0005767    -0.0010840     0.0003630     0.4947813     0.5726080   -37.3775826     4.4325607
  4.55000019 57.34999847  0.00203755 -0.02842089     0.0001540     0.0004478    -0.0006707     0.0008603    -0.6753279     0.6631534   -23.4301291    10.5053987
  9.55000019 57.34999847  0.00183389 -0.02264051    -0.0001437     0.0001920    -0.0001512     0.0005294    -1.0561097     0.4734271    -5.5430467     6.4653734
 17.54999924 57.34999847  0.00101561 -0.01632829    -0.0000747     0.0000579    -0.0000341     0.0001526    -0.4595539     0.1443709    -1.3312560     1.8635132
 32.54999924 57.34999847  0.00032105 -0.01068892    -0.0000238     0.0000099    -0.0000116     0.0000030    -0.1575674    -0.0042231    -0.4779269     0.0368556
 52.54999924 57.34999847  0.00006666 -0.00818650    -0.0000056     0.0000013    -0.0000083    -0.0000104    -0.0548100    -0.0234241    -0.3236801    -0.1270204
 77.55000305 57.34999847  0.00000000 -0.00754498    -0.0000020     0.0000000    -0.0000079    -0.0000024    -0.0346797    -0.0256161    -0.3024315    -0.0290176
  0.00000000 57.99999619  0.00000000 -0.03223214     0.0005153     0.0005153    -0.0009349    -0.0000089    -0.208        -0.208       -41.3460522    -0.4652184
  0.69999999 57.99999619  0.00035751 -0.03214578     0.0005061     0.0005107    -0.0009349     0.0000919    -0.262        -0.242       -42.9709022     1.8921814
  1.39999998 57.99999619  0.00070859 -0.03187425     0.0004939     0.0005061    -0.0009049     0.0002163    -0.23         -0.177       -39.0712414     4.7544180
  2.97499990 57.99999619  0.00136035 -0.03066268     0.0003368     0.0004573    -0.0007482     0.0003487    -0.555        -0.650       -35.7173091     7.2776914
  4.55000019 57.99999619  0.00176951 -0.02886536     0.0001183     0.0003889    -0.0005103     0.0005174    -1.04          0.22        -22.5022858    11.7780089
  7.05000019 57.99999619  0.00177051 -0.02561054    -0.0000530     0.0002511    -0.0002290     0.0003893    -1.01          0.376       -10.8845097     7.9685643
  9.55000019 57.99999619  0.00150445 -0.02273546    -0.0001375     0.0001575    -0.0000858     0.0003072    -1.02          0.32         -6.5978216     7.0251335
 13.55000019 57.99999619  0.00108464 -0.01909140    -0.0000948     0.0000800    -0.0000217     0.0001807    -.589          0.207        -1.6547452     3.9657410
 17.54999924 57.99999619  0.00074624 -0.01634919    -0.0000625     0.0000425    -0.0000127     0.0000842    -0.39          0.08         -1.7618181     1.7242984
 25.04999924 57.99999619  0.00041870 -0.01283777    -0.0000368     0.0000167    -0.0000005     0.0000499    -0.221         0.02         -0.4185469     1.1595276
 32.54999924 57.99999619  0.00019392 -0.01069596    -0.0000171     0.0000060    -0.0000029    -0.0000004    -0.12         -0.015        -0.5663751    -0.1261561
 42.54999924 57.99999619  0.00009711 -0.00906008    -0.0000084     0.0000023    -0.0000029     0.0000079    -0.069        -0.0207       -0.3365582     0.1970054
 52.54999924 57.99999619  0.00002669 -0.00819145    -0.0000034     0.0000005    -0.0000030    -0.0000065    -0.036        -0.022        -0.2576803    -0.1803164
 65.05000305 57.99999619  0.00001301 -0.00769635    -0.0000011     0.0000002    -0.0000044     0.0000006    -0.031        -0.025        -0.3493666     0.0211667
 77.55000305 57.99999619  0.00000000 -0.00754969    -0.0000010     0.0000000    -0.0000032    -0.0000022    -0.025        -0.021        -0.1832349    -0.1155485
  0.00000000 58.09999466  0.00000000 -0.03229591     0.0004840     0.0004840    -0.0006205    -0.0000108   164.6923453   164.6923453   -39.8301428    -1.0013395
  1.39999998 58.09999466  0.00065945 -0.03193552     0.0004619     0.0004710    -0.0005954     0.0000730   158.4632315   160.1600711   -37.3195408     6.7546618
  4.55000019 58.09999466  0.00164986 -0.02889700     0.0001086     0.0003626    -0.0003091     0.0001881    55.1594901   102.1891482   -22.1946519    17.4186039
  9.55000019 58.09999466  0.00140783 -0.02273847    -0.0001303     0.0001474    -0.0000296     0.0000857   -26.8283235    24.6047699    -8.1698229     7.9349713
 17.54999924 58.09999466  0.00069134 -0.01634871    -0.0000586     0.0000394     0.0000046     0.0000169   -14.0147333     4.1393602    -2.2960501     1.5656650
 32.54999924 58.09999466  0.00017380 -0.01069556    -0.0000156     0.0000053     0.0000038    -0.0000033    -4.2989465    -0.4132920    -0.6957123    -0.3079365
 52.54999924 58.09999466  0.00002134 -0.00819136    -0.0000030     0.0000004     0.0000008    -0.0000026    -0.9255810    -0.2984133    -0.2170678    -0.2378196
 77.55000305 58.09999466  0.00000000 -0.00754967    -0.0000008     0.0000000     0.0000002    -0.0000022    -0.2871424    -0.1348636    -0.0981822    -0.2027970
  0.00000000 58.19999695  0.00000000 -0.03235624     0.0004537     0.0004537    -0.0005896    -0.0000127   152.7001962   152.7001962   -40.5051507    -1.1781266
  0.69999999 58.19999695  0.00031178 -0.03226996     0.0004371     0.0004454    -0.0005804     0.0000381   146.2003699   147.7434130   -42.2158244     3.5294622
  1.39999998 58.19999695  0.00061189 -0.03199332     0.0004308     0.0004371    -0.0005602     0.0001102   146.2513340   147.4104909   -37.2662568    10.1990747
  2.97499990 58.19999695  0.00118992 -0.03076174     0.0002928     0.0004000    -0.0004655     0.0001548   103.3212168   123.1678619   -37.1084131    14.3299781
  4.55000019 58.19999695  0.00153421 -0.02892717     0.0000990     0.0003372    -0.0002932     0.0002697    49.2302330    93.3360459   -23.4056049    24.9760749
  7.05000019 58.19999695  0.00154558 -0.02563534    -0.0000446     0.0002192    -0.0001178     0.0001343     4.0486636    52.8970307    -9.5078052    12.4351475
  9.55000019 58.19999695  0.00131146 -0.02274137    -0.0001236     0.0001373    -0.0000266     0.0000924   -25.6542006    22.6572820    -7.7006031     8.5553913
 13.55000019 58.19999695  0.00093396 -0.01909048    -0.0000844     0.0000689     0.0000036     0.0000498   -18.1769694    10.2134015    -1.8754366     4.6072768
 17.54999924 58.19999695  0.00063641 -0.01634826    -0.0000548     0.0000363     0.0000056     0.0000120   -12.9470933     3.9208422    -1.7525683     1.1088980
 25.04999924 58.19999695  0.00034601 -0.01283586    -0.0000322     0.0000138     0.0000089     0.0000153    -8.0131981     0.5048084    -0.4108868     1.4157903
 32.54999924 58.19999695  0.00015365 -0.01069519    -0.0000142     0.0000047     0.0000037    -0.0000064    -3.8956933    -0.3872077    -0.5823403    -0.5929382
 42.54999924 58.19999695  0.00007254 -0.00905964    -0.0000069     0.0000017     0.0000020     0.0000031    -1.9630428    -0.3725911    -0.3192779     0.2827257
 52.54999924 58.19999695  0.00001598 -0.00819128    -0.0000025     0.0000003     0.0000006    -0.0000036    -0.8233131    -0.2969382    -0.2422687    -0.3330035
 65.05000305 58.19999695  0.00000794 -0.00769646    -0.0000006     0.0000001    -0.0000006     0.0000005    -0.3547832    -0.2138277    -0.3433119     0.0444105
 77.55000305 58.19999695  0.00000000 -0.00754965    -0.0000006     0.0000000     0.0000000    -0.0000022    -0.2579003    -0.1410719    -0.1451623    -0.2014044
  0.00000000 58.74999619  0.00000000 -0.03264072     0.0002851     0.0002851    -0.0004414    -0.0000008    80.5925183    80.5925183   -53.9457032    -0.0778375
  1.39999998 58.74999619  0.00038589 -0.03226560     0.0002801     0.0002756    -0.0004303     0.0001846    78.9680554    78.1410130   -52.5915701    17.0914070
  4.55000019 58.74999619  0.00097173 -0.02906565     0.0000508     0.0002136    -0.0002115     0.0004622    20.8225452    50.9633866   -27.7600237    42.8006756
  9.55000019 58.74999619  0.00078711 -0.02275192    -0.0000858     0.0000824    -0.0000137     0.0001092   -19.5894298    11.5709669    -6.2222349    10.1133251
 17.54999924 58.74999619  0.00032868 -0.01634502    -0.0000347     0.0000187     0.0000049     0.0000047    -8.8132722     1.0756842    -1.4905529     0.4390582
 32.54999924 58.74999619  0.00003952 -0.01069361    -0.0000068     0.0000012     0.0000019    -0.0000103    -2.0750614    -0.5837979    -0.4601321    -0.9517950
 52.54999924 58.74999619 -0.00001462 -0.00819120    -0.0000003    -0.0000003    -0.0000002    -0.0000048    -0.2055064    -0.2073494    -0.1882576    -0.4413456
 77.55000305 58.74999619  0.00000000 -0.00754984     0.0000003     0.0000000    -0.0000005    -0.0000021     0.0309010    -0.0335675    -0.1268081    -0.1972139
  0.00000000 59.29999542  0.00000000 -0.03284182     0.0001342     0.0001342    -0.0003163     0.0000023    14.5094019    14.5094019   -68.9257346     0.2161259
  0.69999999 59.29999542  0.00009319 -0.03274722     0.0001320     0.0001331    -0.0003005     0.0000915    16.8094537    17.0122550   -63.2925441     8.4741097
  1.39999998 59.29999542  0.00018484 -0.03246667     0.0001438     0.0001320    -0.0002937     0.0002326    22.7624965    20.5858105   -58.2531947    21.5364521
  2.97499990 59.29999542  0.00038001 -0.03115276     0.0000901     0.0001277    -0.0002614     0.0003931     7.2701489    14.2392563   -57.8249301    36.4021497
  4.55000019 59.29999542  0.00046866 -0.02915987     0.0000025     0.0001030    -0.0001346     0.0006197    -5.8064549    12.7973309   -31.2025841    57.3754667
  7.05000019 59.29999542  0.00039650 -0.02571633    -0.0000403     0.0000562    -0.0000237     0.0002903    -9.1600012     8.7255156    -6.0817614    26.8813876
  9.55000019 59.29999542  0.00026695 -0.02275640    -0.0000540     0.0000280    -0.0000003     0.0001205   -15.6833346    -0.5074426    -5.7330468    11.1542213
 13.55000019 59.29999542  0.00011575 -0.01908301    -0.0000309     0.0000085     0.0000091     0.0000613    -8.5800654    -1.2753989    -1.1654796     5.6767416
 17.54999924 59.29999542  0.00001973 -0.01634290    -0.0000148     0.0000011     0.0000052    -0.0000007    -4.5919907    -1.6371737    -0.8885990    -0.0626373
 25.04999924 59.29999542 -0.00005105 -0.01282874    -0.0000063    -0.0000020     0.0000038     0.0000154    -2.1457189    -1.3532172    -0.2648281     1.4215433
 32.54999924 59.29999542 -0.00007504 -0.01069312     0.0000006    -0.0000023     0.0000003    -0.0000127    -0.1957985    -0.7306549    -0.2451840    -1.1803718
 42.54999924 59.29999542 -0.00006138 -0.00905885     0.0000015    -0.0000014    -0.0000006     0.0000033     0.1625700    -0.3800449    -0.2180075     0.3042714
 52.54999924 59.29999542 -0.00004528 -0.00819148     0.0000020    -0.0000009    -0.0000010    -0.0000054     0.4106315    -0.1215810    -0.1424747    -0.4992459
 65.05000305 59.29999542 -0.00001963 -0.00769754     0.0000018    -0.0000003    -0.0000013     0.0000006     0.3701476    -0.0211897    -0.2150920     0.0564093
 77.55000305 59.29999542  0.00000000 -0.00755021     0.0000013     0.0000000    -0.0000010    -0.0000021     0.3114512     0.0651306    -0.1253638    -0.1923719
  0.00000000 59.84999466  0.00000000 -0.03298553    -0.0000142    -0.0000142    -0.0001797     0.0000228   -47.6100908   -47.6100908   -78.2600542     2.1089035
  1.39999998 59.84999466 -0.00001256 -0.03259711     0.0000125    -0.0000090    -0.0001878     0.0001931   -37.4954835   -41.4712391   -74.5857716    17.8826732
  4.55000019 59.84999466 -0.00001623 -0.02921290    -0.0000490    -0.0000036    -0.0000547     0.0006190   -32.2395859   -23.8319886   -33.3040010    57.3142171
  9.55000019 59.84999466 -0.00025262 -0.02275168    -0.0000214    -0.0000265     0.0000151     0.0001065   -11.0333700   -11.9741817    -4.2837904     9.8599498
 17.54999924 59.84999466 -0.00029309 -0.01633939     0.0000049    -0.0000167     0.0000053    -0.0000063    -0.5063343    -4.5056693    -0.4384029    -0.5843997
 32.54999924 59.84999466 -0.00019138 -0.01069326     0.0000078    -0.0000059    -0.0000013    -0.0000144     1.5923876    -0.9433866    -0.0879786    -1.3353041
 52.54999924 59.84999466 -0.00007647 -0.00819228     0.0000042    -0.0000015    -0.0000018    -0.0000058     0.9932980    -0.0570819    -0.1169790    -0.5359449
 77.55000305 59.84999466  0.00000000 -0.00755097     0.0000023     0.0000000    -0.0000016    -0.0000021     0.5774827     0.1557801    -0.1323967    -0.1917726
  0.00000000 60.39999390  0.00000000 -0.03303953    -0.0001742    -0.0001742    -0.0000128     0.0000179  -110.3039233  -110.3039233   -80.4180521     1.6605762
  0.69999999 60.39999390 -0.00011750 -0.03294168    -0.0001615    -0.0001679    -0.0000505     0.0000675  -111.9782875  -113.1534890   -91.4182245     6.2457178
  1.39999998 60.39999390 -0.00022612 -0.03267324    -0.0001266    -0.0001615    -0.0000793     0.0001551  -102.8266385  -109.2859555   -94.0526976    14.3637250
  2.97499990 60.39999390 -0.00038442 -0.03135212    -0.0000966    -0.0001292    -0.0001038     0.0003424   -89.0997806   -95.1441543   -90.4421969    31.7002650
  4.55000019 60.39999390 -0.00053034 -0.02922005    -0.0001002    -0.0001166     0.0000320     0.0006055   -58.4877162   -61.5147989   -34.0130779    56.0615828
  7.05000019 60.39999390 -0.00073190 -0.02568483    -0.0000495    -0.0001038     0.0000774     0.0002542   -25.5904016   -35.6419326    -2.0896463    23.5393283
  9.55000019 60.39999390 -0.00077803 -0.02273982     0.0000139    -0.0000815     0.0000323     0.0000810    -5.0618296   -22.7151012    -1.6465165     7.4963406
 13.55000019 60.39999390 -0.00070522 -0.01906942     0.0000213    -0.0000520     0.0000161     0.0000439     0.7927854   -12.7939033    -0.1713024     4.0677633
 17.54999924 60.39999390 -0.00060745 -0.01633711     0.0000249    -0.0000346     0.0000051    -0.0000060     3.6297713    -7.3984807    -0.0451736    -0.5583354
 25.04999924 60.39999390 -0.00044886 -0.01282753     0.0000200    -0.0000179    -0.0000017     0.0000115     3.7806127    -3.2364895    -0.2288351     1.0680309
 32.54999924 60.39999390 -0.00030784 -0.01069451     0.0000151    -0.0000095    -0.0000029    -0.0000123     3.3920590    -1.1547423     0.0639619    -1.1355134
 42.54999924 60.39999390 -0.00019499 -0.00906090     0.0000100    -0.0000046    -0.0000031     0.0000026     2.3524390    -0.3499949    -0.0791737     0.2368174
 52.54999924 60.39999390 -0.00010763 -0.00819343     0.0000064    -0.0000020    -0.0000026    -0.0000047     1.5639517    -0.0050064    -0.1153432    -0.4330965
 65.05000305 60.39999390 -0.00004705 -0.00769944     0.0000043    -0.0000007    -0.0000021     0.0000006     1.1216689     0.1904897    -0.0607628     0.0510650
 77.55000305 60.39999390  0.00000000 -0.00755192     0.0000032     0.0000000    -0.0000021    -0.0000021     0.8342745     0.2373951    -0.1560028    -0.1905172
  0.00000000 60.94999313  0.00000000 -0.03300781    -0.0003255    -0.0003255     0.0001243    -0.0000179  -174.0902379  -174.0902379   -90.7764405    -1.6528422
  1.39999998 60.94999313 -0.00044811 -0.03265669    -0.0003049    -0.0003201     0.0001297     0.0000857  -163.4785250  -166.2879686   -83.0032468     7.9333479
  4.55000019 60.94999313 -0.00113468 -0.02917769    -0.0001317    -0.0002494     0.0001188     0.0003914   -81.0658906  -102.8493719   -34.6610923    36.2414009
  9.55000019 60.94999313 -0.00131830 -0.02271789     0.0000477    -0.0001380     0.0000432     0.0000416    -1.3583306   -35.7527717    -2.1909511     3.8556798
 17.54999924 60.94999313 -0.00091919 -0.01633374     0.0000461    -0.0000524     0.0000051    -0.0000069     8.2703298    -9.9606833     0.6818209    -0.6401371
 32.54999924 60.94999313 -0.00042153 -0.01069646     0.0000228    -0.0000130    -0.0000046    -0.0000091     5.3343109    -1.2769136     0.2674941    -0.8446443
 52.54999924 60.94999313 -0.00013757 -0.00819518     0.0000088    -0.0000026    -0.0000035    -0.0000034     2.2113399     0.0967697    -0.0649191    -0.3119818
 77.55000305 60.94999313  0.00000000 -0.00755331     0.0000042     0.0000000    -0.0000027    -0.0000021     1.1227820     0.3359593    -0.1628984    -0.1946306
  0.00000000 61.49999237  0.00000000 -0.03290274    -0.0005006    -0.0005006     0.0002577    -0.0000278  -253.3263056  -253.3263056  -112.9016226    -2.5741942
  0.69999999 61.49999237 -0.00035102 -0.03281944    -0.0005023    -0.0005015     0.0002774     0.0000234  -249.9717059  -249.8095059  -105.5825946     2.1625709
  1.39999998 61.49999237 -0.00070327 -0.03253061    -0.0005121    -0.0005023     0.0003288     0.0000043  -242.9580451  -241.1553851   -87.2445672     0.3990056
  2.97499990 61.49999237 -0.00140689 -0.03132585    -0.0003734    -0.0004729     0.0001653     0.0000050  -216.2984405  -234.7201801  -116.5419852     0.4649822
  4.55000019 61.49999237 -0.00187957 -0.02908933    -0.0001674    -0.0004131     0.0002025     0.0001679  -112.6623396  -158.1656407   -44.1739896    15.5453076
  7.05000019 61.49999237 -0.00201200 -0.02554949     0.0000020    -0.0002854     0.0001682    -0.0000221   -24.5210417   -77.7414950     6.2529240    -2.0455629
  9.55000019 61.49999237 -0.00186957 -0.02269231     0.0000950    -0.0001958     0.0000498     0.0000037     6.5932798   -47.2539690    -1.7715499     0.3393330
 13.55000019 61.49999237 -0.00155438 -0.01905095     0.0000795    -0.0001147     0.0000191     0.0000109    11.2462881   -24.7241948     0.0518721     1.0138352
 17.54999924 61.49999237 -0.00123336 -0.01633151     0.0000678    -0.0000703     0.0000030    -0.0000123    12.6839612   -12.8914142     0.6811104    -1.1365723
 25.04999924 61.49999237 -0.00085371 -0.01283240     0.0000466    -0.0000341    -0.0000065     0.0000055     9.9081051    -5.0259249     0.0750134     0.5101224
 32.54999924 61.49999237 -0.00053490 -0.01069958     0.0000305    -0.0000164    -0.0000067    -0.0000084     7.2273122    -1.4624628     0.3322433    -0.7756107
 42.54999924 61.49999237 -0.00033036 -0.00906577     0.0000184    -0.0000078    -0.0000058     0.0000024     4.4413357    -0.3992514    -0.0362343     0.2257232
 52.54999924 61.49999237 -0.00016740 -0.00819727     0.0000112    -0.0000032    -0.0000041    -0.0000031     2.9033617     0.2449446     0.0718795    -0.2846990
 65.05000305 61.49999237 -0.00007479 -0.00770210     0.0000067    -0.0000011    -0.0000029     0.0000006     1.8109072     0.3579932     0.0331388     0.0541981
 77.55000305 61.49999237  0.00000000 -0.00755488     0.0000053     0.0000000    -0.0000030    -0.0000021     1.4619520     0.4860361    -0.0732774    -0.1981275
           1           3          26          24
           3           5          28          26
           5           7          30          28
           7           9          32          30
           9          11          34          32
          11          13          36          34
          13          15          38          36
          24          26          49          47
          26          28          51          49
          28          30          53          51
          30          32          55          53
          32          34          57          55
          34          36          59          57
          36          38          61          59
          47          49          72          70
          49          51          74          72
          51          53          76          74
          53          55          78          76
          55          57          80          78
          57          59          82          80
          59          61          84          82
          70          72          95          93
          72          74          97          95
          74          76          99          97
          76          78         101          99
          78          80         103         101
          80          82         105         103
          82          84         107         105
          93          95         118         116
          95          97         120         118
          97          99         122         120
          99         101         124         122
         101         103         126         124
         103         105         128         126
         105         107         130         128
         116         118         141         139
         118         120         143         141
         120         122         145         143
         122         124         147         145
         124         126         149         147
         126         128         151         149
         128         130         153         151
         139         141         164         162
         141         143         166         164
         143         145         168         166
         145         147         170         168
         147         149         172         170
         149         151         174         172
         151         153         176         174
         162         164         187         185
         164         166         189         187
         166         168         191         189
         168         170         193         191
         170         172         195         193
         172         174         197         195
         174         176         199         197
         185         187         210         208
         187         189         212         210
         189         191         214         212
         191         193         216         214
         193         195         218         216
         195         197         220         218
         197         199         222         220
         208         210         233         231
         210         212         235         233
         212         214         237         235
         214         216         239         237
         216         218         241         239
         218         220         243         241
         220         222         245         243
         231         233         256         254
         233         235         258         256
         235         237         260         258
         237         239         262         260
         239         241         264         262
         241         243         266         264
         243         245         268         266
         254         256         279         277
         256         258         281         279
         258         260         283         281
         260         262         285         283
         262         264         287         285
         264         266         289         287
         266         268         291         289
         277         279         302         300
         279         281         304         302
         281         283         306         304
         283         285         308         306
         285         287         310         308
         287         289         312         310
         289         291         314         312
         300         302         325         323
         302         304         327         325
         304         306         329         327
         306         308         331         329
         308         310         333         331
         310         312         335         333
         312         314         337         335
         323         325         348         346
         325         327         350         348
         327         329         352         350
         329         331         354         352
         331         333         356         354
         333         335         358         356
         335         337         360         358
         346         348         371         369
         348         350         373         371
         350         352         375         373
         352         354         377         375
         354         356         379         377
         356         358         381         379
         358         360         383         381
