 TITLE ="GEORGIA TECH TEST PIT GRID (LINEAR ELASTIC/ANISOTROPIC RUN)                     "
 VARIABLES = "R","Z","DISP_R","DISP_Z","EPSR","EPSTH","EPSZ","EPSRZ","SIGMAR","SIGMATH","SIGMAZ","SIGMARZ"
 ZONE T="GEOMETRY & DISP", N=  383, E=  112, F=FEPOINT, ET=QUADRILATERAL
  0.00000000  0.00000000  0.00000000  0.00000000     0.0000000     0.0000000    -0.0001597     0.0000000    -3.4228973    -3.4228973    -5.1343456     0.0000000
  0.69999999  0.00000000  0.00000000  0.00000000     0.0000000     0.0000000    -0.0001597     0.0000019    -3.4230803    -3.4230803    -5.1346201     0.0102083
  1.39999998  0.00000000  0.00000000  0.00000000     0.0000000     0.0000000    -0.0001597     0.0000038    -3.4220882    -3.4220882    -5.1331319     0.0204025
  2.97499990  0.00000000  0.00000000  0.00000000     0.0000000     0.0000000    -0.0001596     0.0000081    -3.4207782    -3.4207782    -5.1311669     0.0432348
  4.55000019  0.00000000  0.00000000  0.00000000     0.0000000     0.0000000    -0.0001593     0.0000123    -3.4136711    -3.4136711    -5.1205063     0.0657384
  7.05000019  0.00000000  0.00000000  0.00000000     0.0000000     0.0000000    -0.0001588     0.0000187    -3.4029133    -3.4029133    -5.1043696     0.1003275
  9.55000019  0.00000000  0.00000000  0.00000000     0.0000000     0.0000000    -0.0001577     0.0000248    -3.3794633    -3.3794633    -5.0691946     0.1330978
 13.55000019  0.00000000  0.00000000  0.00000000     0.0000000     0.0000000    -0.0001566     0.0000335    -3.3554515    -3.3554515    -5.0331769     0.1795403
 17.54999924  0.00000000  0.00000000  0.00000000     0.0000000     0.0000000    -0.0001544     0.0000407    -3.3076742    -3.3076742    -4.9615109     0.2180811
 25.04999924  0.00000000  0.00000000  0.00000000     0.0000000     0.0000000    -0.0001495     0.0000493    -3.2041159    -3.2041159    -4.8061735     0.2642570
 32.54999924  0.00000000  0.00000000  0.00000000     0.0000000     0.0000000    -0.0001450     0.0000522    -3.1063606    -3.1063606    -4.6595406     0.2797207
 42.54999924  0.00000000  0.00000000  0.00000000     0.0000000     0.0000000    -0.0001362     0.0000459    -2.9187136    -2.9187136    -4.3780701     0.2457912
 52.54999924  0.00000000  0.00000000  0.00000000     0.0000000     0.0000000    -0.0001324     0.0000350    -2.8376286    -2.8376286    -4.2564426     0.1877108
 65.05000305  0.00000000  0.00000000  0.00000000     0.0000000     0.0000000    -0.0001275     0.0000172    -2.7313720    -2.7313720    -4.0970577     0.0919677
 77.55000305  0.00000000  0.00000000  0.00000000     0.0000000     0.0000000    -0.0001267     0.0000000    -2.7142544    -2.7142544    -4.0713814     0.0000000
  0.00000000 10.00000000  0.00000000 -0.00171259     0.0000252     0.0000252    -0.0001828    -0.0000002    -2.5677822    -2.5677822    -4.7959634    -0.0008786
  1.39999998 10.00000000  0.00003520 -0.00171172     0.0000251     0.0000251    -0.0001826     0.0000044    -2.5670675    -2.5670069    -4.7933325     0.0236291
  4.55000019 10.00000000  0.00011326 -0.00170330     0.0000244     0.0000249    -0.0001814     0.0000145    -2.5677782    -2.5627481    -4.7725452     0.0778062
  9.55000019 10.00000000  0.00022874 -0.00167198     0.0000217     0.0000240    -0.0001767     0.0000290    -2.5755511    -2.5513733    -4.7010758     0.1554208
 17.54999924 10.00000000  0.00037246 -0.00158913     0.0000139     0.0000212    -0.0001635     0.0000471    -2.6007706    -2.5224943    -4.5013189     0.2522987
 32.54999924 10.00000000  0.00046115 -0.00139211    -0.0000026     0.0000142    -0.0001335     0.0000537    -2.6403453    -2.4605118    -4.0422101     0.2876650
 52.54999924 10.00000000  0.00030093 -0.00119974    -0.0000126     0.0000057    -0.0001075     0.0000305    -2.5851271    -2.3891998    -3.6026165     0.1634413
 77.55000305 10.00000000  0.00000000 -0.00113094    -0.0000115     0.0000000    -0.0000995    -0.0000006    -2.5013967    -2.3784681    -3.4447734    -0.0030835
  0.00000000 20.00000000  0.00000000 -0.00365565     0.0000462     0.0000462    -0.0003124     0.0000004    -2.2665858    -2.2665858    -4.6137432     0.0013922
  0.69999999 20.00000000  0.00003234 -0.00365484     0.0000462     0.0000462    -0.0003123     0.0000059    -2.2676549    -2.2673734    -4.6136581     0.0178006
  1.39999998 20.00000000  0.00006463 -0.00365294     0.0000461     0.0000462    -0.0003120     0.0000120    -2.2656376    -2.2653614    -4.6096603     0.0365359
  2.97499990 20.00000000  0.00013674 -0.00364273     0.0000454     0.0000460    -0.0003110     0.0000247    -2.2708575    -2.2665673    -4.6020627     0.0752126
  4.55000019 20.00000000  0.00020761 -0.00362711     0.0000447     0.0000456    -0.0003090     0.0000378    -2.2656385    -2.2587342    -4.5789626     0.1152658
  7.05000019 20.00000000  0.00031623 -0.00358635     0.0000421     0.0000449    -0.0003052     0.0000567    -2.2810466    -2.2603026    -4.5471718     0.1721455
  9.55000019 20.00000000  0.00041806 -0.00353374     0.0000395     0.0000438    -0.0002990     0.0000751    -2.2755630    -2.2433025    -4.4818160     0.2291187
 13.55000019 20.00000000  0.00056162 -0.00341264     0.0000322     0.0000414    -0.0002878     0.0000992    -2.3081642    -2.2388139    -4.3768708     0.3020923
 17.54999924 20.00000000  0.00067567 -0.00326935     0.0000242     0.0000385    -0.0002733     0.0001176    -2.3298879    -2.2227253    -4.2375416     0.3589261
 25.04999924 20.00000000  0.00079531 -0.00296655     0.0000083     0.0000317    -0.0002364     0.0001257    -2.3086160    -2.1328136    -3.8568315     0.3821545
 32.54999924 20.00000000  0.00080030 -0.00266916    -0.0000064     0.0000246    -0.0002074     0.0001189    -2.3376485    -2.1051293    -3.5705785     0.3598585
 42.54999924 20.00000000  0.00069670 -0.00236011    -0.0000149     0.0000164    -0.0001721     0.0000868    -2.2059198    -1.9716025    -3.1528926     0.2658596
 52.54999924 20.00000000  0.00050293 -0.00215051    -0.0000226     0.0000096    -0.0001516     0.0000546    -2.1949525    -1.9539379    -2.9411160     0.1647656
 65.05000305 20.00000000  0.00024442 -0.00202888    -0.0000201     0.0000038    -0.0001404     0.0000244    -2.0848845    -1.9058266    -2.7783122     0.0741910
 77.55000305 20.00000000  0.00000000 -0.00199044    -0.0000190     0.0000000    -0.0001360    -0.0000003    -2.0585773    -1.9161564    -2.7318136    -0.0009473
  0.00000000 27.00000000  0.00000000 -0.00688696     0.0001091     0.0001091    -0.0005043    -0.0000003    -1.9839380    -1.9839380    -4.6130398    -0.0006215
  1.39999998 27.00000000  0.00015237 -0.00687982     0.0001088     0.0001088    -0.0005035     0.0000220    -1.9840063    -1.9839663    -4.6084135     0.0470520
  4.55000019 27.00000000  0.00048820 -0.00681325     0.0001045     0.0001073    -0.0004958     0.0000702    -1.9855693    -1.9737961    -4.5583620     0.1503834
  9.55000019 27.00000000  0.00096889 -0.00657603     0.0000876     0.0001015    -0.0004670     0.0001385    -2.0062941    -1.9470488    -4.3831418     0.2967988
 17.54999924 27.00000000  0.00150224 -0.00595360     0.0000418     0.0000856    -0.0003929     0.0002072    -2.0958481    -1.9083107    -3.9588905     0.4439444
 32.54999924 27.00000000  0.00158960 -0.00458421    -0.0000285     0.0000488    -0.0002542     0.0001683    -2.1266599    -1.7952804    -3.0940776     0.3606933
 52.54999924 27.00000000  0.00085645 -0.00354099    -0.0000413     0.0000163    -0.0001767     0.0000604    -1.9056584    -1.6587827    -2.4857664     0.1294037
 77.55000305 27.00000000  0.00000000 -0.00325304    -0.0000289     0.0000000    -0.0001611    -0.0000004    -1.7522356    -1.6283010    -2.3185169    -0.0008710
  0.00000000 34.00000000  0.00000000 -0.01071606     0.0001674     0.0001674    -0.0005817     0.0000005    -1.3981304    -1.3981304    -4.6086103     0.0010695
  0.69999999 34.00000000  0.00011701 -0.01071248     0.0001669     0.0001672    -0.0005813     0.0000155    -1.4041014    -1.4029398    -4.6105969     0.0332908
  1.39999998 34.00000000  0.00023364 -0.01070246     0.0001668     0.0001669    -0.0005802     0.0000323    -1.3975076    -1.3973305    -4.5991018     0.0692536
  2.97499990 34.00000000  0.00049387 -0.01065114     0.0001631     0.0001660    -0.0005764     0.0000672    -1.4207591    -1.4083157    -4.5901156     0.1439595
  4.55000019 34.00000000  0.00074741 -0.01056788     0.0001591     0.0001643    -0.0005689     0.0001029    -1.4235228    -1.4011784    -4.5434181     0.2204050
  7.05000019 34.00000000  0.00112678 -0.01035663     0.0001442     0.0001598    -0.0005523     0.0001550    -1.5094295    -1.4426572    -4.4946111     0.3322223
  9.55000019 34.00000000  0.00146864 -0.01007128     0.0001264     0.0001538    -0.0005271     0.0002036    -1.5744678    -1.4572395    -4.3754005     0.4362732
 13.55000019 34.00000000  0.00189261 -0.00947135     0.0000884     0.0001397    -0.0004741     0.0002531    -1.7303001    -1.5104040    -4.1408489     0.5423778
 17.54999924 34.00000000  0.00217558 -0.00876955     0.0000479     0.0001240    -0.0004172     0.0002887    -1.8974895    -1.5715422    -3.8908343     0.6186231
 25.04999924 34.00000000  0.00230945 -0.00738553    -0.0000070     0.0000922    -0.0003011     0.0002469    -1.8804359    -1.4553093    -3.1407439     0.5290575
 32.54999924 34.00000000  0.00207054 -0.00622819    -0.0000530     0.0000636    -0.0002180     0.0001843    -2.0052948    -1.5054081    -2.7123920     0.3950023
 42.54999924 34.00000000  0.00155854 -0.00520370    -0.0000530     0.0000366    -0.0001613     0.0001031    -1.7504709    -1.3661397    -2.2143062     0.2208977
 52.54999924 34.00000000  0.00100957 -0.00462382    -0.0000533     0.0000192    -0.0001327     0.0000411    -1.6583936    -1.3474544    -1.9984153     0.0880671
 65.05000305 34.00000000  0.00044508 -0.00432702    -0.0000404     0.0000068    -0.0001237     0.0000160    -1.5208151    -1.3184233    -1.8778749     0.0342054
 77.55000305 34.00000000  0.00000000 -0.00424514    -0.0000308     0.0000000    -0.0001225    -0.0000020    -1.4463048    -1.3141756    -1.8391342    -0.0043843
  0.00000000 38.00000000  0.00000000 -0.01323402     0.0002153     0.0002153    -0.0006853     0.0000000    -1.2611148    -1.2611148    -5.1208392    -0.0000951
  1.39999998 38.00000000  0.00030056 -0.01321280     0.0002146     0.0002147    -0.0006834     0.0000505    -1.2580312    -1.2578746    -5.1069363     0.1081737
  4.55000019 38.00000000  0.00095589 -0.01301679     0.0002025     0.0002101    -0.0006636     0.0001619    -1.2839539    -1.2513340    -4.9956791     0.3469861
  9.55000019 38.00000000  0.00184794 -0.01229792     0.0001533     0.0001935    -0.0005908     0.0003159    -1.4338919    -1.2616464    -4.6227550     0.6768484
 17.54999924 38.00000000  0.00261234 -0.01043597     0.0000303     0.0001489    -0.0004105     0.0003860    -1.8528339    -1.3448336    -3.7420187     0.8272236
 32.54999924 38.00000000  0.00224109 -0.00703701    -0.0000704     0.0000689    -0.0001839     0.0001886    -1.8906450    -1.2939587    -2.3770100     0.4040599
 52.54999924 38.00000000  0.00099924 -0.00511385    -0.0000535     0.0000190    -0.0001124     0.0000256    -1.4875756    -1.1769569    -1.7400410     0.0549461
 77.55000305 38.00000000  0.00000000 -0.00470152    -0.0000294     0.0000000    -0.0001056    -0.0000027    -1.2827001    -1.1568892    -1.6095228    -0.0057131
  0.00000000 42.00000000  0.00000000 -0.01619865     0.0002895     0.0002895    -0.0007827    -0.0000006    -0.5049543    -0.5049543    -5.1003142    -0.0013619
  0.69999999 42.00000000  0.00020244 -0.01619169     0.0002889     0.0002892    -0.0007823     0.0000351    -0.5125113    -0.5111340    -5.1033863     0.0752675
  1.39999998 42.00000000  0.00040444 -0.01616989     0.0002883     0.0002889    -0.0007802     0.0000720    -0.5045273    -0.5020928    -5.0839469     0.1542236
  2.97499990 42.00000000  0.00085071 -0.01606134     0.0002783     0.0002860    -0.0007742     0.0001554    -0.6069268    -0.5741623    -5.1177737     0.3330276
  4.55000019 42.00000000  0.00128111 -0.01587663     0.0002642     0.0002816    -0.0007591     0.0002338    -0.6969041    -0.6223236    -5.0823310     0.5010141
  7.05000019 42.00000000  0.00188594 -0.01542464     0.0002238     0.0002675    -0.0007196     0.0003536    -0.9978360    -0.8103954    -5.0407865     0.7577357
  9.55000019 42.00000000  0.00239997 -0.01479734     0.0001774     0.0002513    -0.0006645     0.0004595    -1.2606373    -0.9440658    -4.8691135     0.9845697
 13.55000019 42.00000000  0.00290688 -0.01348450     0.0000860     0.0002145    -0.0005298     0.0005058    -1.5965878    -1.0458670    -4.2360247     1.0837689
 17.54999924 42.00000000  0.00308819 -0.01205348    -0.0000011     0.0001760    -0.0004065     0.0005100    -1.9896269    -1.2309642    -3.7272667     1.0928084
 25.04999924 42.00000000  0.00286282 -0.00956157    -0.0000534     0.0001143    -0.0002433     0.0003419    -1.7914834    -1.0730209    -2.6053340     0.7326992
 32.54999924 42.00000000  0.00228784 -0.00769908    -0.0000919     0.0000703    -0.0001480     0.0001911    -1.8472056    -1.1521922    -2.0875797     0.4094170
 42.54999924 42.00000000  0.00152589 -0.00626210    -0.0000686     0.0000359    -0.0001044     0.0000796    -1.4691854    -1.0215112    -1.6225090     0.1705543
 52.54999924 42.00000000  0.00091592 -0.00552279    -0.0000509     0.0000174    -0.0000913     0.0000078    -1.2874506    -0.9948041    -1.4610012     0.0168165
 65.05000305 42.00000000  0.00038499 -0.00517439    -0.0000366     0.0000059    -0.0000876     0.0000013    -1.1712377    -0.9888587    -1.3896852     0.0028634
 77.55000305 42.00000000  0.00000000 -0.00509006    -0.0000250     0.0000000    -0.0000887    -0.0000038    -1.0810470    -0.9740666    -1.3541194    -0.0081777
  0.00000000 44.50000000  0.00000000 -0.01841372     0.0003793     0.0003793    -0.0010036    -0.0000009    -0.4736873    -0.4736873    -6.4005493    -0.0018777
  1.39999998 44.50000000  0.00052597 -0.01837352     0.0003760     0.0003757    -0.0009976     0.0001262    -0.4961189    -0.4974811    -6.3829633     0.2704862
  4.55000019 44.50000000  0.00164007 -0.01798922     0.0003333     0.0003605    -0.0009382     0.0003978    -0.6670499    -0.5505498    -6.1161593     0.8525096
  9.55000019 44.50000000  0.00293221 -0.01654735     0.0001733     0.0003070    -0.0007299     0.0006665    -1.3958326    -0.8228102    -5.2667600     1.4281098
 17.54999924 44.50000000  0.00345612 -0.01304076    -0.0000461     0.0001969    -0.0003751     0.0005941    -2.1200718    -1.0783784    -3.5298276     1.2731654
 32.54999924 44.50000000  0.00224738 -0.00803863    -0.0001002     0.0000690    -0.0001229     0.0001733    -1.7502086    -1.0246935    -1.8471862     0.3714004
 52.54999924 44.50000000  0.00082251 -0.00573651    -0.0000466     0.0000157    -0.0000804    -0.0000043    -1.1539946    -0.8871667    -1.2987021    -0.0091891
 77.55000305 44.50000000  0.00000000 -0.00530086    -0.0000215     0.0000000    -0.0000799    -0.0000044    -0.9611903    -0.8691861    -1.2117750    -0.0094201
  0.00000000 47.00000000  0.00000000 -0.02121665     0.0005468     0.0005468    -0.0014909     0.0000040    -0.2567440    -0.2567440    -6.5360654     0.0064537
  0.69999999 47.00000000  0.00038040 -0.02120054     0.0005401     0.0005434    -0.0014861     0.0001506    -0.3148923    -0.3042168    -6.5592353     0.2145252
  1.39999998 47.00000000  0.00075615 -0.02115783     0.0005321     0.0005401    -0.0014684     0.0003033    -0.3251175    -0.2994656    -6.4997680     0.4338166
  2.97499990 47.00000000  0.00155868 -0.02093257     0.0004883     0.0005239    -0.0014529     0.0006389    -0.6862150    -0.5716941    -6.6372047     0.9039983
  4.55000019 47.00000000  0.00229429 -0.02056757     0.0004290     0.0005042    -0.0013905     0.0009178    -0.9907177    -0.7487796    -6.5539342     1.3141681
  7.05000019 47.00000000  0.00316823 -0.01964078     0.0002870     0.0004494    -0.0012184     0.0012345    -1.6356738    -1.1137404    -6.2043614     1.7473240
  9.55000019 47.00000000  0.00372937 -0.01844676     0.0001490     0.0003905    -0.0010408     0.0014002    -2.2058175    -1.4293807    -5.7608681     1.9932765
 13.55000019 47.00000000  0.00402232 -0.01618498     0.0000105     0.0002969    -0.0007070     0.0012395    -2.1994761    -1.2789648    -4.3374996     1.7773011
 17.54999924 47.00000000  0.00381312 -0.01392885    -0.0001109     0.0002173    -0.0004832     0.0010207    -2.4625787    -1.4076136    -3.5007619     1.4578801
 25.04999924 47.00000000  0.00298961 -0.01059247    -0.0001128     0.0001193    -0.0002502     0.0005644    -1.7640534    -1.0178978    -2.1233316     0.8084491
 32.54999924 47.00000000  0.00212125 -0.00831344    -0.0001096     0.0000652    -0.0001600     0.0002163    -1.5318144    -0.9699181    -1.6261304     0.3126977
 42.54999924 47.00000000  0.00126373 -0.00669641    -0.0000710     0.0000297    -0.0001186     0.0000726    -1.1495363    -0.8258927    -1.2493196     0.1015440
 52.54999924 47.00000000  0.00070146 -0.00592466    -0.0000404     0.0000133    -0.0001121    -0.0000305    -0.9339962    -0.7613709    -1.1196014    -0.0415111
 65.05000305 47.00000000  0.00028079 -0.00556646    -0.0000281     0.0000043    -0.0001123    -0.0000120    -0.8716982    -0.7676358    -1.0959517    -0.0177088
 77.55000305 47.00000000  0.00000000 -0.00548974    -0.0000169     0.0000000    -0.0001110    -0.0000051    -0.7910381    -0.7368217    -1.0510161    -0.0082319
  0.00000000 48.50000000  0.00000000 -0.02451395     0.0009823     0.0009823    -0.0026534    -0.0000029    -0.8473273    -0.8473273    -8.6381671    -0.0031449
  1.39999998 48.50000000  0.00134991 -0.02439383     0.0009638     0.0009642    -0.0026078     0.0006281    -0.8479251    -0.8470082    -8.5012503     0.6729567
  4.55000019 48.50000000  0.00393144 -0.02347176     0.0006501     0.0008641    -0.0022158     0.0017437    -1.6138984    -1.1554643    -7.7551578     1.8682318
  9.55000019 48.50000000  0.00576420 -0.02042917     0.0000560     0.0006036    -0.0013513     0.0021251    -2.8448073    -1.6713260    -5.8603691     2.2769217
 17.54999924 48.50000000  0.00493759 -0.01482214    -0.0002169     0.0002813    -0.0005601     0.0012875    -2.5885700    -1.5209945    -3.3239964     1.3794450
 32.54999924 48.50000000  0.00217441 -0.00862055    -0.0001376     0.0000668    -0.0001865     0.0002314    -1.3973713    -0.9593973    -1.5021380     0.2478956
 52.54999924 48.50000000  0.00057145 -0.00614577    -0.0000400     0.0000109    -0.0001408    -0.0000553    -0.8137693    -0.7048310    -1.0298656    -0.0592562
 77.55000305 48.50000000  0.00000000 -0.00570864    -0.0000137     0.0000000    -0.0001410    -0.0000043    -0.6920757    -0.6627515    -0.9648030    -0.0045737
  0.00000000 50.00000000  0.00000000 -0.02917696     0.0015928     0.0015928    -0.0019616     0.0000004     1.5906702     1.5906702    -9.5874264     0.0025230
  0.69999999 50.00000000  0.00110467 -0.02912784     0.0015633     0.0015781    -0.0019561     0.0002566     1.4834643     1.5050486    -9.7168702     0.5167375
  1.39999998 50.00000000  0.00218869 -0.02898110     0.0015250     0.0015633    -0.0019299     0.0005183     1.3983466     1.4545353    -9.5134495     1.0257483
  2.97499990 50.00000000  0.00435495 -0.02828977     0.0012347     0.0014638    -0.0017594     0.0009624     0.8224563     1.1577464    -9.1490948     1.9016351
  4.55000019 50.00000000  0.00607815 -0.02721498     0.0008699     0.0013359    -0.0015415     0.0013544     0.0884577     0.7704201    -8.5562050     2.8177106
  7.05000019 50.00000000  0.00751023 -0.02498056     0.0003593     0.0010653    -0.0011690     0.0014194    -0.8863043     0.1468422    -7.2646322     2.7432431
  9.55000019 50.00000000  0.00787487 -0.02250067    -0.0000987     0.0008246    -0.0008073     0.0013678    -1.6227532    -0.2714348    -6.0292015     2.8067671
 13.55000019 50.00000000  0.00710757 -0.01875910    -0.0002538     0.0005245    -0.0004940     0.0010094    -1.6345527    -0.4954477    -4.2353705     1.9314840
 17.54999924 50.00000000  0.00584453 -0.01560902    -0.0003366     0.0003330    -0.0002947     0.0006745    -1.5705009    -0.5904989    -3.1597483     1.3252469
 25.04999924 50.00000000  0.00381168 -0.01141201    -0.0002466     0.0001522    -0.0001378     0.0003453    -1.0502273    -0.4666120    -1.8112909     0.6948992
 32.54999924 50.00000000  0.00214531 -0.00887287    -0.0001593     0.0000659    -0.0000956     0.0000935    -0.7680510    -0.4384176    -1.3519607     0.1409846
 42.54999924 50.00000000  0.00111120 -0.00712730    -0.0000859     0.0000261    -0.0000754     0.0000258    -0.5181674    -0.3542004    -1.0256745     0.0678426
 52.54999924 50.00000000  0.00042688 -0.00634708    -0.0000376     0.0000081    -0.0000784    -0.0000394    -0.3993390    -0.3324428    -0.9399028    -0.0985387
 65.05000305 50.00000000  0.00016872 -0.00599867    -0.0000171     0.0000026    -0.0000807    -0.0000132    -0.3469277    -0.3181423    -0.9154264    -0.0219599
 77.55000305 50.00000000  0.00000000 -0.00591262    -0.0000099     0.0000000    -0.0000795    -0.0000036    -0.3230652    -0.3085474    -0.8835233    -0.0212867
  0.00000000 50.09999847  0.00000000 -0.02921304     0.0015816     0.0015816    -0.0003625    -0.0000016     1.3766666     1.3766666   -10.0275703    -0.0167898
  1.39999998 50.09999847  0.00216863 -0.02901645     0.0015103     0.0015490    -0.0003557     0.0000997     1.3140485     1.3444243    -9.8609028     1.0685461
  4.55000019 50.09999847  0.00602407 -0.02724586     0.0008612     0.0013240    -0.0003099     0.0002864     0.7436214     1.1065177    -8.7989938     3.0694031
  9.55000019 50.09999847  0.00780014 -0.02252105    -0.0000986     0.0008168    -0.0002037     0.0002794    -0.0993470     0.6184356    -6.0987845     2.9945878
 17.54999924 50.09999847  0.00578781 -0.01561904    -0.0003335     0.0003298    -0.0000999     0.0001250    -0.3054668     0.2146357    -3.1461887     1.3399264
 32.54999924 50.09999847  0.00212361 -0.00887698    -0.0001577     0.0000652    -0.0000409     0.0000084    -0.1501800     0.0246691    -1.3284406     0.0898143
 52.54999924 50.09999847  0.00042230 -0.00635000    -0.0000372     0.0000080    -0.0000290    -0.0000117    -0.0445231    -0.0090744    -0.9252415    -0.1253816
 77.55000305 50.09999847  0.00000000 -0.00591539    -0.0000098     0.0000000    -0.0000277    -0.0000036    -0.0206763    -0.0129924    -0.8748551    -0.0385842
  0.00000000 50.20000076  0.00000000 -0.02924945     0.0015703     0.0015703    -0.0003706    -0.0000037     1.3621733     1.3621733   -10.2939221    -0.0391480
  0.69999999 50.20000076  0.00108675 -0.02920143     0.0015347     0.0015525    -0.0003705     0.0000486     1.3293479     1.3432935   -10.3145139     0.5211840
  1.39999998 50.20000076  0.00214861 -0.02905225     0.0014956     0.0015347    -0.0003595     0.0001042     1.2981885     1.3288411    -9.9938922     1.1170950
  2.97499990 50.20000076  0.00427900 -0.02835767     0.0012132     0.0014383    -0.0003428     0.0001845     1.0486695     1.2252367    -9.6335197     1.9777920
  4.55000019 50.20000076  0.00597005 -0.02727695     0.0008525     0.0013121    -0.0003123     0.0002904     0.7338247     1.0942302    -8.8843518     3.1125341
  7.05000019 50.20000076  0.00737236 -0.02503047     0.0003511     0.0010457    -0.0002501     0.0002582     0.2962117     0.8409427    -7.2632925     2.7677734
  9.55000019 50.20000076  0.00772535 -0.02254141    -0.0000984     0.0008089    -0.0002036     0.0002813    -0.0999014     0.6116175    -6.0993804     3.0149012
 13.55000019 50.20000076  0.00697041 -0.01878617    -0.0002493     0.0005144    -0.0001352     0.0001777    -0.2298294     0.3690458    -4.1402747     1.9042709
 17.54999924 50.20000076  0.00573103 -0.01562900    -0.0003303     0.0003266    -0.0000993     0.0001249    -0.3027352     0.2123709    -3.1259587     1.3388009
 25.04999924 50.20000076  0.00373527 -0.01142315    -0.0002419     0.0001491    -0.0000554     0.0000676    -0.2225823     0.0840697    -1.7852939     0.7251130
 32.54999924 50.20000076  0.00210189 -0.00888105    -0.0001561     0.0000646    -0.0000405     0.0000080    -0.1486384     0.0244369    -1.3132878     0.0861334
 42.54999924 50.20000076  0.00108759 -0.00713363    -0.0000842     0.0000256    -0.0000314     0.0000084    -0.0852070     0.0008695    -1.0136228     0.0899884
 52.54999924 50.20000076  0.00041772 -0.00635288    -0.0000368     0.0000079    -0.0000287    -0.0000118    -0.0440484    -0.0089950    -0.9166647    -0.1268156
 65.05000305 50.20000076  0.00016492 -0.00600440    -0.0000167     0.0000025    -0.0000284    -0.0000016    -0.0268427    -0.0117521    -0.9012743    -0.0172193
 77.55000305 50.20000076  0.00000000 -0.00591815    -0.0000097     0.0000000    -0.0000274    -0.0000036    -0.0204747    -0.0128857    -0.8679289    -0.0384644
  0.00000000 50.85000229  0.00000000 -0.02950195     0.0014845     0.0014845    -0.0004014    -0.0000009     1.2654340     1.2654340   -11.3369571    -0.0095737
  1.39999998 50.85000229  0.00202173 -0.02929551     0.0014074     0.0014441    -0.0003896     0.0001147     1.1992364     1.2279740   -11.0187673     1.2292118
  4.55000019 50.85000229  0.00561978 -0.02748488     0.0007964     0.0012351    -0.0003271     0.0003081     0.6709939     1.0149806    -9.4099166     3.3028084
  9.55000019 50.85000229  0.00723827 -0.02267330    -0.0000976     0.0007579    -0.0002021     0.0002895    -0.1032437     0.5676200    -6.0729119     3.1029988
 17.54999924 50.85000229  0.00536040 -0.01569241    -0.0003098     0.0003054    -0.0000960     0.0001253    -0.2852820     0.1971578    -3.0251837     1.3425570
 32.54999924 50.85000229  0.00196005 -0.00890657    -0.0001458     0.0000602    -0.0000382     0.0000073    -0.1389602     0.0225634    -1.2398159     0.0785615
 52.54999924 50.85000229  0.00038779 -0.00637100    -0.0000341     0.0000074    -0.0000271    -0.0000121    -0.0410070    -0.0085154    -0.8632707    -0.1295145
 77.55000305 50.85000229  0.00000000 -0.00593548    -0.0000089     0.0000000    -0.0000259    -0.0000035    -0.0191091    -0.0121312    -0.8184393    -0.0377431
  0.00000000 51.50000000  0.00000000 -0.02977121     0.0013987     0.0013987    -0.0004294    -0.0000004     1.1699755     1.1699755   -12.2948416    -0.0045409
  0.69999999 51.50000000  0.00096330 -0.02971825     0.0013536     0.0013761    -0.0004260     0.0000556     1.1297578     1.1474610   -12.2163054     0.5954589
  1.39999998 51.50000000  0.00189500 -0.02955875     0.0013191     0.0013536    -0.0004183     0.0001257     1.1007949     1.1277991   -11.9994535     1.3474483
  2.97499990 51.50000000  0.00378563 -0.02883285     0.0010710     0.0012725    -0.0003890     0.0002085     0.8882800     1.0463061   -11.2224146     2.2345706
  4.55000019 51.50000000  0.00526852 -0.02770222     0.0007400     0.0011579    -0.0003433     0.0003287     0.6072357     0.9349323    -9.9769995     3.5234991
  7.05000019 51.50000000  0.00647341 -0.02536350     0.0002959     0.0009182    -0.0002613     0.0002848     0.2310879     0.7190565    -7.6945686     3.0526528
  9.55000019 51.50000000  0.00674820 -0.02280414    -0.0000969     0.0007066    -0.0002013     0.0002987    -0.1070726     0.5230154    -6.0694315     3.2019357
 13.55000019 51.50000000  0.00607261 -0.01895912    -0.0002201     0.0004482    -0.0001307     0.0001864    -0.2084443     0.3155837    -4.0159438     1.9977639
 17.54999924 51.50000000  0.00498740 -0.01575387    -0.0002892     0.0002842    -0.0000928     0.0001255    -0.2677509     0.1818386    -2.9242529     1.3447150
 25.04999924 51.50000000  0.00323572 -0.01149202    -0.0002113     0.0001292    -0.0000505     0.0000686    -0.1954392     0.0715587    -1.6270036     0.7357579
 32.54999924 51.50000000  0.00181765 -0.00893071    -0.0001353     0.0000558    -0.0000359     0.0000065    -0.1292006     0.0207015    -1.1648858     0.0692053
 42.54999924 51.50000000  0.00093365 -0.00717203    -0.0000730     0.0000219    -0.0000277     0.0000084    -0.0740983     0.0003475    -0.8944847     0.0898078
 52.54999924 51.50000000  0.00035777 -0.00638805    -0.0000313     0.0000068    -0.0000254    -0.0000124    -0.0379486    -0.0080309    -0.8094993    -0.1328550
 65.05000305 51.50000000  0.00014017 -0.00603926    -0.0000143     0.0000022    -0.0000252    -0.0000016    -0.0233554    -0.0104437    -0.7981414    -0.0173563
 77.55000305 51.50000000  0.00000000 -0.00595179    -0.0000081     0.0000000    -0.0000243    -0.0000035    -0.0177400    -0.0113757    -0.7689016    -0.0370411
  0.00000000 52.15000153  0.00000000 -0.03006217     0.0013049     0.0013049    -0.0004636     0.0000020     1.0639452     1.0639452   -13.4526435     0.0218079
  1.39999998 52.15000153  0.00177015 -0.02984060     0.0012334     0.0012644    -0.0004510     0.0001338     1.0030331     1.0272995   -13.1046144     1.4345624
  4.55000019 52.15000153  0.00491433 -0.02793156     0.0006843     0.0010801    -0.0003607     0.0003437     0.5435069     0.8538468   -10.5828990     3.6842061
  9.55000019 52.15000153  0.00625492 -0.02293480    -0.0000958     0.0006550    -0.0002000     0.0003056    -0.1103279     0.4783732    -6.0504021     3.2760930
 17.54999924 52.15000153  0.00461156 -0.01581307    -0.0002683     0.0002628    -0.0000896     0.0001256    -0.2499743     0.1664304    -2.8212194     1.3463940
 32.54999924 52.15000153  0.00167419 -0.00895325    -0.0001249     0.0000514    -0.0000336     0.0000057    -0.1194281     0.0188123    -1.0899808     0.0607581
 52.54999924 52.15000153  0.00032747 -0.00640399    -0.0000287     0.0000062    -0.0000237    -0.0000127    -0.0349083    -0.0075529    -0.7557456    -0.1358700
 77.55000305 52.15000153  0.00000000 -0.00596709    -0.0000073     0.0000000    -0.0000228    -0.0000034    -0.0163819    -0.0106219    -0.7194187    -0.0363892
  0.00000000 52.79999924  0.00000000 -0.03037388     0.0012091     0.0012091    -0.0004843     0.0000032     2.4678473     2.4678473   -14.5476130     0.0382347
  0.69999999 52.79999924  0.00083386 -0.03031555     0.0011733     0.0011912    -0.0004804     0.0000565     2.3905972     2.4227880   -14.4616446     0.6714943
  1.39999998 52.79999924  0.00164268 -0.03014503     0.0011460     0.0011733    -0.0004710     0.0001292     2.3379652     2.3871041   -14.1677504     1.5360782
  2.97499990 52.79999924  0.00327933 -0.02937259     0.0009238     0.0011023    -0.0004288     0.0002066     1.8837194     2.2050301   -12.9980283     2.4502790
  4.55000019 52.79999924  0.00455259 -0.02817112     0.0006281     0.0010006    -0.0003665     0.0003287     1.2853074     1.9556807   -11.2187303     3.9039858
  7.05000019 52.79999924  0.00555769 -0.02571032     0.0002409     0.0007883    -0.0002605     0.0002769     0.5048586     1.4901793    -8.0860734     3.2840448
  9.55000019 52.79999924  0.00575706 -0.02306410    -0.0000942     0.0006028    -0.0001873     0.0002855    -0.1943428     1.0602648    -6.0567077     3.3913927
 13.55000019 52.79999924  0.00516209 -0.01912575    -0.0001905     0.0003810    -0.0001159     0.0001742    -0.3973175     0.6311964    -3.8671096     2.0666718
 17.54999924 52.79999924  0.00423336 -0.01587028    -0.0002471     0.0002412    -0.0000778     0.0001142    -0.5243917     0.3546137    -2.7292792     1.3552547
 25.04999924 52.79999924  0.00273111 -0.01155454    -0.0001802     0.0001090    -0.0000398     0.0000632    -0.3869215     0.1336744    -1.4652926     0.7503451
 32.54999924 52.79999924  0.00153022 -0.00897441    -0.0001143     0.0000470    -0.0000272     0.0000038    -0.2544787     0.0358996    -1.0202087     0.0440305
 42.54999924 52.79999924  0.00077890 -0.00720567    -0.0000617     0.0000183    -0.0000209     0.0000079    -0.1457618    -0.0018399    -0.7758654     0.0944832
 52.54999924 52.79999924  0.00029711 -0.00641886    -0.0000259     0.0000057    -0.0000195    -0.0000121    -0.0726202    -0.0157373    -0.7020146    -0.1440310
 65.05000305 52.79999924  0.00011535 -0.00606989    -0.0000119     0.0000018    -0.0000196    -0.0000014    -0.0441689    -0.0195868    -0.6957319    -0.0164194
 77.55000305 52.79999924  0.00000000 -0.00598137    -0.0000066     0.0000000    -0.0000189    -0.0000033    -0.0327904    -0.0209616    -0.6687398    -0.0400402
  0.00000000 53.45000076  0.00000000 -0.03068994     0.0011039     0.0011039    -0.0004994     0.0000046     3.5173334     3.5173334   -15.9537544     0.0608698
  1.39999998 53.45000076  0.00149948 -0.03045055     0.0010470     0.0010711    -0.0004838     0.0001334     3.3326882     3.4004173   -15.4898745     1.7721089
  4.55000019 53.45000076  0.00414731 -0.02840605     0.0005684     0.0009115    -0.0003663     0.0003355     1.8212250     2.7871803   -11.9380786     4.4576885
  9.55000019 53.45000076  0.00522178 -0.02317766    -0.0000901     0.0005468    -0.0001727     0.0002750    -0.2872611     1.5060978    -6.0394474     3.6532558
 17.54999924 53.45000076  0.00383782 -0.01591434    -0.0002244     0.0002187    -0.0000666     0.0001040    -0.7483357     0.4992309    -2.6363754     1.3820397
 32.54999924 53.45000076  0.00138381 -0.00898884    -0.0001033     0.0000425    -0.0000215     0.0000016    -0.3620125     0.0485326    -0.9503941     0.0212410
 52.54999924 53.45000076  0.00026760 -0.00642943    -0.0000232     0.0000051    -0.0000156    -0.0000116    -0.1022175    -0.0225857    -0.6479681    -0.1538864
 77.55000305 53.45000076  0.00000000 -0.00599178    -0.0000058     0.0000000    -0.0000154    -0.0000033    -0.0458669    -0.0295127    -0.6176976    -0.0436408
  0.00000000 54.09999847  0.00000000 -0.03102315     0.0009996     0.0009996    -0.0005254     0.0000054     3.0609084     3.0609084   -17.3325208     0.0721659
  0.69999999 54.09999847  0.00068931 -0.03095896     0.0009698     0.0009847    -0.0005224     0.0000680     2.9564217     2.9984266   -17.2916709     0.9031909
  1.39999998 54.09999847  0.00135774 -0.03077399     0.0009489     0.0009698    -0.0005092     0.0001519     2.8995353     2.9584594   -16.8312126     2.0186102
  2.97499990 54.09999847  0.00270906 -0.02993922     0.0007582     0.0009106    -0.0004555     0.0002404     2.3114082     2.7405966   -15.1377367     3.1939755
  4.55000019 54.09999847  0.00374600 -0.02864732     0.0005089     0.0008233    -0.0003810     0.0003790     1.5445883     2.4297047   -12.7674350     5.0352370
  7.05000019 54.09999847  0.00455576 -0.02603562     0.0001885     0.0006462    -0.0002499     0.0003048     0.5815937     1.8703441    -8.4415535     4.0500754
  9.55000019 54.09999847  0.00468848 -0.02328865    -0.0000865     0.0004909    -0.0001707     0.0002942    -0.3032098     1.3225893    -6.0475189     3.9092618
 13.55000019 54.09999847  0.00419536 -0.01925955    -0.0001559     0.0003096    -0.0000998     0.0001730    -0.5210862     0.7897200    -3.6752471     2.2984191
 17.54999924 54.09999847  0.00344108 -0.01595681    -0.0002018     0.0001961    -0.0000639     0.0001053    -0.6802914     0.4401005    -2.5309662     1.3994368
 25.04999924 54.09999847  0.00220572 -0.01159633    -0.0001470     0.0000881    -0.0000303     0.0000585    -0.4989172     0.1627759    -1.2963666     0.7769824
 32.54999924 54.09999847  0.00123677 -0.00900231    -0.0000922     0.0000380    -0.0000198     0.0000000    -0.3243959     0.0423025    -0.8752101    -0.0004540
 42.54999924 54.09999847  0.00062183 -0.00722708    -0.0000499     0.0000146    -0.0000151     0.0000071    -0.1865052    -0.0047460    -0.6574846     0.0949941
 52.54999924 54.09999847  0.00023798 -0.00643919    -0.0000204     0.0000045    -0.0000144    -0.0000122    -0.0909976    -0.0207669    -0.5944458    -0.1625776
 65.05000305 54.09999847  0.00009100 -0.00609063    -0.0000095     0.0000014    -0.0000147    -0.0000012    -0.0564272    -0.0256862    -0.5936533    -0.0162673
 77.55000305 54.09999847  0.00000000 -0.00600139    -0.0000050     0.0000000    -0.0000142    -0.0000032    -0.0411984    -0.0270069    -0.5684228    -0.0429608
  0.00000000 54.75000000  0.00000000 -0.03137633     0.0008940     0.0008940    -0.0005618     0.0000009     2.5811588     2.5811588   -19.1276725     0.0118432
  1.39999998 54.75000000  0.00121666 -0.03111547     0.0008505     0.0008690    -0.0005437     0.0001684     2.4502549     2.5025726   -18.5291394     2.2380425
  4.55000019 54.75000000  0.00334507 -0.02890213     0.0004498     0.0007352    -0.0003982     0.0004094     1.2649544     2.0683763   -13.6970196     5.4392144
  9.55000019 54.75000000  0.00415738 -0.02339920    -0.0000820     0.0004353    -0.0001676     0.0003076    -0.3143729     1.1421407    -6.0120817     4.0872240
 17.54999924 54.75000000  0.00304254 -0.01599735    -0.0001791     0.0001734    -0.0000611     0.0001062    -0.6113513     0.3809895    -2.4196635     1.4106797
 32.54999924 54.75000000  0.00108807 -0.00901463    -0.0000812     0.0000334    -0.0000182    -0.0000015    -0.2868689     0.0358831    -0.8003271    -0.0200953
 52.54999924 54.75000000  0.00020771 -0.00644813    -0.0000177     0.0000040    -0.0000131    -0.0000128    -0.0799992    -0.0190278    -0.5411153    -0.1705765
 77.55000305 54.75000000  0.00000000 -0.00601023    -0.0000043     0.0000000    -0.0000130    -0.0000032    -0.0366551    -0.0245262    -0.5193166    -0.0423736
  0.00000000 55.39999771  0.00000000 -0.03175346     0.0007861     0.0007861    -0.0007367    -0.0000036    16.8828170    16.8828170   -20.4585003    -0.0570872
  0.69999999 55.39999771  0.00054324 -0.03168652     0.0007660     0.0007761    -0.0007287     0.0000692    16.3997966    16.6017823   -20.3730869     1.0825367
  1.39999998 55.39999771  0.00107240 -0.03148074     0.0007501     0.0007660    -0.0007093     0.0001619    16.2081396    16.5263981   -19.5663018     2.5337646
  2.97499990 55.39999771  0.00213245 -0.03056450     0.0005917     0.0007168    -0.0006206     0.0002458    12.6622153    15.1741275   -17.4826673     3.8476556
  4.55000019 55.39999771  0.00293619 -0.02916494     0.0003907     0.0006453    -0.0005013     0.0003834     8.2966100    13.4086317   -14.4392615     6.0020919
  7.05000019 55.39999771  0.00354909 -0.02636102     0.0001379     0.0005034    -0.0003067     0.0003018     3.1663137    10.5055324    -8.6420027     4.7164684
  9.55000019 55.39999771  0.00362553 -0.02350650    -0.0000768     0.0003796    -0.0001800     0.0002820    -1.8512374     7.3122449    -6.0694210     4.4245393
 13.55000019 55.39999771  0.00322616 -0.01938434    -0.0001229     0.0002381    -0.0000905     0.0001576    -2.8372892     4.4096318    -3.4714823     2.4528815
 17.54999924 55.39999771  0.00264266 -0.01603620    -0.0001563     0.0001506    -0.0000429     0.0000916    -3.6999064     2.4617074    -2.3788425     1.4297387
 25.04999924 55.39999771  0.00167767 -0.01163325    -0.0001136     0.0000670    -0.0000105     0.0000526    -2.6937132     0.9314719    -1.1160233     0.8253327
 32.54999924 55.39999771  0.00093883 -0.00902599    -0.0000701     0.0000288    -0.0000050    -0.0000055    -1.7351257     0.2518391    -0.7759640    -0.0980733
 42.54999924 55.39999771  0.00046441 -0.00724503    -0.0000381     0.0000109    -0.0000041     0.0000076    -0.9819106     0.0016248    -0.5412120     0.1244864
 52.54999924 55.39999771  0.00017737 -0.00645625    -0.0000150     0.0000034    -0.0000065    -0.0000131    -0.4491256    -0.0806782    -0.4845834    -0.2112545
 65.05000305 55.39999771  0.00006667 -0.00610810    -0.0000071     0.0000010    -0.0000079    -0.0000007    -0.2766238    -0.1136064    -0.4992669    -0.0095011
 77.55000305 55.39999771  0.00000000 -0.00601826    -0.0000036     0.0000000    -0.0000078    -0.0000031    -0.1823057    -0.1105941    -0.4527350    -0.0505653
  0.00000000 56.04999924  0.00000000 -0.03230971     0.0006741     0.0006741    -0.0008367     0.0000038    24.2916045    24.2916045   -24.2549758     0.0714918
  1.39999998 56.04999924  0.00091483 -0.03201498     0.0006428     0.0006535    -0.0008055     0.0002289    23.1195716    23.5158177   -23.4120548     4.3188506
  4.55000019 56.04999924  0.00249590 -0.02953491     0.0003254     0.0005485    -0.0005463     0.0005422    11.4447256    19.7780797   -16.0534637    10.2296816
  9.55000019 56.04999924  0.00306406 -0.02362698    -0.0000712     0.0003208    -0.0001732     0.0003345    -3.4277245    11.2096259    -6.0002813     6.3116796
 17.54999924 56.04999924  0.00222368 -0.01605377    -0.0001315     0.0001267    -0.0000268     0.0000865    -5.8948515     3.7450270    -2.3713922     1.6328828
 32.54999924 56.04999924  0.00078387 -0.00902232    -0.0000586     0.0000241     0.0000046    -0.0000130    -2.7205286     0.3652569    -0.7619776    -0.2449592
 52.54999924 56.04999924  0.00014659 -0.00645703    -0.0000124     0.0000028    -0.0000013    -0.0000143    -0.6943169    -0.1286624    -0.4217089    -0.2700910
 77.55000305 56.04999924  0.00000000 -0.00602063    -0.0000029     0.0000000    -0.0000034    -0.0000031    -0.2835088    -0.1734428    -0.3825940    -0.0581877
  0.00000000 56.69999695  0.00000000 -0.03284110     0.0005909     0.0005909    -0.0008058     0.0000086    18.8832468    18.8832468   -27.2426416     0.1622447
  0.69999999 56.69999695  0.00040618 -0.03275979     0.0005696     0.0005803    -0.0007936     0.0001475    17.8588510    18.2557395   -27.2935681     2.7828406
  1.39999998 56.69999695  0.00079748 -0.03252790     0.0005588     0.0005696    -0.0007644     0.0003209    17.9952437    18.3995305   -25.5992784     6.0539378
  2.97499990 56.69999695  0.00158438 -0.03146986     0.0004300     0.0005326    -0.0006632     0.0005283    13.2385665    17.0684429   -22.7525148     9.9670310
  4.55000019 56.69999695  0.00215196 -0.02987515     0.0002636     0.0004730    -0.0005117     0.0007555     7.5426856    15.3612129   -17.7651827    14.2533679
  7.05000019 56.69999695  0.00254573 -0.02678267     0.0000786     0.0003611    -0.0002819     0.0005630     2.3494955    12.8963624    -8.6545797    10.6223184
  9.55000019 56.69999695  0.00254513 -0.02373167    -0.0000734     0.0002665    -0.0001517     0.0004282    -3.9237538     8.7666305    -6.1034253     8.0791148
 13.55000019 56.69999695  0.00222574 -0.01948371    -0.0000921     0.0001643    -0.0000650     0.0002210    -4.1576488     5.4136653    -2.9693005     4.1699471
 17.54999924 56.69999695  0.00180853 -0.01607106    -0.0001092     0.0001031    -0.0000247     0.0000945    -5.0242732     2.9024100    -2.2470380     1.7830911
 25.04999924 56.69999695  0.00113076 -0.01162740    -0.0000788     0.0000451     0.0000031     0.0000526    -3.5096232     1.1178835    -0.8591108     0.9920444
 32.54999924 56.69999695  0.00062664 -0.00901995    -0.0000472     0.0000193     0.0000032    -0.0000217    -2.2118557     0.2677894    -0.6636595    -0.4096814
 42.54999924 56.69999695  0.00030542 -0.00724078    -0.0000256     0.0000072     0.0000021     0.0000060    -1.2513732    -0.0287322    -0.4361668     0.1134352
 52.54999924 56.69999695  0.00011531 -0.00645788    -0.0000097     0.0000022    -0.0000013    -0.0000179    -0.5530193    -0.1093137    -0.3523998    -0.3376446
 65.05000305 56.69999695  0.00004322 -0.00611271    -0.0000046     0.0000007    -0.0000034    -0.0000005    -0.3649665    -0.1679315    -0.4141622    -0.0091093
 77.55000305 56.69999695  0.00000000 -0.00602274    -0.0000023     0.0000000    -0.0000030    -0.0000030    -0.2316273    -0.1456256    -0.3240434    -0.0567893
  0.00000000 57.34999847  0.00000000 -0.03337561     0.0005221     0.0005221    -0.0008314     0.0000065    12.7160337    12.7160337   -33.9276377     0.1223550
  1.39999998 57.34999847  0.00071025 -0.03303305     0.0004987     0.0005073    -0.0007982     0.0003882    12.1868079    12.5087514   -32.4492280     7.3244330
  4.55000019 57.34999847  0.00187653 -0.03020502     0.0002006     0.0004124    -0.0004921     0.0009096     3.3804870    11.2894183   -20.2436990    17.1607024
  9.55000019 57.34999847  0.00206392 -0.02382186    -0.0000817     0.0002161    -0.0001230     0.0004808    -4.4542053     6.6661364    -5.6863815     9.0706293
 17.54999924 57.34999847  0.00139389 -0.01608561    -0.0000874     0.0000794    -0.0000217     0.0000975    -4.1413421     2.0868017    -2.0528244     1.8399268
 32.54999924 57.34999847  0.00046155 -0.00901816    -0.0000360     0.0000142     0.0000017    -0.0000292    -1.7245014     0.1507823    -0.5827903    -0.5514358
 52.54999924 57.34999847  0.00008034 -0.00645867    -0.0000074     0.0000015    -0.0000013    -0.0000211    -0.4371974    -0.1031195    -0.3015659    -0.3977645
 77.55000305 57.34999847  0.00000000 -0.00602453    -0.0000019     0.0000000    -0.0000026    -0.0000029    -0.1930354    -0.1226303    -0.2737585    -0.0547815
  0.00000000 57.99999619  0.00000000 -0.03392195     0.0004669     0.0004669    -0.0007244    -0.0000067     7.85          7.85        -38.8843995    -0.3725232
  0.69999999 57.99999619  0.00032394 -0.03383518     0.0004586     0.0004628    -0.0007281     0.0001224     7.04          7.19        -40.6951466     3.7392233
  1.39999998 57.99999619  0.00064210 -0.03356550     0.0004503     0.0004586    -0.0007089     0.0002767     7.04          7.36        -37.2620085     8.7635026
  2.97499990 57.99999619  0.00124894 -0.03234703     0.0003203     0.0004198    -0.0005824     0.0004550     4.13          7.85        -33.0406946    13.9838100
  4.55000019 57.99999619  0.00165112 -0.03051483     0.0001397     0.0003629    -0.0003899     0.0006560    -0.07          8.26        -20.3135154    21.1172530
  7.05000019 57.99999619  0.00175043 -0.02709891    -0.0000095     0.0002483    -0.0001802     0.0004554    -2.63          6.99         -8.7247432    13.8733329
  9.55000019 57.99999619  0.00160369 -0.02389158    -0.0000942     0.0001679    -0.0000742     0.0003237    -5.0           4.7          -5.9757652    10.5306375
 13.55000019 57.99999619  0.00128698 -0.01954813    -0.0000779     0.0000950    -0.0000237     0.0001612    -3.67          2.79         -2.0868358     5.0079229
 17.54999924 57.99999619  0.00098052 -0.01609923    -0.0000668     0.0000559    -0.0000105     0.0000608    -3.45          1.19         -2.3596572     1.9151331
 25.04999924 57.99999619  0.00059033 -0.01162446    -0.0000457     0.0000236     0.0000064     0.0000351    -2.08          0.503        -0.5036467     1.1835953
 32.54999924 57.99999619  0.00029490 -0.00901769    -0.0000250     0.0000091     0.0000030    -0.0000217    -1.3           0.01         -0.7319180    -0.8251346
 42.54999924 57.99999619  0.00014788 -0.00723955    -0.0000125     0.0000035     0.0000019     0.0000041    -0.65         -0.05         -0.3220576     0.1822032
 52.54999924 57.99999619  0.00004508 -0.00645955    -0.0000051     0.0000009     0.0000002    -0.0000142    -0.27         -0.28         -0.2375456    -0.5129952
 65.05000305 57.99999619  0.00002037 -0.00611704    -0.0000018     0.0000003    -0.0000017    -0.0000001    -0.203        -0.124        -0.3533306     0.0043523
 77.55000305 57.99999619  0.00000000 -0.00602607    -0.0000015     0.0000000    -0.0000008    -0.0000002    -0.155        -0.101        -0.1466404    -0.1551226
  0.00000000 58.09999466  0.00000000 -0.03398035     0.0004379     0.0004379    -0.0005688    -0.0000082   147.4232663   147.4232663   -39.0068157    -0.7562499
  1.39999998 58.09999466  0.00059759 -0.03362177     0.0004207     0.0004269    -0.0005477     0.0001124   142.6853514   143.8300471   -36.6368907    10.4039178
  4.55000019 58.09999466  0.00153813 -0.03054589     0.0001283     0.0003381    -0.0003027     0.0002796    59.0987605    97.9495589   -20.7073761    25.8929946
  9.55000019 58.09999466  0.00149398 -0.02389710    -0.0000895     0.0001564    -0.0000535     0.0001262   -13.6512879    31.8841407    -6.9920902    11.6879730
 17.54999924 58.09999466  0.00090904 -0.01609933    -0.0000623     0.0000518    -0.0000012     0.0000214   -14.0560918     7.0695316    -2.7433118     1.9776946
 32.54999924 58.09999466  0.00027122 -0.00901709    -0.0000230     0.0000083     0.0000057    -0.0000117    -6.2077943    -0.4029910    -0.8953950    -1.0818842
 52.54999924 58.09999466  0.00004113 -0.00645938    -0.0000046     0.0000008     0.0000016    -0.0000067    -1.3426706    -0.3371370    -0.1796477    -0.6235794
 77.55000305 58.09999466  0.00000000 -0.00602600    -0.0000013     0.0000000     0.0000006    -0.0000028    -0.4067223    -0.1587246    -0.0467764    -0.2561116
  0.00000000 58.19999695  0.00000000 -0.03403571     0.0004098     0.0004098    -0.0005438    -0.0000097   135.4612295   135.4612295   -41.1375246    -0.8964264
  0.69999999 58.19999695  0.00028201 -0.03394893     0.0003959     0.0004029    -0.0005343     0.0000534   130.4732443   131.7560669   -41.7876887     4.9445417
  1.39999998 58.19999695  0.00055431 -0.03367504     0.0003918     0.0003959    -0.0005153     0.0001410   131.4082615   132.1796717   -36.5643764    13.0511362
  2.97499990 58.19999695  0.00108897 -0.03243936     0.0002775     0.0003660    -0.0004357     0.0002129    96.2736647   112.6757416   -35.8001016    19.7138150
  4.55000019 58.19999695  0.00142834 -0.03057537     0.0001169     0.0003139    -0.0002872     0.0003461    52.6768854    89.1635648   -22.1528457    32.0488587
  7.05000019 58.19999695  0.00151782 -0.02712664    -0.0000087     0.0002153    -0.0001291     0.0001906    15.1285831    56.6134776    -7.1566665    17.6512668
  9.55000019 58.19999695  0.00138471 -0.02390228    -0.0000850     0.0001450    -0.0000489     0.0001369   -13.3515703    29.2455119    -6.6584686    12.6774992
 13.55000019 58.19999695  0.00110334 -0.01955068    -0.0000684     0.0000814    -0.0000127     0.0000620   -12.5942825    15.1493075    -2.2843959     5.7384129
 17.54999924 58.19999695  0.00083761 -0.01609947    -0.0000578     0.0000477     0.0000002     0.0000189   -12.8087559     6.7243456    -2.0695425     1.7513362
 25.04999924 58.19999695  0.00049874 -0.01162239    -0.0000393     0.0000199     0.0000091     0.0000160    -9.5176448     1.4545234    -0.5478107     1.4852719
 32.54999924 58.19999695  0.00024751 -0.00901656    -0.0000210     0.0000076     0.0000054    -0.0000149    -5.6244059    -0.3206282    -0.7230807    -1.3806006
 42.54999924 58.19999695  0.00012284 -0.00723882    -0.0000105     0.0000029     0.0000034     0.0000034    -2.8716499    -0.3895489    -0.3033791     0.3194100
 52.54999924 58.19999695  0.00003718 -0.00645922    -0.0000042     0.0000007     0.0000013    -0.0000080    -1.2400091    -0.3342829    -0.2204423    -0.7396063
 65.05000305 58.19999695  0.00001693 -0.00611709    -0.0000015     0.0000003    -0.0000002     0.0000003    -0.5840253    -0.2604175    -0.3459649     0.0318995
 77.55000305 58.19999695  0.00000000 -0.00602595    -0.0000012     0.0000000     0.0000004    -0.0000027    -0.4064924    -0.1801577    -0.1082439    -0.2544566
  0.00000000 58.74999619  0.00000000 -0.03429826     0.0002517     0.0002517    -0.0004054     0.0000009    67.7910456    67.7910456   -53.9082924     0.0834631
  1.39999998 58.74999619  0.00034221 -0.03392520     0.0002498     0.0002444    -0.0003969     0.0001958    67.2907513    66.3010688   -52.4559670    18.1258124
  4.55000019 58.74999619  0.00088214 -0.03070979     0.0000569     0.0001939    -0.0002012     0.0005003    21.2448094    46.6112644   -26.5530741    46.3241778
  9.55000019 58.74999619  0.00079331 -0.02392251    -0.0000598     0.0000831    -0.0000260     0.0001587   -11.6779686    14.7869168    -5.4086158    14.6943532
 17.54999924 58.74999619  0.00044165 -0.01609894    -0.0000334     0.0000252    -0.0000001     0.0000166    -7.9843042     2.8566653    -1.8289491     1.5391320
 32.54999924 58.74999619  0.00011364 -0.00901431    -0.0000105     0.0000035     0.0000023    -0.0000190    -2.9422236    -0.3572119    -0.5721621    -1.7610912
 52.54999924 58.74999619  0.00001411 -0.00645880    -0.0000018     0.0000003     0.0000004    -0.0000094    -0.5779247    -0.1924506    -0.1636605    -0.8666878
 77.55000305 58.74999619  0.00000000 -0.00602586    -0.0000007     0.0000000     0.0000001    -0.0000027    -0.2413294    -0.1178220    -0.0953049    -0.2495928
  0.00000000 59.29999542  0.00000000 -0.03448170     0.0001061     0.0001061    -0.0002899     0.0000006     2.8616774     2.8616774   -70.4684701     0.0515422
  0.69999999 59.29999542  0.00007401 -0.03438898     0.0001054     0.0001057    -0.0002763     0.0000913     5.4256777     5.4933645   -65.2522861     8.4579094
  1.39999998 59.29999542  0.00014751 -0.03411157     0.0001182     0.0001054    -0.0002710     0.0002304    11.6636243     9.2782037   -60.4153285    21.3330032
  2.97499990 59.29999542  0.00030949 -0.03280407     0.0000738     0.0001040    -0.0002416     0.0004016    -0.0940624     5.4988311   -58.5023456    37.1872454
  4.55000019 59.29999542  0.00038007 -0.03079670    -0.0000026     0.0000835    -0.0001191     0.0006278    -8.7268348     7.2273554   -30.2894481    58.1331243
  7.05000019 59.29999542  0.00031085 -0.02720927    -0.0000343     0.0000441    -0.0000165     0.0003188    -7.8275600     6.6967628    -4.5330606    29.5148997
  9.55000019 59.29999542  0.00020837 -0.02393087    -0.0000388     0.0000218    -0.0000032     0.0001723   -11.5460067    -0.3165659    -4.9436945    15.9548815
 13.55000019 59.29999542  0.00010773 -0.01955554    -0.0000203     0.0000080     0.0000034     0.0000805    -5.6998585    -0.4638879    -1.3043353     7.4553843
 17.54999924 59.29999542  0.00004578 -0.01609962    -0.0000094     0.0000026     0.0000007     0.0000148    -3.0560755    -0.8284946    -1.1744276     1.3700581
 25.04999924 59.29999542 -0.00000158 -0.01161630    -0.0000044    -0.0000001     0.0000015     0.0000179    -1.4605163    -0.6505227    -0.3531481     1.6593397
 32.54999924 59.29999542 -0.00002077 -0.00901399     0.0000001    -0.0000006    -0.0000004    -0.0000214    -0.1886603    -0.3238138    -0.2807231    -1.9820786
 42.54999924 59.29999542 -0.00001351 -0.00723735     0.0000006    -0.0000003    -0.0000007     0.0000036     0.0205925    -0.1469214    -0.2135475     0.3370152
 52.54999924 59.29999542 -0.00000903 -0.00645876     0.0000006    -0.0000002    -0.0000005    -0.0000099     0.0789955    -0.0584646    -0.1232939    -0.9177601
 65.05000305 59.29999542 -0.00000158 -0.00611762     0.0000004     0.0000000    -0.0000007     0.0000005    -0.0147795    -0.0861539    -0.2140798     0.0473130
 77.55000305 59.29999542  0.00000000 -0.00602581    -0.0000001     0.0000000    -0.0000002    -0.0000026    -0.0917111    -0.0714882    -0.1125408    -0.2434290
  0.00000000 59.84999466  0.00000000 -0.03461185    -0.0000397    -0.0000397    -0.0001551     0.0000215   -58.0481378   -58.0481378   -79.4176716     1.9879977
  1.39999998 59.84999466 -0.00004742 -0.03422821    -0.0000121    -0.0000339    -0.0001630     0.0001861   -47.3776382   -51.4177445   -75.3355876    17.2358435
  4.55000019 59.84999466 -0.00011320 -0.03083993    -0.0000639    -0.0000249    -0.0000339     0.0006169   -38.3243400   -31.1065370   -32.7811603    57.1188515
  9.55000019 59.84999466 -0.00037656 -0.02392585    -0.0000161    -0.0000394     0.0000202     0.0001517   -10.6234101   -14.9417223    -3.9027489    14.0484649
 17.54999924 59.84999466 -0.00035273 -0.01609813     0.0000144    -0.0000201     0.0000016     0.0000095     1.7792966    -4.6102433    -0.5954647     0.8751213
 32.54999924 59.84999466 -0.00015657 -0.00901477     0.0000105    -0.0000048    -0.0000032    -0.0000221     2.4987549    -0.3410597    -0.0373893    -2.0505477
 52.54999924 59.84999466 -0.00003258 -0.00645937     0.0000029    -0.0000006    -0.0000015    -0.0000101     0.7076133     0.0582259    -0.0984150    -0.9319247
 77.55000305 59.84999466  0.00000000 -0.00602610     0.0000004     0.0000000    -0.0000006    -0.0000026     0.0449468    -0.0321801    -0.1368899    -0.2427789
  0.00000000 60.39999390  0.00000000 -0.03465235    -0.0001991    -0.0001991     0.0000122     0.0000169  -120.2590616  -120.2590616   -81.1238143     1.5627205
  0.69999999 60.39999390 -0.00013501 -0.03455608    -0.0001866    -0.0001929    -0.0000251     0.0000630  -121.9802258  -123.1345713   -92.0708677     5.8358373
  1.39999998 60.39999390 -0.00026129 -0.03429090    -0.0001517    -0.0001866    -0.0000538     0.0001430  -112.7969667  -119.2728846   -94.6732117    13.2451615
  2.97499990 60.39999390 -0.00045803 -0.03297904    -0.0001207    -0.0001540    -0.0000789     0.0003328   -98.7216416  -104.8851938   -90.9781478    30.8181399
  4.55000019 60.39999390 -0.00064142 -0.03083401    -0.0001250    -0.0001410     0.0000579     0.0005926   -68.0751642   -71.0408022   -34.2043721    54.8679367
  7.05000019 60.39999390 -0.00089564 -0.02716112    -0.0000657    -0.0001270     0.0001003     0.0002649   -32.1156824   -43.4833720    -1.3787735    24.5270212
  9.55000019 60.39999390 -0.00096970 -0.02390867     0.0000097    -0.0001015     0.0000456     0.0001189    -8.1969984   -28.7922248    -1.5384081    11.0050261
 13.55000019 60.39999390 -0.00088964 -0.01954290     0.0000271    -0.0000657     0.0000200     0.0000580     1.0150005   -16.1599250    -0.2890191     5.3743575
 17.54999924 60.39999390 -0.00075299 -0.01609788     0.0000387    -0.0000429     0.0000023     0.0000087     6.7543685    -8.3574433     0.0140474     0.8010668
 25.04999924 60.39999390 -0.00050219 -0.01161903     0.0000307    -0.0000200    -0.0000066     0.0000139     6.5639064    -2.8374682    -0.3513802     1.2896833
 32.54999924 60.39999390 -0.00029219 -0.00901748     0.0000210    -0.0000090    -0.0000060    -0.0000185     5.2067868    -0.3483472     0.2098790    -1.7142765
 42.54999924 60.39999390 -0.00014933 -0.00724032     0.0000118    -0.0000035    -0.0000047     0.0000031     2.9735138     0.1367385    -0.0760222     0.2858232
 52.54999924 60.39999390 -0.00005601 -0.00646037     0.0000052    -0.0000011    -0.0000025    -0.0000081     1.3105076     0.1503222    -0.1196834    -0.7502653
 65.05000305 60.39999390 -0.00001986 -0.00611866     0.0000022    -0.0000003    -0.0000011     0.0000005     0.5873173     0.1158762    -0.0381471     0.0463025
 77.55000305 60.39999390  0.00000000 -0.00602643     0.0000009     0.0000000    -0.0000010    -0.0000026     0.1603650    -0.0132390    -0.1981909    -0.2408337
  0.00000000 60.94999313  0.00000000 -0.03460650    -0.0003503    -0.0003503     0.0001501    -0.0000184  -183.7972832  -183.7972832   -91.1245431    -1.7043572
  1.39999998 60.94999313 -0.00048354 -0.03425959    -0.0003307    -0.0003454     0.0001565     0.0000777  -173.4805846  -176.2068879   -83.2632723     7.1981641
  4.55000019 60.94999313 -0.00126205 -0.03077544    -0.0001666    -0.0002774     0.0001525     0.0003825   -93.8199556  -114.3319887   -34.7193673    35.4184693
  9.55000019 60.94999313 -0.00158351 -0.02387737     0.0000341    -0.0001658     0.0000648     0.0000636    -8.1286978   -45.1513796    -2.4373937     5.8844941
 17.54999924 60.94999313 -0.00115207 -0.01609565     0.0000640    -0.0000656     0.0000028     0.0000034    12.0971999   -11.9065316     0.7736237     0.3181250
 32.54999924 60.94999313 -0.00042363 -0.00902136     0.0000319    -0.0000130    -0.0000089    -0.0000130     8.0566352    -0.2542342     0.5132169    -1.2037932
 52.54999924 60.94999313 -0.00007741 -0.00646214     0.0000078    -0.0000015    -0.0000036    -0.0000058     2.0257378     0.3164528    -0.0694028    -0.5347240
 77.55000305 60.94999313  0.00000000 -0.00602720     0.0000016     0.0000000    -0.0000014    -0.0000027     0.3270633     0.0337915    -0.2305161    -0.2467593
  0.00000000 61.49999237  0.00000000 -0.03448721    -0.0005238    -0.0005238     0.0002837    -0.0000279  -262.0211125  -262.0211125  -112.4965423    -2.5849653
  0.69999999 61.49999237 -0.00036756 -0.03440486    -0.0005264    -0.0005251     0.0003038     0.0000234  -259.0145257  -258.7698885  -105.2703167     2.1707206
  1.39999998 61.49999237 -0.00073696 -0.03411874    -0.0005379    -0.0005264     0.0003557     0.0000008  -252.6994630  -250.5768541   -87.2331088     0.0764450
  2.97499990 61.49999237 -0.00148858 -0.03292048    -0.0004077    -0.0005004     0.0001988     0.0000048  -228.7455212  -245.8964559  -116.4143903     0.4406665
  4.55000019 61.49999237 -0.00202137 -0.03066623    -0.0002132    -0.0004443     0.0002446     0.0001640  -128.6924076  -171.4731263   -43.9050201    15.1846127
  7.05000019 61.49999237 -0.00226690 -0.02699049    -0.0000388    -0.0003215     0.0002091    -0.0000231   -39.8499099   -92.2178603     6.0463902    -2.1413928
  9.55000019 61.49999237 -0.00221516 -0.02383734     0.0000715    -0.0002320     0.0000807     0.0000104    -3.9956544   -60.1882070    -2.2890317     0.9614930
 13.55000019 61.49999237 -0.00192456 -0.01951497     0.0000825    -0.0001420     0.0000321     0.0000070     9.3430983   -32.2340222     0.0124466     0.6483058
 17.54999924 61.49999237 -0.00155530 -0.01609477     0.0000903    -0.0000886     0.0000004    -0.0000062    17.1587619   -15.9709524     0.5108273    -0.5732748
 25.04999924 61.49999237 -0.00101094 -0.01163103     0.0000668    -0.0000404    -0.0000140     0.0000058    15.0492755    -4.7853753     0.1045964     0.5389621
 32.54999924 61.49999237 -0.00055405 -0.00902724     0.0000429    -0.0000170    -0.0000125    -0.0000107    10.8174861    -0.2717957     0.5641669    -0.9935263
 42.54999924 61.49999237 -0.00028700 -0.00724765     0.0000228    -0.0000067    -0.0000088     0.0000042     5.7767420     0.3098558    -0.0735820     0.3864683
 52.54999924 61.49999237 -0.00009853 -0.00646428     0.0000103    -0.0000019    -0.0000042    -0.0000051     2.8094974     0.5565512     0.1198636    -0.4691780
 65.05000305 61.49999237 -0.00003850 -0.00612010     0.0000039    -0.0000006    -0.0000017     0.0000008     1.0908954     0.2514768     0.0503386     0.0708235
 77.55000305 61.49999237  0.00000000 -0.00602800     0.0000022     0.0000000    -0.0000015    -0.0000027     0.5686514     0.1577944    -0.1178104    -0.2514315
           1           3          26          24
           3           5          28          26
           5           7          30          28
           7           9          32          30
           9          11          34          32
          11          13          36          34
          13          15          38          36
          24          26          49          47
          26          28          51          49
          28          30          53          51
          30          32          55          53
          32          34          57          55
          34          36          59          57
          36          38          61          59
          47          49          72          70
          49          51          74          72
          51          53          76          74
          53          55          78          76
          55          57          80          78
          57          59          82          80
          59          61          84          82
          70          72          95          93
          72          74          97          95
          74          76          99          97
          76          78         101          99
          78          80         103         101
          80          82         105         103
          82          84         107         105
          93          95         118         116
          95          97         120         118
          97          99         122         120
          99         101         124         122
         101         103         126         124
         103         105         128         126
         105         107         130         128
         116         118         141         139
         118         120         143         141
         120         122         145         143
         122         124         147         145
         124         126         149         147
         126         128         151         149
         128         130         153         151
         139         141         164         162
         141         143         166         164
         143         145         168         166
         145         147         170         168
         147         149         172         170
         149         151         174         172
         151         153         176         174
         162         164         187         185
         164         166         189         187
         166         168         191         189
         168         170         193         191
         170         172         195         193
         172         174         197         195
         174         176         199         197
         185         187         210         208
         187         189         212         210
         189         191         214         212
         191         193         216         214
         193         195         218         216
         195         197         220         218
         197         199         222         220
         208         210         233         231
         210         212         235         233
         212         214         237         235
         214         216         239         237
         216         218         241         239
         218         220         243         241
         220         222         245         243
         231         233         256         254
         233         235         258         256
         235         237         260         258
         237         239         262         260
         239         241         264         262
         241         243         266         264
         243         245         268         266
         254         256         279         277
         256         258         281         279
         258         260         283         281
         260         262         285         283
         262         264         287         285
         264         266         289         287
         266         268         291         289
         277         279         302         300
         279         281         304         302
         281         283         306         304
         283         285         308         306
         285         287         310         308
         287         289         312         310
         289         291         314         312
         300         302         325         323
         302         304         327         325
         304         306         329         327
         306         308         331         329
         308         310         333         331
         310         312         335         333
         312         314         337         335
         323         325         348         346
         325         327         350         348
         327         329         352         350
         329         331         354         352
         331         333         356         354
         333         335         358         356
         335         337         360         358
         346         348         371         369
         348         350         373         371
         350         352         375         373
         352         354         377         375
         354         356         379         377
         356         358         381         379
         358         360         383         381
