 TITLE ="GEORGIA TECH TEST PIT GRID (LINEAR ELASTIC/ISOTROPIC RUN)                       "
 VARIABLES = "R","Z","DISP_R","DISP_Z","EPSR","EPSTH","EPSZ","EPSRZ","SIGMAR","SIGMATH","SIGMAZ","SIGMARZ"
 ZONE T="GEOMETRY & DISP", N=  383, E=  112, F=FEPOINT, ET=QUADRILATERAL
  0.00000000  0.00000000  0.00000000  0.00000000     0.0000000     0.0000000    -0.0003295     0.0000000    -3.3416096    -3.3416096    -5.0124143     0.0000000
  0.69999999  0.00000000  0.00000000  0.00000000     0.0000000     0.0000000    -0.0003295     0.0000030    -3.3417483    -3.3417483    -5.0126224     0.0076917
  1.39999998  0.00000000  0.00000000  0.00000000     0.0000000     0.0000000    -0.0003294     0.0000061    -3.3409675    -3.3409675    -5.0114513     0.0153726
  2.97499990  0.00000000  0.00000000  0.00000000     0.0000000     0.0000000    -0.0003293     0.0000128    -3.3397483    -3.3397483    -5.0096224     0.0325255
  4.55000019  0.00000000  0.00000000  0.00000000     0.0000000     0.0000000    -0.0003288     0.0000195    -3.3340036    -3.3340036    -5.0010054     0.0494537
  7.05000019  0.00000000  0.00000000  0.00000000     0.0000000     0.0000000    -0.0003280     0.0000297    -3.3263097    -3.3263097    -4.9894646     0.0753261
  9.55000019  0.00000000  0.00000000  0.00000000     0.0000000     0.0000000    -0.0003262     0.0000394    -3.3083645    -3.3083645    -4.9625468     0.0999513
 13.55000019  0.00000000  0.00000000  0.00000000     0.0000000     0.0000000    -0.0003241     0.0000531    -3.2870694    -3.2870694    -4.9306042     0.1346496
 17.54999924  0.00000000  0.00000000  0.00000000     0.0000000     0.0000000    -0.0003202     0.0000648    -3.2471129    -3.2471129    -4.8706694     0.1642022
 25.04999924  0.00000000  0.00000000  0.00000000     0.0000000     0.0000000    -0.0003114     0.0000781    -3.1576103    -3.1576103    -4.7364155     0.1979739
 32.54999924  0.00000000  0.00000000  0.00000000     0.0000000     0.0000000    -0.0003029     0.0000836    -3.0718491    -3.0718491    -4.6077737     0.2120719
 42.54999924  0.00000000  0.00000000  0.00000000     0.0000000     0.0000000    -0.0002881     0.0000742    -2.9219665    -2.9219665    -4.3829497     0.1881597
 52.54999924  0.00000000  0.00000000  0.00000000     0.0000000     0.0000000    -0.0002806     0.0000580    -2.8457125    -2.8457125    -4.2685687     0.1471428
 65.05000305  0.00000000  0.00000000  0.00000000     0.0000000     0.0000000    -0.0002712     0.0000290    -2.7498500    -2.7498500    -4.1247750     0.0734220
 77.55000305  0.00000000  0.00000000  0.00000000     0.0000000     0.0000000    -0.0002700     0.0000000    -2.7380735    -2.7380735    -4.1071102     0.0000000
  0.00000000 10.00000000  0.00000000 -0.00339906     0.0000382     0.0000382    -0.0003503    -0.0000003    -2.5836181    -2.5836181    -4.5537562    -0.0006983
  1.39999998 10.00000000  0.00005342 -0.00339763     0.0000381     0.0000382    -0.0003501     0.0000066    -2.5836331    -2.5833908    -4.5520938     0.0166369
  4.55000019 10.00000000  0.00017175 -0.00338378     0.0000369     0.0000377    -0.0003480     0.0000215    -2.5845492    -2.5804509    -4.5364847     0.0543927
  9.55000019 10.00000000  0.00034629 -0.00333362     0.0000326     0.0000363    -0.0003405     0.0000428    -2.5893347    -2.5708325    -4.4812895     0.1085371
 17.54999924 10.00000000  0.00056396 -0.00320183     0.0000210     0.0000321    -0.0003202     0.0000693    -2.6019370    -2.5454214    -4.3319282     0.1755926
 32.54999924 10.00000000  0.00070642 -0.00288844    -0.0000027     0.0000217    -0.0002748     0.0000795    -2.6082625    -2.4843373    -3.9877483     0.2016493
 52.54999924 10.00000000  0.00047901 -0.00256581    -0.0000187     0.0000091    -0.0002326     0.0000482    -2.5502851    -2.4093137    -3.6347717     0.1220906
 77.55000305 10.00000000  0.00000000 -0.00243389    -0.0000191     0.0000000    -0.0002168    -0.0000014    -2.4885940    -2.3919160    -3.4911960    -0.0034395
  0.00000000 20.00000000  0.00000000 -0.00700623     0.0000661     0.0000661    -0.0003651     0.0000006    -2.0256423    -2.0256423    -4.2123617     0.0014811
  0.69999999 20.00000000  0.00004626 -0.00700491     0.0000660     0.0000661    -0.0003650     0.0000050    -2.0274335    -2.0271252    -4.2131987     0.0128019
  1.39999998 20.00000000  0.00009243 -0.00700179     0.0000660     0.0000660    -0.0003647     0.0000104    -2.0259805    -2.0256860    -4.2099746     0.0263861
  2.97499990 20.00000000  0.00019554 -0.00698540     0.0000649     0.0000657    -0.0003637     0.0000212    -2.0343679    -2.0301834    -4.2075932     0.0537306
  4.55000019 20.00000000  0.00029687 -0.00696009     0.0000638     0.0000652    -0.0003615     0.0000324    -2.0335593    -2.0264224    -4.1904714     0.0821148
  7.05000019 20.00000000  0.00045171 -0.00689517     0.0000600     0.0000641    -0.0003570     0.0000482    -2.0583813    -2.0375649    -4.1726614     0.1222070
  9.55000019 20.00000000  0.00059671 -0.00681004     0.0000558     0.0000625    -0.0003503     0.0000632    -2.0691197    -2.0353870    -4.1282640     0.1603561
 13.55000019 20.00000000  0.00079893 -0.00662526     0.0000455     0.0000590    -0.0003362     0.0000819    -2.1198852    -2.0515288    -4.0553611     0.2077618
 17.54999924 20.00000000  0.00096056 -0.00640368     0.0000344     0.0000547    -0.0003200     0.0000965    -2.1665218    -2.0635208    -3.9636515     0.2445477
 25.04999924 20.00000000  0.00113426 -0.00594601     0.0000128     0.0000453    -0.0002813     0.0000998    -2.1981551    -2.0335284    -3.6892711     0.2530966
 32.54999924 20.00000000  0.00115277 -0.00549573    -0.0000071     0.0000354    -0.0002481     0.0000945    -2.2654865    -2.0497528    -3.4874282     0.2395338
 42.54999924 20.00000000  0.00102150 -0.00500085    -0.0000199     0.0000240    -0.0002112     0.0000706    -2.2006794    -1.9781734    -3.1708176     0.1790985
 52.54999924 20.00000000  0.00075529 -0.00465117    -0.0000319     0.0000144    -0.0001854     0.0000461    -2.2198411    -1.9852885    -2.9984628     0.1168109
 65.05000305 20.00000000  0.00037647 -0.00441057    -0.0000302     0.0000058    -0.0001704     0.0000214    -2.1286553    -1.9461138    -2.8393408     0.0543081
 77.55000305 20.00000000  0.00000000 -0.00433580    -0.0000300     0.0000000    -0.0001644    -0.0000007    -2.1236432    -1.9714037    -2.8048661    -0.0016515
  0.00000000 27.00000000  0.00000000 -0.00967328     0.0000924     0.0000924    -0.0004029    -0.0000003    -1.7431700    -1.7431700    -4.2549788    -0.0008132
  1.39999998 27.00000000  0.00012900 -0.00966508     0.0000922     0.0000921    -0.0004022     0.0000177    -1.7416799    -1.7420263    -4.2486874     0.0447766
  4.55000019 27.00000000  0.00041271 -0.00958825     0.0000881     0.0000907    -0.0003951     0.0000565    -1.7462626    -1.7332628    -4.1966724     0.1433393
  9.55000019 27.00000000  0.00081534 -0.00931720     0.0000730     0.0000854    -0.0003706     0.0001084    -1.7818768    -1.7192101    -4.0313524     0.2747908
 17.54999924 27.00000000  0.00126250 -0.00862298     0.0000368     0.0000719    -0.0003143     0.0001517    -1.8972447    -1.7193079    -3.6777352     0.3845503
 32.54999924 27.00000000  0.00141083 -0.00712994    -0.0000163     0.0000433    -0.0002174     0.0001217    -2.0128868    -1.7104345    -3.0324387     0.3084879
 52.54999924 27.00000000  0.00086550 -0.00584099    -0.0000372     0.0000165    -0.0001536     0.0000486    -1.9561117    -1.6840936    -2.5464244     0.1232603
 77.55000305 27.00000000  0.00000000 -0.00538569    -0.0000326     0.0000000    -0.0001348    -0.0000006    -1.8636865    -1.6982295    -2.3818873    -0.0014455
  0.00000000 34.00000000  0.00000000 -0.01264733     0.0001279     0.0001279    -0.0004461     0.0000008    -1.2800301    -1.2800301    -4.1906066     0.0020063
  0.69999999 34.00000000  0.00008940 -0.01264336     0.0001275     0.0001277    -0.0004457     0.0000150    -1.2856479    -1.2845498    -4.1924449     0.0379160
  1.39999998 34.00000000  0.00017851 -0.01263256     0.0001272     0.0001275    -0.0004447     0.0000307    -1.2812897    -1.2797649    -4.1809976     0.0779081
  2.97499990 34.00000000  0.00037602 -0.01257871     0.0001235     0.0001264    -0.0004408     0.0000631    -1.3102672    -1.2954854    -4.1716212     0.1600657
  4.55000019 34.00000000  0.00056746 -0.01249158     0.0001192     0.0001247    -0.0004335     0.0000958    -1.3175810    -1.2897158    -4.1201277     0.2429165
  7.05000019 34.00000000  0.00084898 -0.01227889     0.0001064     0.0001204    -0.0004179     0.0001381    -1.3978706    -1.3267357    -4.0561813     0.3502374
  9.55000019 34.00000000  0.00109944 -0.01199849     0.0000914     0.0001151    -0.0003968     0.0001766    -1.4663312    -1.3460993    -3.9420857     0.4476613
 13.55000019 34.00000000  0.00140399 -0.01143716     0.0000634     0.0001036    -0.0003542     0.0002053    -1.5769146    -1.3730923    -3.6947385     0.5204003
 17.54999924 34.00000000  0.00160680 -0.01080367     0.0000345     0.0000916    -0.0003133     0.0002255    -1.7241527    -1.4347057    -3.4874899     0.5717244
 25.04999924 34.00000000  0.00172387 -0.00959175     0.0000003     0.0000688    -0.0002393     0.0001926    -1.7247233    -1.3770615    -2.9392647     0.4882912
 32.54999924 34.00000000  0.00161061 -0.00853891    -0.0000292     0.0000495    -0.0001867     0.0001517    -1.8366364    -1.4374814    -2.6352356     0.3846243
 42.54999924 34.00000000  0.00129319 -0.00749222    -0.0000355     0.0000304    -0.0001449     0.0000954    -1.7012237    -1.3672581    -2.2563062     0.2418664
 52.54999924 34.00000000  0.00090122 -0.00680144    -0.0000414     0.0000171    -0.0001206     0.0000491    -1.6782369    -1.3814401    -2.0797303     0.1245620
 65.05000305 34.00000000  0.00042691 -0.00636053    -0.0000360     0.0000066    -0.0001081     0.0000213    -1.5779218    -1.3618493    -1.9431759     0.0539290
 77.55000305 34.00000000  0.00000000 -0.00622335    -0.0000323     0.0000000    -0.0001042    -0.0000012    -1.5477894    -1.3842221    -1.9127658    -0.0029768
  0.00000000 38.00000000  0.00000000 -0.01459248     0.0001618     0.0001618    -0.0005272    -0.0000005    -1.2448752    -1.2448752    -4.7388146    -0.0012717
  1.39999998 38.00000000  0.00022531 -0.01456982     0.0001609     0.0001609    -0.0005250     0.0000460    -1.2445662    -1.2442810    -4.7223851     0.1167277
  4.55000019 38.00000000  0.00071054 -0.01436210     0.0001472     0.0001562    -0.0005027     0.0001430    -1.2754163    -1.2300060    -4.5710904     0.3624654
  9.55000019 38.00000000  0.00133850 -0.01366222     0.0001021     0.0001402    -0.0004337     0.0002526    -1.4235470    -1.2305708    -4.1403120     0.6405208
 17.54999924 38.00000000  0.00184957 -0.01205209     0.0000230     0.0001054    -0.0003064     0.0002818    -1.6883346    -1.2707615    -3.3589534     0.7144750
 32.54999924 38.00000000  0.00169123 -0.00924119    -0.0000392     0.0000520    -0.0001629     0.0001596    -1.7212816    -1.2590050    -2.3483536     0.4047672
 52.54999924 38.00000000  0.00088150 -0.00724698    -0.0000416     0.0000168    -0.0001025     0.0000446    -1.5024226    -1.2062567    -1.8109257     0.1129558
 77.55000305 38.00000000  0.00000000 -0.00660972    -0.0000303     0.0000000    -0.0000892    -0.0000012    -1.3652895    -1.2118079    -1.6642302    -0.0029933
  0.00000000 42.00000000  0.00000000 -0.01686530     0.0002081     0.0002081    -0.0006091    -0.0000001    -0.9007948    -0.9007948    -5.0447390    -0.0003086
  0.69999999 42.00000000  0.00014523 -0.01685712     0.0002068     0.0002075    -0.0006078     0.0000333    -0.9136732    -0.9104132    -5.0444966     0.0843243
  1.39999998 42.00000000  0.00028956 -0.01683241     0.0002062     0.0002068    -0.0006045     0.0000696    -0.8955737    -0.8924882    -5.0063737     0.1764301
  2.97499990 42.00000000  0.00060643 -0.01671063     0.0001955     0.0002038    -0.0005930     0.0001412    -0.9734392    -0.9309734    -4.9716538     0.3580130
  4.55000019 42.00000000  0.00090528 -0.01651347     0.0001826     0.0001990    -0.0005723     0.0002109    -1.0088163    -0.9257446    -4.8366352     0.5347219
  7.05000019 42.00000000  0.00131756 -0.01605419     0.0001487     0.0001869    -0.0005266     0.0002877    -1.1829125    -0.9892675    -4.6070618     0.7294153
  9.55000019 42.00000000  0.00164878 -0.01546790     0.0001110     0.0001726    -0.0004739     0.0003536    -1.3663294    -1.0539125    -4.3325041     0.8963792
 13.55000019 42.00000000  0.00197424 -0.01437441     0.0000569     0.0001457    -0.0003774     0.0003619    -1.4833948    -1.0332875    -3.6856479     0.9174574
 17.54999924 42.00000000  0.00210426 -0.01325508     0.0000057     0.0001199    -0.0003000     0.0003519    -1.7388003    -1.1598713    -3.2888147     0.8921007
 25.04999924 42.00000000  0.00202058 -0.01134051    -0.0000257     0.0000807    -0.0001979     0.0002569    -1.5796721    -1.0403316    -2.4527034     0.6514402
 32.54999924 42.00000000  0.00171873 -0.00984189    -0.0000510     0.0000528    -0.0001384     0.0001681    -1.6428145    -1.1166639    -2.0859608     0.4262828
 42.54999924 42.00000000  0.00125945 -0.00847450    -0.0000447     0.0000296    -0.0001013     0.0000948    -1.4072046    -1.0303111    -1.6938851     0.2403420
 52.54999924 42.00000000  0.00082416 -0.00762122    -0.0000407     0.0000157    -0.0000842     0.0000386    -1.3145917    -1.0284666    -1.5349155     0.0979690
 65.05000305 42.00000000  0.00037338 -0.00709765    -0.0000330     0.0000057    -0.0000762     0.0000162    -1.2155578    -1.0192890    -1.4345335     0.0410313
 77.55000305 42.00000000  0.00000000 -0.00693713    -0.0000268     0.0000000    -0.0000742    -0.0000017    -1.1594041    -1.0236386    -1.3996924    -0.0042605
  0.00000000 44.50000000  0.00000000 -0.01853394     0.0002531     0.0002531    -0.0007259     0.0000010    -0.9442402    -0.9442402    -5.9082082     0.0025176
  1.39999998 44.50000000  0.00035091 -0.01848517     0.0002502     0.0002506    -0.0007196     0.0000967    -0.9497898    -0.9474141    -5.8671462     0.2450758
  4.55000019 44.50000000  0.00108293 -0.01805573     0.0002127     0.0002380    -0.0006621     0.0002925    -1.0652284    -0.9370724    -5.5014699     0.7415774
  9.55000019 44.50000000  0.00190178 -0.01669969     0.0001098     0.0001991    -0.0005067     0.0004521    -1.4493533    -0.9963089    -4.5756460     1.1462680
 17.54999924 44.50000000  0.00227687 -0.01399351    -0.0000135     0.0001297    -0.0002859     0.0003919    -1.7898979    -1.0633481    -3.1709658     0.9936186
 32.54999924 44.50000000  0.00170246 -0.01016762    -0.0000569     0.0000523    -0.0001214     0.0001634    -1.5655775    -1.0119257    -1.8924829     0.4143537
 52.54999924 44.50000000  0.00076565 -0.00781784    -0.0000389     0.0000146    -0.0000736     0.0000325    -1.1899120    -0.9187888    -1.3656385     0.0824411
 77.55000305 44.50000000  0.00000000 -0.00711171    -0.0000240     0.0000000    -0.0000658    -0.0000017    -1.0324887    -0.9108468    -1.2446284    -0.0044054
  0.00000000 47.00000000  0.00000000 -0.02049455     0.0003127     0.0003127    -0.0008441     0.0000018    -0.6329922    -0.6329922    -6.4989359     0.0046216
  0.69999999 47.00000000  0.00021762 -0.02047785     0.0003091     0.0003109    -0.0008420     0.0000650    -0.6848313    -0.6756778    -6.5217735     0.1648822
  1.39999998 47.00000000  0.00043271 -0.02043029     0.0003076     0.0003091    -0.0008339     0.0001339    -0.6435518    -0.6359287    -6.4316430     0.3396052
  2.97499990 47.00000000  0.00089832 -0.02019813     0.0002816     0.0003020    -0.0008048     0.0002692    -0.8158791    -0.7125012    -6.3243474     0.6824293
  4.55000019 47.00000000  0.00131965 -0.01982418     0.0002484     0.0002900    -0.0007545     0.0003987    -0.9310586    -0.7200715    -6.0164931     1.0108328
  7.05000019 47.00000000  0.00184597 -0.01899250     0.0001777     0.0002618    -0.0006473     0.0004983    -1.2064541    -0.7796026    -5.3895518     1.2634912
  9.55000019 47.00000000  0.00220795 -0.01800162     0.0001036     0.0002312    -0.0005430     0.0005739    -1.5862289    -0.9390075    -4.8644986     1.4549921
 13.55000019 47.00000000  0.00245441 -0.01627487     0.0000280     0.0001811    -0.0003800     0.0005179    -1.5904752    -0.8141272    -3.6595706     1.3131564
 17.54999924 47.00000000  0.00243221 -0.01468462    -0.0000380     0.0001386    -0.0002710     0.0004384    -1.9202641    -1.0249086    -3.1015927     1.1114991
 25.04999924 47.00000000  0.00209753 -0.01222615    -0.0000524     0.0000837    -0.0001573     0.0002837    -1.5437335    -0.8534121    -2.0758615     0.7191884
 32.54999924 47.00000000  0.00164614 -0.01044866    -0.0000630     0.0000506    -0.0001040     0.0001577    -1.5005195    -0.9244895    -1.7082409     0.3998917
 42.54999924 47.00000000  0.00111633 -0.00891112    -0.0000479     0.0000262    -0.0000734     0.0000829    -1.2065617    -0.8307696    -1.3359799     0.2100942
 52.54999924 47.00000000  0.00068864 -0.00798899    -0.0000361     0.0000131    -0.0000631     0.0000254    -1.0567483    -0.8070198    -1.1933745     0.0642826
 65.05000305 47.00000000  0.00030006 -0.00743437    -0.0000275     0.0000046    -0.0000585     0.0000109    -0.9652922    -0.8022251    -1.1221365     0.0275533
 77.55000305 47.00000000  0.00000000 -0.00726625    -0.0000205     0.0000000    -0.0000575    -0.0000020    -0.8946079    -0.7908391    -1.0824899    -0.0050999
  0.00000000 48.50000000  0.00000000 -0.02186034     0.0003619     0.0003619    -0.0009754    -0.0000019    -0.7169195    -0.7169195    -7.4980194    -0.0047046
  1.39999998 48.50000000  0.00049954 -0.02177370     0.0003552     0.0003568    -0.0009599     0.0001732    -0.7134536    -0.7051694    -7.3820388     0.4391908
  4.55000019 48.50000000  0.00150433 -0.02102502     0.0002749     0.0003306    -0.0008448     0.0005070    -1.0329538    -0.7502247    -6.7103296     1.2853766
  9.55000019 48.50000000  0.00242635 -0.01883608     0.0000894     0.0002541    -0.0005615     0.0006663    -1.7573224    -0.9225482    -5.0581183     1.6893321
 17.54999924 48.50000000  0.00251873 -0.01508315    -0.0000555     0.0001435    -0.0002564     0.0004560    -1.9899901    -0.9806721    -3.0087671     1.1560864
 32.54999924 48.50000000  0.00159117 -0.01059740    -0.0000651     0.0000489    -0.0000938     0.0001495    -1.4463953    -0.8682787    -1.5918681     0.3789690
 52.54999924 48.50000000  0.00063083 -0.00807899    -0.0000340     0.0000120    -0.0000572     0.0000199    -0.9755217    -0.7422377    -1.0931196     0.0503585
 77.55000305 48.50000000  0.00000000 -0.00734887    -0.0000182     0.0000000    -0.0000529    -0.0000020    -0.8140106    -0.7215918    -0.9899688    -0.0051449
  0.00000000 50.00000000  0.00000000 -0.02342080     0.0004236     0.0004236    -0.0009294    -0.0000043     9.9400638     9.9400638    -8.1134402    -0.0316148
  0.69999999 50.00000000  0.00029424 -0.02339464     0.0004171     0.0004203    -0.0009252     0.0000661     9.5372251     9.5848962    -8.3548479     0.2707050
  1.39999998 50.00000000  0.00058390 -0.02331010     0.0004136     0.0004171    -0.0009146     0.0001374     9.6058893     9.6557590    -8.1037042     0.6001066
  2.97499990 50.00000000  0.00120001 -0.02294870     0.0003656     0.0004034    -0.0008582     0.0002557     8.2568918     8.8074639    -7.9940232     1.0632075
  4.55000019 50.00000000  0.00173553 -0.02235851     0.0003036     0.0003814    -0.0007721     0.0003862     7.1766555     8.3110865    -6.9750561     1.6275762
  7.05000019 50.00000000  0.00233476 -0.02108374     0.0001866     0.0003312    -0.0006085     0.0004359     4.1178052     6.2258625    -6.1615595     1.8234750
  9.55000019 50.00000000  0.00266838 -0.01968616     0.0000703     0.0002794    -0.0004480     0.0004674     1.2918375     4.3404807    -5.0847124     1.9644394
 13.55000019 50.00000000  0.00276805 -0.01738888    -0.0000104     0.0002043    -0.0002757     0.0003829    -0.5047939     2.6252791    -3.5017963     1.5935346
 17.54999924 50.00000000  0.00258501 -0.01545396    -0.0000758     0.0001473    -0.0001602     0.0002870    -2.5418743     0.7104183    -3.0330364     1.2082655
 25.04999924 50.00000000  0.00205358 -0.01265028    -0.0000712     0.0000820    -0.0000743     0.0001737    -2.2305434     0.0029098    -1.7774049     0.7273842
 32.54999924 50.00000000  0.00151667 -0.01073010    -0.0000669     0.0000466    -0.0000394     0.0000845    -2.3631409    -0.7085394    -1.5458832     0.3497074
 42.54999924 50.00000000  0.00096965 -0.00910716    -0.0000476     0.0000228    -0.0000227     0.0000430    -1.8140354    -0.7885429    -1.1242144     0.1828138
 52.54999924 50.00000000  0.00056558 -0.00816057    -0.0000314     0.0000108    -0.0000211     0.0000084    -1.4346583    -0.8198789    -0.9945969     0.0307983
 65.05000305 50.00000000  0.00023946 -0.00759563    -0.0000226     0.0000037    -0.0000203     0.0000043    -1.2516751    -0.8682009    -0.9459950     0.0200252
 77.55000305 50.00000000  0.00000000 -0.00742503    -0.0000157     0.0000000    -0.0000212    -0.0000021    -1.0632314    -0.8344915    -0.8817887    -0.0154970
  0.00000000 50.09999847  0.00000000 -0.02349556     0.0004150     0.0004150    -0.0007417    -0.0000039    19.5596484    19.5596484    -8.2988806    -0.0472755
  1.39999998 50.09999847  0.00057339 -0.02338357     0.0004073     0.0004096    -0.0007288     0.0000581    19.3520506    19.4078435    -8.0104997     0.6993319
  4.55000019 50.09999847  0.00170332 -0.02241919     0.0002989     0.0003744    -0.0006025     0.0001577    14.8644481    16.6824949    -6.8463961     1.8997906
  9.55000019 50.09999847  0.00262525 -0.01971839     0.0000695     0.0002749    -0.0003207     0.0001816     4.2434627     9.1906893    -5.1546591     2.1866840
 17.54999924 50.09999847  0.00255169 -0.01546219    -0.0000744     0.0001454    -0.0000821     0.0001052    -2.9953163     2.2981603    -3.1819862     1.2675299
 32.54999924 50.09999847  0.00149985 -0.01072968    -0.0000660     0.0000461     0.0000042     0.0000285    -3.2977306    -0.5974717    -1.6061786     0.3435189
 52.54999924 50.09999847  0.00055967 -0.00815964    -0.0000310     0.0000107     0.0000092     0.0000018    -1.9516802    -0.9483212    -0.9822824     0.0211541
 77.55000305 50.09999847  0.00000000 -0.00742441    -0.0000155     0.0000000     0.0000062    -0.0000021    -1.3775072    -1.0045228    -0.8547657    -0.0258324
  0.00000000 50.20000076  0.00000000 -0.02356913     0.0004065     0.0004065    -0.0007248    -0.0000035    19.3591613    19.3591613    -7.8905512    -0.0424178
  0.69999999 50.20000076  0.00028309 -0.02354205     0.0004023     0.0004044    -0.0007214     0.0000307    18.9403772    18.9913797    -8.1247184     0.3696082
  1.39999998 50.20000076  0.00056322 -0.02345585     0.0004012     0.0004023    -0.0007148     0.0000664    19.2682280    19.2955414    -7.6123129     0.7990774
  2.97499990 50.20000076  0.00115894 -0.02308486     0.0003522     0.0003896    -0.0006665     0.0001155    16.6435185    17.5432929    -7.8927092     1.3911897
  4.55000019 50.20000076  0.00167267 -0.02247901     0.0002943     0.0003676    -0.0005943     0.0001873    14.4166028    16.1826859    -6.9864157     2.2554312
  7.05000019 50.20000076  0.00226091 -0.02117666     0.0001821     0.0003207    -0.0004567     0.0001905     9.3894679    12.7266718    -5.9975886     2.2937204
  9.55000019 50.20000076  0.00258339 -0.01975029     0.0000686     0.0002705    -0.0003171     0.0002060     4.0403773     8.9033482    -5.2498809     2.4808193
 13.55000019 50.20000076  0.00268998 -0.01742534    -0.0000081     0.0001985    -0.0001814     0.0001522     0.7839552     5.7605500    -3.3902745     1.8332455
 17.54999924 50.20000076  0.00251864 -0.01547038    -0.0000730     0.0001435    -0.0000811     0.0001096    -2.9136011     2.3020771    -3.1088139     1.3197794
 25.04999924 50.20000076  0.00200292 -0.01265465    -0.0000690     0.0000800    -0.0000222     0.0000647    -2.8849628     0.7038323    -1.7565107     0.7786691
 32.54999924 50.20000076  0.00148302 -0.01072926    -0.0000652     0.0000456     0.0000043     0.0000267    -3.2333677    -0.5663306    -1.5612165     0.3219741
 42.54999924 50.20000076  0.00094702 -0.00910484    -0.0000465     0.0000223     0.0000114     0.0000163    -2.5055210    -0.8503116    -1.1114285     0.1961502
 52.54999924 50.20000076  0.00055375 -0.00815872    -0.0000306     0.0000105     0.0000091     0.0000003    -1.9298759    -0.9388954    -0.9743974     0.0041246
 65.05000305 50.20000076  0.00023394 -0.00759400    -0.0000222     0.0000036     0.0000081     0.0000020    -1.6675157    -1.0473823    -0.9391110     0.0239314
 77.55000305 50.20000076  0.00000000 -0.00742379    -0.0000153     0.0000000     0.0000060    -0.0000022    -1.3691165    -1.0010838    -0.8555142    -0.0260588
  0.00000000 50.85000229  0.00000000 -0.02402381     0.0003699     0.0003699    -0.0006791    -0.0000018    15.4883325    15.4883325    -9.7777270    -0.0214975
  1.39999998 50.85000229  0.00051085 -0.02390471     0.0003629     0.0003649    -0.0006683     0.0001073    15.1859945    15.2341208    -9.6523700     1.2921918
  4.55000019 50.85000229  0.00151370 -0.02285237     0.0002678     0.0003327    -0.0005541     0.0003040    11.4802404    13.0421057    -8.3175926     3.6609311
  9.55000019 50.85000229  0.00234581 -0.01994884     0.0000634     0.0002456    -0.0002941     0.0003080     3.1429511     7.5323146    -5.4684345     3.7098133
 17.54999924 50.85000229  0.00231007 -0.01552147    -0.0000649     0.0001316    -0.0000767     0.0001354    -2.6516771     2.0825255    -2.9362673     1.6309461
 32.54999924 50.85000229  0.00137106 -0.01072673    -0.0000598     0.0000421     0.0000033     0.0000251    -2.9919297    -0.5379974    -1.4727225     0.3023566
 52.54999924 50.85000229  0.00051332 -0.00815314    -0.0000282     0.0000098     0.0000081    -0.0000021    -1.7913188    -0.8773241    -0.9164181    -0.0255179
 77.55000305 50.85000229  0.00000000 -0.00742010    -0.0000140     0.0000000     0.0000054    -0.0000023    -1.2782760    -0.9398931    -0.8103755    -0.0277865
  0.00000000 51.50000000  0.00000000 -0.02445195     0.0003453     0.0003453    -0.0006391     0.0000016    13.9107005    13.9107005    -9.7995468     0.0196367
  0.69999999 51.50000000  0.00023971 -0.02441956     0.0003396     0.0003424    -0.0006337     0.0000702    13.4208520    13.4902428   -10.0204560     0.8452256
  1.39999998 51.50000000  0.00047540 -0.02432468     0.0003357     0.0003396    -0.0006230     0.0001449    13.7510077    13.8434368    -9.3421434     1.7452218
  2.97499990 51.50000000  0.00097334 -0.02389076     0.0002947     0.0003272    -0.0005792     0.0002668    11.7177116    12.5010095    -9.3299447     3.2126301
  4.55000019 51.50000000  0.00140355 -0.02319936     0.0002459     0.0003085    -0.0005172     0.0004064     9.9461092    11.4543010    -8.4330273     4.8941952
  7.05000019 51.50000000  0.00189054 -0.02172668     0.0001495     0.0002682    -0.0003897     0.0004023     6.6308882     9.4883600    -6.3579699     4.8449331
  9.55000019 51.50000000  0.00215118 -0.02013265     0.0000556     0.0002253    -0.0002730     0.0004013     2.1825747     6.2698064    -5.7319518     4.8333529
 13.55000019 51.50000000  0.00224563 -0.01764512    -0.0000049     0.0001657    -0.0001556     0.0002680     0.4482310     4.5583500    -3.1810081     3.2280386
 17.54999924 51.50000000  0.00211188 -0.01557014    -0.0000592     0.0001203    -0.0000721     0.0001626    -2.6149216     1.7097712    -2.9249375     1.9582017
 25.04999924 51.50000000  0.00168682 -0.01268240    -0.0000569     0.0000673    -0.0000206     0.0000866    -2.4747010     0.5172794    -1.6019835     1.0434319
 32.54999924 51.50000000  0.00125866 -0.01072496    -0.0000547     0.0000387     0.0000026     0.0000249    -2.7706827    -0.5213425    -1.3889661     0.2997834
 42.54999924 51.50000000  0.00080134 -0.00909137    -0.0000393     0.0000188     0.0000093     0.0000166    -2.1616767    -0.7609455    -0.9909566     0.1999839
 52.54999924 51.50000000  0.00047222 -0.00814813    -0.0000257     0.0000090     0.0000073    -0.0000042    -1.6463202    -0.8097967    -0.8506523    -0.0503967
 65.05000305 51.50000000  0.00019800 -0.00758436    -0.0000189     0.0000030     0.0000067     0.0000013    -1.4464905    -0.9182160    -0.8302220     0.0160136
 77.55000305 51.50000000  0.00000000 -0.00741680    -0.0000128     0.0000000     0.0000048    -0.0000024    -1.1787159    -0.8706302    -0.7560179    -0.0294217
  0.00000000 52.15000153  0.00000000 -0.02486598     0.0003302     0.0003302    -0.0006341     0.0000018    10.8099493    10.8099493   -12.4167751     0.0218031
  1.39999998 52.15000153  0.00045370 -0.02472829     0.0003205     0.0003241    -0.0006197     0.0001775    10.4134522    10.4999042   -12.2320491     2.1381761
  4.55000019 52.15000153  0.00132815 -0.02353190     0.0002267     0.0002919    -0.0005023     0.0004855     7.2167618     8.7882813   -10.3420460     5.8468073
  9.55000019 52.15000153  0.00199220 -0.02030321     0.0000426     0.0002086    -0.0002502     0.0004692     1.1417789     5.1395427    -5.9108281     5.6503412
 17.54999924 52.15000153  0.00192603 -0.01561449    -0.0000548     0.0001097    -0.0000653     0.0001850    -2.4470425     1.5174113    -2.6983785     2.2285626
 32.54999924 52.15000153  0.00114549 -0.01072323    -0.0000496     0.0000352     0.0000022     0.0000248    -2.5279428    -0.4846049    -1.2802325     0.2985318
 52.54999924 52.15000153  0.00042944 -0.00814367    -0.0000234     0.0000082     0.0000064    -0.0000061    -1.5168536    -0.7566138    -0.7987561    -0.0729813
 77.55000305 52.15000153  0.00000000 -0.00741393    -0.0000116     0.0000000     0.0000041    -0.0000026    -1.0931601    -0.8137609    -0.7151976    -0.0310630
  0.00000000 52.79999924  0.00000000 -0.02527627     0.0003237     0.0003237    -0.0006313     0.0000005     9.5322080     9.5322080   -13.4694574     0.0056648
  0.69999999 52.79999924  0.00022428 -0.02523961     0.0003171     0.0003204    -0.0006275     0.0001018     8.7229492     8.8016605   -14.0300124     1.2254518
  1.39999998 52.79999924  0.00044398 -0.02513029     0.0003127     0.0003171    -0.0006148     0.0002114     9.1677224     9.2735522   -13.1725120     2.5464948
  2.97499990 52.79999924  0.00090221 -0.02463237     0.0002670     0.0003033    -0.0005619     0.0003860     7.3376870     8.2111640   -12.6271908     4.6482123
  4.55000019 52.79999924  0.00128502 -0.02385241     0.0002103     0.0002824    -0.0004873     0.0005674     5.6475941     7.3854827   -11.1545423     6.8336992
  7.05000019 52.79999924  0.00168089 -0.02220318     0.0001153     0.0002384    -0.0003431     0.0005669     3.9246589     6.8908120    -7.1161606     6.8276445
  9.55000019 52.79999924  0.00186141 -0.02045788     0.0000280     0.0001949    -0.0002284     0.0005367     0.0811719     4.1007242    -6.0957936     6.4638221
 13.55000019 52.79999924  0.00188696 -0.01782734    -0.0000141     0.0001393    -0.0001242     0.0003513    -0.2421835     3.4528411    -2.8929065     4.2310679
 17.54999924 52.79999924  0.00174822 -0.01565501    -0.0000520     0.0000996    -0.0000589     0.0002064    -2.4795144     1.1728302    -2.6453171     2.4856719
 25.04999924 52.79999924  0.00138607 -0.01270682    -0.0000478     0.0000553    -0.0000169     0.0001024    -2.1576984     0.3251861    -1.4140544     1.2328618
 32.54999924 52.79999924  0.00103195 -0.01072215    -0.0000449     0.0000317     0.0000016     0.0000254    -2.3276658    -0.4837291    -1.2078381     0.3058988
 42.54999924 52.79999924  0.00065537 -0.00908060    -0.0000323     0.0000154     0.0000073     0.0000162    -1.8190528    -0.6702588    -0.8658023     0.1955179
 52.54999924 52.79999924  0.00038610 -0.00813979    -0.0000210     0.0000073     0.0000056    -0.0000074    -1.3802263    -0.6966878    -0.7381942    -0.0885430
 65.05000305 52.79999924  0.00016144 -0.00757663    -0.0000154     0.0000025     0.0000052     0.0000007    -1.2183392    -0.7865800    -0.7222275     0.0082356
 77.55000305 52.79999924  0.00000000 -0.00741148    -0.0000104     0.0000000     0.0000035    -0.0000027    -0.9936063    -0.7434427    -0.6584887    -0.0326229
  0.00000000 53.45000076  0.00000000 -0.02569633     0.0003251     0.0003251    -0.0006582     0.0000008     6.9516422     6.9516422   -16.7319693     0.0091535
  1.39999998 53.45000076  0.00044424 -0.02553684     0.0003124     0.0003173    -0.0006386     0.0002427     6.5642469     6.6823126   -16.3417599     2.9232040
  4.55000019 53.45000076  0.00126390 -0.02417006     0.0001958     0.0002778    -0.0004866     0.0006383     3.3061938     5.2807147   -13.1301446     7.6876079
  9.55000019 53.45000076  0.00175278 -0.02059974     0.0000096     0.0001835    -0.0002054     0.0005837    -1.0970622     3.0927497    -6.2746522     7.0292818
 17.54999924 53.45000076  0.00157991 -0.01569064    -0.0000500     0.0000900    -0.0000512     0.0002220    -2.4207251     0.9520504    -2.4504021     2.6732511
 32.54999924 53.45000076  0.00091880 -0.01072103    -0.0000400     0.0000282     0.0000013     0.0000260    -2.0942712    -0.4513933    -1.0995917     0.3134339
 52.54999924 53.45000076  0.00034191 -0.00813637    -0.0000187     0.0000065     0.0000048    -0.0000085    -1.2460044    -0.6399253    -0.6810250    -0.1023758
 77.55000305 53.45000076  0.00000000 -0.00740936    -0.0000092     0.0000000     0.0000029    -0.0000028    -0.8994827    -0.6782021    -0.6076331    -0.0338250
  0.00000000 54.09999847  0.00000000 -0.02613196     0.0003324     0.0003324    -0.0006844     0.0000000     5.8906134     5.8906134   -18.6004591    -0.0002695
  0.69999999 54.09999847  0.00022956 -0.02608909     0.0003235     0.0003279    -0.0006793     0.0001332     4.7694890     4.8773956   -19.3832308     1.6043685
  1.39999998 54.09999847  0.00045285 -0.02596046     0.0003171     0.0003235    -0.0006611     0.0002770     5.4135154     5.5664733   -18.1482744     3.3360008
  2.97499990 54.09999847  0.00090743 -0.02537966     0.0002575     0.0003050    -0.0005880     0.0004969     3.4374745     4.5817709   -16.9285581     5.9846156
  4.55000019 54.09999847  0.00126401 -0.02448498     0.0001828     0.0002778    -0.0004869     0.0007157     1.5572254     3.8446599   -14.5742576     8.6196941
  7.05000019 54.09999847  0.00157596 -0.02262723     0.0000792     0.0002235    -0.0003085     0.0007009     1.2820905     4.7591364    -8.0554848     8.4406317
  9.55000019 54.09999847  0.00165992 -0.02072487    -0.0000101     0.0001738    -0.0001826     0.0006319    -2.2835907     2.1452785    -6.4390163     7.6097645
 13.55000019 54.09999847  0.00158293 -0.01796636    -0.0000304     0.0001168    -0.0000898     0.0004071    -1.1008620     2.4448248    -2.5328395     4.9030768
 17.54999924 54.09999847  0.00141683 -0.01572162    -0.0000488     0.0000807    -0.0000437     0.0002354    -2.4529124     0.6678296    -2.3286469     2.8346768
 25.04999924 54.09999847  0.00109518 -0.01272531    -0.0000408     0.0000437    -0.0000115     0.0001129    -1.9046373     0.1303385    -1.1988739     1.3602493
 32.54999924 54.09999847  0.00080532 -0.01072044    -0.0000353     0.0000247     0.0000009     0.0000263    -1.8955566    -0.4494194    -1.0233327     0.3163595
 42.54999924 54.09999847  0.00050796 -0.00907232    -0.0000254     0.0000119     0.0000054     0.0000153    -1.4811047    -0.5816798    -0.7380334     0.1843443
 52.54999924 54.09999847  0.00029724 -0.00813355    -0.0000163     0.0000057     0.0000040    -0.0000095    -1.1094072    -0.5811564    -0.6210471    -0.1148628
 65.05000305 54.09999847  0.00012411 -0.00757100    -0.0000119     0.0000019     0.0000035     0.0000000    -0.9909700    -0.6586383    -0.6207485     0.0005684
 77.55000305 54.09999847  0.00000000 -0.00740767    -0.0000080     0.0000000     0.0000024    -0.0000029    -0.7997076    -0.6077832    -0.5509217    -0.0349479
  0.00000000 54.75000000  0.00000000 -0.02659341     0.0003454     0.0003454    -0.0007332    -0.0000020     3.7292109     3.7292109   -22.2523051    -0.0235871
  1.39999998 54.75000000  0.00046887 -0.02640367     0.0003274     0.0003349    -0.0007064     0.0003132     3.1143484     3.2945351   -21.7858014     3.7714322
  4.55000019 54.75000000  0.00127845 -0.02480516     0.0001694     0.0002810    -0.0004938     0.0007877    -0.6233819     2.0641089   -16.5967923     9.4860101
  9.55000019 54.75000000  0.00157795 -0.02083670    -0.0000317     0.0001652    -0.0001586     0.0006607    -3.4779607     1.2653002    -6.5339774     7.9567849
 17.54999924 54.75000000  0.00125884 -0.01574726    -0.0000479     0.0000717    -0.0000356     0.0002431    -2.4357208     0.4463085    -2.1394180     2.9271915
 32.54999924 54.75000000  0.00069197 -0.01071978    -0.0000306     0.0000213     0.0000007     0.0000264    -1.6756768    -0.4260854    -0.9210836     0.3177985
 52.54999924 54.75000000  0.00025195 -0.00813118    -0.0000139     0.0000048     0.0000032    -0.0000104    -0.9746061    -0.5251335    -0.5644691    -0.1257842
 77.55000305 54.75000000  0.00000000 -0.00740630    -0.0000068     0.0000000     0.0000018    -0.0000030    -0.7033545    -0.5405571    -0.4978834    -0.0356017
  0.00000000 55.39999771  0.00000000 -0.02708518     0.0003626     0.0003626    -0.0007896    -0.0000050     1.7572767     1.7572767   -25.9936765    -0.0599693
  0.69999999 55.39999771  0.00024958 -0.02703531     0.0003505     0.0003565    -0.0007764     0.0001674     0.9181291     1.0639566   -26.2253519     2.0164167
  1.39999998 55.39999771  0.00049068 -0.02687873     0.0003408     0.0003505    -0.0007494     0.0003526     1.9014062     2.1354725   -24.3575940     4.2466695
  2.97499990 55.39999771  0.00096444 -0.02618031     0.0002584     0.0003242    -0.0006449     0.0006182    -0.5253192     1.0582539   -22.2830289     7.4449009
  4.55000019 55.39999771  0.00130475 -0.02512689     0.0001561     0.0002868    -0.0005022     0.0008687    -2.6679352     0.4779279   -18.5256428    10.4618292
  7.05000019 55.39999771  0.00152681 -0.02300873     0.0000391     0.0002166    -0.0002771     0.0008123    -1.3904955     2.8850310    -9.0065147     9.7820937
  9.55000019 55.39999771  0.00150005 -0.02093102    -0.0000542     0.0001571    -0.0001345     0.0006910    -4.7349712     0.3541320    -6.6687108     8.3212149
 13.55000019 55.39999771  0.00130495 -0.01805981    -0.0000496     0.0000963    -0.0000544     0.0004368    -2.0314557     1.4827302    -2.1480213     5.2604603
 17.54999924 55.39999771  0.00110330 -0.01576794    -0.0000472     0.0000629    -0.0000276     0.0002483    -2.4333320     0.2180496    -1.9612130     2.9906731
 25.04999924 55.39999771  0.00081006 -0.01273619    -0.0000350     0.0000323    -0.0000051     0.0001190    -1.6814944    -0.0595146    -0.9605242     1.4325297
 32.54999924 55.39999771  0.00057825 -0.01071952    -0.0000260     0.0000178     0.0000004     0.0000258    -1.4806772    -0.4256045    -0.8438807     0.3108259
 42.54999924 55.39999771  0.00035892 -0.00906633    -0.0000186     0.0000084     0.0000037     0.0000143    -1.1445922    -0.4934107    -0.6065506     0.1726220
 52.54999924 55.39999771  0.00020625 -0.00812944    -0.0000115     0.0000039     0.0000024    -0.0000115    -0.8358450    -0.4655081    -0.5032307    -0.1381073
 65.05000305 55.39999771  0.00008614 -0.00756761    -0.0000083     0.0000013     0.0000017    -0.0000004    -0.7630868    -0.5324772    -0.5229746    -0.0051424
 77.55000305 55.39999771  0.00000000 -0.00740537    -0.0000055     0.0000000     0.0000012    -0.0000030    -0.6013467    -0.4680773    -0.4388251    -0.0361703
  0.00000000 56.04999924  0.00000000 -0.02762201     0.0003832     0.0003832    -0.0008526     0.0000064    -0.1216514    -0.1216514   -29.8860707     0.0773464
  1.39999998 56.04999924  0.00051480 -0.02738443     0.0003586     0.0003677    -0.0008125     0.0003881    -0.6957610    -0.4770885   -28.9030232     4.6738642
  4.55000019 56.04999924  0.00133811 -0.02545732     0.0001379     0.0002941    -0.0005084     0.0009451    -4.9616857    -1.1996902   -20.5289706    11.3822730
  9.55000019 56.04999924  0.00142155 -0.02101130    -0.0000763     0.0001489    -0.0001097     0.0007004    -5.8567209    -0.4341779    -6.6607782     8.4344451
 17.54999924 56.04999924  0.00094837 -0.01578323    -0.0000464     0.0000540    -0.0000198     0.0002487    -2.4342495    -0.0157140    -1.7946504     2.9945302
 32.54999924 56.04999924  0.00046393 -0.01071921    -0.0000215     0.0000143     0.0000003     0.0000249    -1.2797138    -0.4176255    -0.7545200     0.2999139
 52.54999924 56.04999924  0.00015987 -0.00812813    -0.0000090     0.0000030     0.0000015    -0.0000124    -0.7028924    -0.4121112    -0.4490154    -0.1487839
 77.55000305 56.04999924  0.00000000 -0.00740472    -0.0000043     0.0000000     0.0000006    -0.0000030    -0.5035978    -0.3992380    -0.3835979    -0.0361425
  0.00000000 56.69999695  0.00000000 -0.02819354     0.0004042     0.0004042    -0.0009184     0.0000106    -2.1916960    -2.1916960   -34.0491128     0.1276418
  0.69999999 56.69999695  0.00027637 -0.02812518     0.0003854     0.0003948    -0.0009037     0.0002087    -4.1051402    -3.8789268   -35.1561609     2.5138607
  1.39999998 56.69999695  0.00053958 -0.02793493     0.0003767     0.0003854    -0.0008672     0.0004376    -2.3200464    -2.1103971   -32.2822786     5.2700387
  2.97499990 56.69999695  0.00105228 -0.02706788     0.0002643     0.0003537    -0.0007242     0.0007536    -5.1464483    -2.9918225   -28.9536620     9.0759517
  4.55000019 56.69999695  0.00137198 -0.02578782     0.0001188     0.0003015    -0.0005184     0.0010363    -7.7679297    -3.3659368   -23.1142842    12.4808690
  7.05000019 56.69999695  0.00148253 -0.02334583    -0.0000074     0.0002103    -0.0002379     0.0008958    -3.9744660     1.2686352    -9.5270062    10.7879759
  9.55000019 56.69999695  0.00133501 -0.02107358    -0.0000987     0.0001398    -0.0000862     0.0007072    -7.2683546    -1.5242484    -6.9682707     8.5171250
 13.55000019 56.69999695  0.00102612 -0.01810754    -0.0000677     0.0000757    -0.0000194     0.0004445    -2.8634077     0.5909392    -1.7007572     5.3527419
 17.54999924 56.69999695  0.00079351 -0.01579370    -0.0000450     0.0000452    -0.0000121     0.0002429    -2.3730560    -0.1990250    -1.5783589     2.9247565
 25.04999924 56.69999695  0.00052688 -0.01273853    -0.0000296     0.0000210     0.0000016     0.0001218    -1.4691820    -0.2489908    -0.7165317     1.4672351
 32.54999924 56.69999695  0.00034912 -0.01071917    -0.0000171     0.0000107     0.0000002     0.0000216    -1.0777917    -0.4086985    -0.6628529     0.2602435
 42.54999924 56.69999695  0.00020847 -0.00906252    -0.0000118     0.0000049     0.0000020     0.0000140    -0.8126218    -0.4104273    -0.4796922     0.1691594
 52.54999924 56.69999695  0.00011315 -0.00812747    -0.0000066     0.0000022     0.0000008    -0.0000141    -0.5514296    -0.3406096    -0.3725846    -0.1692470
 65.05000305 56.69999695  0.00004778 -0.00756657    -0.0000045     0.0000007    -0.0000002    -0.0000006    -0.5391193    -0.4124178    -0.4343723    -0.0066450
 77.55000305 56.69999695  0.00000000 -0.00740452    -0.0000031     0.0000000     0.0000002    -0.0000030    -0.3909077    -0.3157792    -0.3108238    -0.0360175
  0.00000000 57.34999847  0.00000000 -0.02881362     0.0004216     0.0004216    -0.0009770     0.0000095    -4.3464700    -4.3464700   -38.0338580     0.1149687
  1.39999998 57.34999847  0.00056977 -0.02851497     0.0003960     0.0004070    -0.0009316     0.0004744    -4.4014177    -4.1379946   -36.3801631     5.7127512
  4.55000019 57.34999847  0.00140767 -0.02612714     0.0000961     0.0003094    -0.0005158     0.0011258    -9.6426042    -4.5062891   -24.3825520    13.5585443
  9.55000019 57.34999847  0.00123046 -0.02112388    -0.0001147     0.0001288    -0.0000643     0.0006878    -8.1930242    -2.3273909    -6.9786484     8.2830179
 17.54999924 57.34999847  0.00063049 -0.01579908    -0.0000449     0.0000359    -0.0000049     0.0002330    -2.5854161    -0.6377079    -1.6199405     2.8062895
 32.54999924 57.34999847  0.00023063 -0.01071895    -0.0000130     0.0000071     0.0000002     0.0000177    -0.9367922    -0.4524517    -0.6185626     0.2136612
 52.54999924 57.34999847  0.00006478 -0.00812707    -0.0000043     0.0000012     0.0000001    -0.0000156    -0.4295576    -0.2956252    -0.3230591    -0.1878226
 77.55000305 57.34999847  0.00000000 -0.00740445    -0.0000020     0.0000000    -0.0000002    -0.0000029    -0.2916525    -0.2432351    -0.2488700    -0.0347876
  0.00000000 57.99999619  0.00000000 -0.02946365     0.0004280     0.0004280    -0.0007947    -0.0000066    -7.803        -7.803       -42.5226239    -0.3440388
  0.69999999 57.99999619  0.00029593 -0.02938656     0.0004175     0.0004228    -0.0007987     0.0001284   -10.79        -10.66        -45.3864102     2.6204730
  1.39999998 57.99999619  0.00058453 -0.02914606     0.0004101     0.0004175    -0.0007777     0.0002912    -9.8          -9.7         -42.0520578     6.7018956
  2.97499990 57.99999619  0.00112112 -0.02806126     0.0002682     0.0003768    -0.0006191     0.0004905   -10.031        -7.42        -36.6277573     9.8306810
  4.55000019 57.99999619  0.00142945 -0.02645841     0.0000730     0.0003142    -0.0003860     0.0007042   -10.5          -5.5         -24.4382557    16.1099703
  7.05000019 57.99999619  0.00137643 -0.02362016    -0.0000650     0.0001952    -0.0001425     0.0005308    -6.1575125    -1.96        -10.3062195    10.8340019
  9.55000019 57.99999619  0.00110429 -0.02115712    -0.0001302     0.0001156    -0.0000253     0.0003828    -8.6          -2.5          -7.4099047     8.4272504
 13.55000019 57.99999619  0.00072918 -0.01811162    -0.0000798     0.0000538     0.0000123     0.0002413    -3.2          -0.7          -1.1004339     5.2966712
 17.54999924 57.99999619  0.00046570 -0.01580001    -0.0000436     0.0000265     0.0000033     0.0001262    -2.7          -0.9          -1.7101286     2.5121193
 25.04999924 57.99999619  0.00024514 -0.01273227    -0.0000236     0.0000098     0.0000072     0.0000689    -1.19         -.38          -0.4390302     1.5448851
 32.54999924 57.99999619  0.00011139 -0.01071893    -0.0000089     0.0000034     0.0000006     0.0000075    -0.7          -.5           -0.6239418     0.0499443
 42.54999924 57.99999619  0.00005835 -0.00906103    -0.0000048     0.0000014     0.0000007     0.0000080    -0.43         -285          -0.3219138     0.2003264
 52.54999924 57.99999619  0.00001617 -0.00812735    -0.0000020     0.0000003    -0.0000003    -0.0000098    -.3           -.25          -0.2906341    -0.2580231
 65.05000305 57.99999619  0.00000961 -0.00756810    -0.0000006     0.0000001    -0.0000013    -0.0000002    -.29          -.27          -0.3445936     0.0119749
 77.55000305 57.99999619  0.00000000 -0.00740483    -0.0000009     0.0000000    -0.0000004    -0.0000028    -.22          -.196         -0.1830790    -0.1452899
  0.00000000 58.09999466  0.00000000 -0.02951894     0.0004008     0.0004008    -0.0005394    -0.0000076   130.8850463   130.8850463   -43.2372359     0.6995493
  1.39999998 58.09999466  0.00054397 -0.02919914     0.0003825     0.0003886    -0.0005163     0.0000982   125.8703608   126.9871395   -40.5871592     9.0959595
  4.55000019 58.09999466  0.00133044 -0.02648469     0.0000665     0.0002924    -0.0002569     0.0002336    34.3521549    76.1850926   -25.5400401    21.6339821
  9.55000019 58.09999466  0.00102563 -0.02115835    -0.0001237     0.0001074    -0.0000119     0.0000964   -28.9939436    13.7996563    -8.2899478     8.9302265
 17.54999924 58.09999466  0.00041987 -0.01579955    -0.0000408     0.0000239     0.0000046     0.0000239   -10.2246877     1.7684205    -1.8113126     2.2116424
 32.54999924 58.09999466  0.00009128 -0.01071880    -0.0000078     0.0000028     0.0000012    -0.0000012    -2.2780140    -0.3125297    -0.6179993    -0.1086170
 52.54999924 58.09999466  0.00000993 -0.00812733    -0.0000016     0.0000002     0.0000001    -0.0000035    -0.5708203    -0.2407643    -0.2521096    -0.3257245
 77.55000305 58.09999466  0.00000000 -0.00740482    -0.0000007     0.0000000     0.0000000    -0.0000028    -0.2642964    -0.1376488    -0.1289858    -0.2559529
  0.00000000 58.19999695  0.00000000 -0.02957154     0.0003747     0.0003747    -0.0005149    -0.0000084   120.0599356   120.0599356   -44.6887648    -0.7766363
  0.69999999 58.19999695  0.00025737 -0.02949392     0.0003606     0.0003677    -0.0005040     0.0000428   115.2372113   116.5414272   -44.8883748     3.9603961
  1.39999998 58.19999695  0.00050489 -0.02924933     0.0003558     0.0003606    -0.0004845     0.0001232   115.9878399   116.8898750   -39.6128910    11.4067188
  2.97499990 58.19999695  0.00097478 -0.02814539     0.0002317     0.0003277    -0.0003973     0.0001724    77.9326005    95.7010996   -38.5410902    15.9636629
  4.55000019 58.19999695  0.00123476 -0.02650979     0.0000600     0.0002714    -0.0002442     0.0002985    29.9454669    69.0855347   -26.3986519    27.6374080
  7.05000019 58.19999695  0.00118984 -0.02363759    -0.0000575     0.0001688    -0.0000821     0.0001554    -4.3655157    37.5452076    -8.9133673    14.3853615
  9.55000019 58.19999695  0.00094703 -0.02115950    -0.0001175     0.0000992    -0.0000098     0.0001000   -27.8449757    12.2796203    -7.9028830     9.2638202
 13.55000019 58.19999695  0.00060714 -0.01810932    -0.0000716     0.0000448     0.0000107     0.0000617   -16.7440563     4.8186232    -1.4935288     5.7102594
 17.54999924 58.19999695  0.00037398 -0.01579909    -0.0000381     0.0000213     0.0000056     0.0000201    -9.4901352     1.5163921    -1.3983013     1.8566384
 25.04999924 58.19999695  0.00018088 -0.01273103    -0.0000202     0.0000072     0.0000059     0.0000186    -5.2710256    -0.1952652    -0.4445849     1.7195444
 32.54999924 58.19999695  0.00007115 -0.01071870    -0.0000067     0.0000022     0.0000011    -0.0000031    -1.9591738    -0.3189905    -0.5136695    -0.2887824
 42.54999924 58.19999695  0.00003294 -0.00906087    -0.0000034     0.0000008     0.0000006     0.0000030    -1.0613362    -0.2933494    -0.3297683     0.2740227
 52.54999924 58.19999695  0.00000370 -0.00812733    -0.0000011     0.0000001    -0.0000001    -0.0000042    -0.4622057    -0.2366454    -0.2641523    -0.3865185
 65.05000305 58.19999695  0.00000390 -0.00756825    -0.0000001     0.0000001    -0.0000008     0.0000004    -0.2131797    -0.1747047    -0.3288001     0.0411642
 77.55000305 58.19999695  0.00000000 -0.00740482    -0.0000005     0.0000000    -0.0000002    -0.0000028    -0.2240658    -0.1358848    -0.1641764    -0.2547435
  0.00000000 58.74999619  0.00000000 -0.02982050     0.0002307     0.0002307    -0.0003880     0.0000010    58.5791970    58.5791970   -55.9946881     0.0920695
  1.39999998 58.74999619  0.00031173 -0.02948572     0.0002275     0.0002227    -0.0003780     0.0001813    57.7142277    56.8170546   -54.4235770    16.7903693
  4.55000019 58.74999619  0.00076454 -0.02662541     0.0000222     0.0001680    -0.0001772     0.0004566     6.9318335    33.9391677   -29.9852888    42.2735045
  9.55000019 58.74999619  0.00051704 -0.02116182    -0.0000841     0.0000541     0.0000000     0.0001055   -22.0606158     3.5481241    -6.4738774     9.7731156
 17.54999924 58.74999619  0.00011712 -0.01579563    -0.0000236     0.0000067     0.0000061     0.0000125    -6.7245858    -1.1140289    -1.2253350     1.1546345
 32.54999924 58.74999619 -0.00004165 -0.01071832    -0.0000007    -0.0000013     0.0000000    -0.0000056    -0.5452865    -0.6561091    -0.4153843    -0.5197396
 52.54999924 58.74999619 -0.00003132 -0.00812760     0.0000012    -0.0000006    -0.0000009    -0.0000049     0.1680183    -0.1650525    -0.2138740    -0.4518057
 77.55000305 58.74999619  0.00000000 -0.00740509     0.0000006     0.0000000    -0.0000007    -0.0000027     0.0990108    -0.0152390    -0.1425509    -0.2507528
  0.00000000 59.29999542  0.00000000 -0.02999834     0.0001022     0.0001022    -0.0002875     0.0000002     0.9877121     0.9877121   -71.1734086     0.0225583
  0.69999999 59.29999542  0.00007085 -0.02991496     0.0001002     0.0001012    -0.0002729     0.0000869     3.1189192     3.3030678   -65.9790262     8.0418623
  1.39999998 59.29999542  0.00014031 -0.02966517     0.0001111     0.0001002    -0.0002655     0.0002229     8.8583561     6.8475568   -60.8810642    20.6365207
  2.97499990 59.29999542  0.00028825 -0.02848571     0.0000639     0.0000969    -0.0002355     0.0003817    -4.3011113     1.8031204   -59.7537928    35.3449659
  4.55000019 59.29999542  0.00034168 -0.02670467    -0.0000163     0.0000751    -0.0001136     0.0005896   -14.8771042     2.0522333   -32.8981923    54.5950603
  7.05000019 59.29999542  0.00023226 -0.02368815    -0.0000510     0.0000329    -0.0000047     0.0002784   -14.3492823     1.1883574    -5.7878100    25.7822426
  9.55000019 59.29999542  0.00008689 -0.02115948    -0.0000556     0.0000091     0.0000105     0.0001069   -18.0876554    -6.0981167    -5.8343998     9.8985309
 13.55000019 59.29999542 -0.00006213 -0.01809434    -0.0000286    -0.0000046     0.0000157     0.0000610    -9.0566394    -4.6163695    -0.8577044     5.6470605
 17.54999924 59.29999542 -0.00014161 -0.01579241    -0.0000092    -0.0000081     0.0000074     0.0000061    -3.8295778    -3.6250639    -0.7640929     0.5641682
 25.04999924 59.29999542 -0.00017177 -0.01272580    -0.0000009    -0.0000069     0.0000035     0.0000166    -1.0805684    -2.1887679    -0.2750927     1.5325868
 32.54999924 59.29999542 -0.00015471 -0.01071867     0.0000054    -0.0000048    -0.0000009    -0.0000072     0.9299271    -0.9444517    -0.2334509    -0.6684496
 42.54999924 59.29999542 -0.00010605 -0.00906139     0.0000044    -0.0000025    -0.0000016     0.0000031     0.8926788    -0.3868491    -0.2176811     0.2879339
 52.54999924 59.29999542 -0.00006636 -0.00812827     0.0000036    -0.0000013    -0.0000016    -0.0000052     0.8037421    -0.0892189    -0.1565890    -0.4794642
 65.05000305 59.29999542 -0.00002729 -0.00756964     0.0000027    -0.0000004    -0.0000017     0.0000006     0.6021675     0.0328967    -0.2085571     0.0530908
 77.55000305 59.29999542  0.00000000 -0.00740557     0.0000017     0.0000000    -0.0000013    -0.0000027     0.4144521     0.0975588    -0.1357127    -0.2461244
  0.00000000 59.84999466  0.00000000 -0.03013211    -0.0000272    -0.0000272    -0.0001702     0.0000216   -53.5377078   -53.5377078   -80.0269672     1.9960454
  1.39999998 59.84999466 -0.00003097 -0.02978429    -0.0000011    -0.0000221    -0.0001766     0.0001806   -43.3683507   -47.2673313   -75.8819356    16.7203360
  4.55000019 59.84999466 -0.00007059 -0.02674924    -0.0000587    -0.0000155    -0.0000459     0.0005842   -36.7988138   -28.8091877   -34.4308757    54.0930541
  9.55000019 59.84999466 -0.00034523 -0.02114985    -0.0000262    -0.0000361     0.0000225     0.0000903   -13.4791251   -15.3156018    -4.4587565     8.3584085
 17.54999924 59.84999466 -0.00040408 -0.01578759     0.0000054    -0.0000230     0.0000084    -0.0000004    -0.9856069    -6.2525406    -0.4326136    -0.0324300
 32.54999924 59.84999466 -0.00026897 -0.01071933     0.0000113    -0.0000083    -0.0000019    -0.0000086     2.3458866    -1.2784484    -0.0962991    -0.7969592
 52.54999924 59.84999466 -0.00010163 -0.00812939     0.0000059    -0.0000019    -0.0000024    -0.0000052     1.4206039    -0.0254529    -0.1118979    -0.4853997
 77.55000305 59.84999466  0.00000000 -0.00740647     0.0000028     0.0000000    -0.0000018    -0.0000026     0.7237825     0.2076436    -0.1305152    -0.2446792
  0.00000000 60.39999390  0.00000000 -0.03018556    -0.0001687    -0.0001687    -0.0000204     0.0000169  -108.5358363  -108.5358363   -81.0825467     1.5629599
  0.69999999 60.39999390 -0.00011385 -0.03009813    -0.0001566    -0.0001626    -0.0000577     0.0000620  -110.4356242  -111.5533583   -92.1155107     5.7374617
  1.39999998 60.39999390 -0.00021925 -0.02985947    -0.0001216    -0.0001566    -0.0000860     0.0001421  -101.2007500  -107.6855574   -94.6107852    13.1613107
  2.97499990 60.39999390 -0.00037072 -0.02867420    -0.0000937    -0.0001246    -0.0001096     0.0003244   -88.2048623   -93.9293155   -91.1570652    30.0330956
  4.55000019 60.39999390 -0.00051440 -0.02675513    -0.0001008    -0.0001131     0.0000288     0.0005681   -58.6464399   -60.9115510   -34.6332125    52.6049216
  7.05000019 60.39999390 -0.00072294 -0.02364485    -0.0000539    -0.0001025     0.0000796     0.0002362   -26.5987397   -35.5993715    -1.8676754    21.8743270
  9.55000019 60.39999390 -0.00078410 -0.02113475     0.0000059    -0.0000821     0.0000362     0.0000631    -7.5217860   -23.8274960    -1.9102277     5.8391757
 13.55000019 60.39999390 -0.00074149 -0.01807411     0.0000144    -0.0000547     0.0000218     0.0000398    -1.3325967   -14.1377681     0.0263642     3.6886218
 17.54999924 60.39999390 -0.00066870 -0.01578317     0.0000204    -0.0000381     0.0000091    -0.0000021     1.8993610    -8.9270981    -0.1892481    -0.1931321
 25.04999924 60.39999390 -0.00052706 -0.01272355     0.0000190    -0.0000210     0.0000006     0.0000113     3.2088541    -4.2093583    -0.2067440     1.0471021
 32.54999924 60.39999390 -0.00038343 -0.01072074     0.0000173    -0.0000118    -0.0000029    -0.0000073     3.7805613    -1.6081734     0.0387534    -0.6796173
 42.54999924 60.39999390 -0.00024500 -0.00906437     0.0000123    -0.0000058    -0.0000038     0.0000023     2.8863795    -0.4633262    -0.0973169     0.2160610
 52.54999924 60.39999390 -0.00013682 -0.00813091     0.0000082    -0.0000026    -0.0000032    -0.0000042     2.0247583     0.0248740    -0.0939374    -0.3914641
 65.05000305 60.39999390 -0.00005833 -0.00757204     0.0000055    -0.0000009    -0.0000026     0.0000006     1.4346865     0.2551344    -0.0652285     0.0531479
 77.55000305 60.39999390  0.00000000 -0.00740758     0.0000039     0.0000000    -0.0000024    -0.0000026     1.0211069     0.3062895    -0.1459942    -0.2425700
  0.00000000 60.94999313  0.00000000 -0.03016360    -0.0003007    -0.0003007     0.0000965    -0.0000182  -164.7669041  -164.7669041   -91.2037336    -1.6833831
  1.39999998 60.94999313 -0.00041444 -0.02985178    -0.0002812    -0.0002960     0.0001032     0.0000774  -154.4715471  -157.2248836   -83.2954737     7.1700945
  4.55000019 60.94999313 -0.00104558 -0.02671760    -0.0001229    -0.0002298     0.0001033     0.0003683   -76.6593970   -96.4512957   -34.7738061    34.1016385
  9.55000019 60.94999313 -0.00123655 -0.02111161     0.0000369    -0.0001295     0.0000441     0.0000299    -3.6477227   -34.4608376    -2.3252726     2.7713413
 17.54999924 60.94999313 -0.00093201 -0.01577753     0.0000364    -0.0000531     0.0000100    -0.0000050     5.2818220   -11.2881539     0.3990767    -0.4600081
 32.54999924 60.94999313 -0.00049606 -0.01072255     0.0000236    -0.0000152    -0.0000041    -0.0000057     5.3209983    -1.8806441     0.1914583    -0.5234842
 52.54999924 60.94999313 -0.00017096 -0.00813296     0.0000106    -0.0000033    -0.0000041    -0.0000030     2.6883581     0.1146747    -0.0368808    -0.2787156
 77.55000305 60.94999313  0.00000000 -0.00740916     0.0000050     0.0000000    -0.0000031    -0.0000026     1.3460447     0.4198485    -0.1464775    -0.2449641
  0.00000000 61.49999237  0.00000000 -0.03007937    -0.0004551    -0.0004551     0.0002097    -0.0000276  -235.5826906  -235.5826906  -112.4704741    -2.5576296
  0.69999999 61.49999237 -0.00031949 -0.03000569    -0.0004578    -0.0004564     0.0002299     0.0000228  -232.6155387  -232.3650302  -105.2780637     2.1117256
  1.39999998 61.49999237 -0.00064087 -0.02974596    -0.0004682    -0.0004578     0.0002816     0.0000004  -225.9302049  -223.9892809   -87.0664379     0.0394088
  2.97499990 61.49999237 -0.00128328 -0.02867288    -0.0003397    -0.0004314     0.0001254     0.0000054  -202.4107492  -219.3754978  -116.2658993     0.5033433
  4.55000019 61.49999237 -0.00171106 -0.02664154    -0.0001488    -0.0003761     0.0001733     0.0001594  -103.4982701  -145.5882089   -43.8552563    14.7618025
  7.05000019 61.49999237 -0.00182519 -0.02351647     0.0000028    -0.0002589     0.0001537    -0.0000206   -21.6111367   -70.0672167     6.3422070    -1.9039716
  9.55000019 61.49999237 -0.00169721 -0.02108630     0.0000808    -0.0001777     0.0000480    -0.0000015     4.4015351   -43.4736703    -1.6702741    -0.1362882
 13.55000019 61.49999237 -0.00144848 -0.01804961     0.0000624    -0.0001069     0.0000240     0.0000113     7.1137831   -24.2310264     0.0111574     1.0506423
 17.54999924 61.49999237 -0.00119831 -0.01577216     0.0000528    -0.0000683     0.0000095    -0.0000115     8.4909541   -13.9329283     0.4718526    -1.0692980
 25.04999924 61.49999237 -0.00089006 -0.01272449     0.0000393    -0.0000355    -0.0000019     0.0000037     7.6901942    -6.1684105     0.0652706     0.3439672
 32.54999924 61.49999237 -0.00060873 -0.01072520     0.0000301    -0.0000187    -0.0000056    -0.0000057     6.8236895    -2.2102414     0.2194677    -0.5320821
 42.54999924 61.49999237 -0.00038554 -0.00906979     0.0000202    -0.0000091    -0.0000060     0.0000018     4.8369043    -0.5798372    -0.0214720     0.1707789
 52.54999924 61.49999237 -0.00020494 -0.00813539     0.0000131    -0.0000039    -0.0000048    -0.0000026     3.3799099     0.2326948     0.0705935    -0.2425764
 65.05000305 61.49999237 -0.00008959 -0.00757540     0.0000082    -0.0000014    -0.0000036     0.0000007     2.2126513     0.4395324     0.0268701     0.0660977
 77.55000305 61.49999237  0.00000000 -0.00741095     0.0000061     0.0000000    -0.0000035    -0.0000027     1.7160154     0.5796707    -0.0598134    -0.2467299
           1           3          26          24
           3           5          28          26
           5           7          30          28
           7           9          32          30
           9          11          34          32
          11          13          36          34
          13          15          38          36
          24          26          49          47
          26          28          51          49
          28          30          53          51
          30          32          55          53
          32          34          57          55
          34          36          59          57
          36          38          61          59
          47          49          72          70
          49          51          74          72
          51          53          76          74
          53          55          78          76
          55          57          80          78
          57          59          82          80
          59          61          84          82
          70          72          95          93
          72          74          97          95
          74          76          99          97
          76          78         101          99
          78          80         103         101
          80          82         105         103
          82          84         107         105
          93          95         118         116
          95          97         120         118
          97          99         122         120
          99         101         124         122
         101         103         126         124
         103         105         128         126
         105         107         130         128
         116         118         141         139
         118         120         143         141
         120         122         145         143
         122         124         147         145
         124         126         149         147
         126         128         151         149
         128         130         153         151
         139         141         164         162
         141         143         166         164
         143         145         168         166
         145         147         170         168
         147         149         172         170
         149         151         174         172
         151         153         176         174
         162         164         187         185
         164         166         189         187
         166         168         191         189
         168         170         193         191
         170         172         195         193
         172         174         197         195
         174         176         199         197
         185         187         210         208
         187         189         212         210
         189         191         214         212
         191         193         216         214
         193         195         218         216
         195         197         220         218
         197         199         222         220
         208         210         233         231
         210         212         235         233
         212         214         237         235
         214         216         239         237
         216         218         241         239
         218         220         243         241
         220         222         245         243
         231         233         256         254
         233         235         258         256
         235         237         260         258
         237         239         262         260
         239         241         264         262
         241         243         266         264
         243         245         268         266
         254         256         279         277
         256         258         281         279
         258         260         283         281
         260         262         285         283
         262         264         287         285
         264         266         289         287
         266         268         291         289
         277         279         302         300
         279         281         304         302
         281         283         306         304
         283         285         308         306
         285         287         310         308
         287         289         312         310
         289         291         314         312
         300         302         325         323
         302         304         327         325
         304         306         329         327
         306         308         331         329
         308         310         333         331
         310         312         335         333
         312         314         337         335
         323         325         348         346
         325         327         350         348
         327         329         352         350
         329         331         354         352
         331         333         356         354
         333         335         358         356
         335         337         360         358
         346         348         371         369
         348         350         373         371
         350         352         375         373
         352         354         377         375
         354         356         379         377
         356         358         381         379
         358         360         383         381
