                      S11        S33        E11          E33               SUCTION               VWVT             T                              GAMMAD 

         COLE       24.10      13.80     189.60       -85.30                  3.00              0.123        298.00                              19.320
         COLE       27.30      13.80     216.80       -96.00                  3.00              0.123        298.00                              19.320
         COLE       41.10      27.60     149.10       -64.00                  3.00              0.123        298.00                              19.320
         COLE       13.60       6.90      43.30           --                 31.00              0.108        298.00                              19.320
         COLE       17.20       6.90      73.10       -21.30                 31.00              0.108        298.00                              19.320
         COLE       20.40       6.90      94.70       -32.00                 31.00              0.108        298.00                              19.320
         COLE       23.70       6.90     121.80       -32.00                 31.00              0.108        298.00                              19.320
         COLE       20.50      13.80      37.90       -10.70                 31.00              0.108        298.00                              19.320
         COLE       27.30      13.80      86.60       -21.30                 31.00              0.108        298.00                              19.320
         COLE       34.00      13.80     135.30       -32.00                 31.00              0.108        298.00                              19.320
         COLE       40.70      13.80     175.90       -42.70                 31.00              0.108        298.00                              19.320
         COLE       47.50      13.80     222.00       -53.30                 31.00              0.108        298.00                              19.320
         COLE       41.10      27.60      70.40       -10.70                 31.00              0.108        298-00                              19.320
         COLE       54.50      27.60     148.90       -32.00                 31.00              0.108        298.00                              19.320
         COLE       69.10      27.60     230.20       -64.00                 31.00              0.108        298.00                              19.320
         COLE       96.50      48.30     216.80       -64.00                 31.00              0.108        298.00                              19.320
         COLE      118.40      48.30     325.50       -85.30                 31.00              0.108        298.00                              19.320
         COLE       13.90       6.90      94.60       -74.70                  0.00              0.338        298.00                              20.712
         COLE       17.20       6.90     135.30      -127.90                  0.00              0.338        298.00                              20.712
         COLE       20.50      13.80      59.60       -63.90                  0.00              0.338        298.00                              20.712
         COLE       27.10      13.80     217.10      -212.40                  0.00              0.338        298.00                              20.712
         COLE       10.20       6.90      24.30           --                 10.00              0.127        298.00                              20.712
         COLE       13.60       6.90      51.40           --                 10.00              0.127        298.00                              20.712
         COLE       17.10       6.90      83.80       -10.60                 10.00              0.127        298.00                              20.712
         COLE       20.20       6.90     121.60       -21.20                 10.00              0.127        298.00                              20.712
         COLE       23.60       6.90     140.60       -31.90                 IO.PO              0.127        298.00                              20.712
         COLE       20.50      13.80      51.40           --                 10.00              0.127        298.00                              20.712
         COLE       27.10      13.80     105.40       -21.20                 10.00              0.127        298.00                              20.712
         COLE       33.80      13.80     148.70       -26.50                 10.00              0.127        298.00                              20.712
         COLE       40.50      13.80     189.30       -47.80                 10.00              0.127        298.00                              20.712
         COLE       40.90      27.60      78.40       -10.60                 10.00              0.127        298.00                              20.712
         COLE       54.30      27.60     175.80       -31.90                 10.00              0.127        298.00                              20.712
         COLE       68.70      27.60     256.90       -74.30                 10.00              0.127        298.00                              20.712
         COLE       10.20       6.90      51.40       -10.60                  2.00              0.184        298.00                              21.281
         COLE       13.60       6.90     108.10       -21.20                  2.00              0.184        2b8.00                              21.281
         CCLE       17.10       6.90     167.70       -31.80                  2.00              0.184        298.00                              21.281
         COLE       20.50      13.80      75.70       -21.20                  2.00              0.184        298.DO                              21.281
         COLE       27.10      13.80     175.80       -42.40                  2.00              0.184        298.00                              21.281
         COLE       40.90      27.60     127.20       -31.80                  2.00              0.184        298.00                              21.281
         COLE       13.60       6.90      46.00       -10.60                 16.00              0.130        298.00                              21.281
         COLE       17.10       6.90      78.50       -21.20                 16.00              0.130        298.00                              21.281
         COLE       20.20       6.90     113.70       -31.80                 16.00              0.130        298.00                              21.281
         COLE       23.50       6.90     148.90       -42.40                 16.00              0.130        298.00                              21.281
         COLE       20.50      13.80      37.90       -21.20                 16.00              0.130        298.00                              21.281
         COLE       27.10      13.80      94.80       -31.80                 16.00              0.130        298.00                              21.281
         COLE       34.30      13.80     140.80       -42.40                 16.00              0.130        298.00                              21.281
         COLE       40.40      13.80     208.50       -53.00                 16.00              0.130        298.00                              21.281
         COLE       40.90      27.60      73.10       -31.80                 16.00              0.130        298-00                              21.281
         COLE       54.20      27.60     168.00       -53.00                 16.00              0.130        298.00                              21.281
         COLE       68.70      27.60     271.00       -74.20                 16.00              0.130        298.00                              21.281
         COLE       17.10       6.90      59.60       -21.20                 29.00              0.119        298.00                              21.281
         COLE       20.20       6.90      94.90       -31.80                 29.00              0.119        298.00                              21.281
         COLE       23.50       6.90     127.40       -31.80                 29.00              0.119        298.00                              21.281
         COLE       20.50      13.80      40.70       -10.60                 29.00              0,119              298.00             21.281
         COLE       27.10      13.80      94.90       -21.20                 29-00              0,119              298.00             21.281
         COLE       34.30      13.80     135.60       -31.80                 29.00              0,119              298.00             21.281
         COLE       40.40      13.80     189.80       -42.40                 29-00              0,119              298.00             21.281
         COLE       48.20      13.80     244.10       -63.60                 29.00              0,119              298.00             21.281
         COLE       40.90      27.60      75.90       -21.20                 29.00              0,119              298.00             21.281
         COLE       54.20      27.60     168.10       -31.80                 29.00              0,119              298.00             21.281
         COLE       68.70      27.60     257.60       -63.60                 29-00              0,119              298.00             21.281
         COLE       83.10      27.60     331.00       -74.20                 29-00              0,119              298-00             21-281
         COLE      135.60      69.00     298.60       -84.90                 29.00              0,119              298.00             21.281
         COLE      202.20      69.00     707.00           --                 29-00              0,119              298-00             21.281
         COLE      349.60      69.00       7.70           --                  0.00              0,389              269-00             17.535
         COLE      417.00      69.00      12.90           --                  0.00              0,389              269-00             17.535
         COLE      552.00      69.00      23.10           --                   .00              0,389              269-00             17.535
         COLE      686.40      69.00      46.30           --                  0.00              0,389              269.00             17.535
         COLE      910.90      69.00      51.40           --                  0.00              0,389              269.00             17.535
         COLE      139.40      69.00       3.80           --                  0.00              0,389              273.00             17.535
         COLE      209.90      69.00      18.00           --                  0.00              0,389              273.00             17.535
         COLE      271.90      69.00      33.30           --                  0.00              0,389              273.00             17.535
         COLE      350.60      69.00      41.10           --                  0.00              0,389              273.00             17.535
         COLE      139.30      69.00      43.70           --                  0.00              0,389              273.00             17.535
         COLE       68.10      27.60      43.70           --                  0.00              0,389              273.00             17.535
         COLE       83.80      27.60      30.80           --                  0.00              0,389              273.00             17.535
         COLE       95.00      27.60      41.10           --                  0.00              0,389              273.00             17.535
         COLE       95.50      48.30      21.80           --                  0.00              0,389              273.00             17.535
         COLE      121.30      48.30      46.30           --                  0.00              0,389              273.00             17.535
         COLE      143.80      48.30      72.00           --                  0.00              0,389              273.00             17.535
         COLE      171.80      48.30      95.10           --                  0.00              0,389              273.00             17.535
         COLE      413.00      69.00       6.10           --                  0.00              0,295              265.00             17.957
         COLE      546.20      69.00      12.20           --                  0.00              0,295              265.00             17.957
         COLE      679.40      69.00      19.50           --                  0.00              0,295              265-00             17.957
         COLE      901.40      69-00      29.30           --                  0.00              0,295              265.00             17.957
	 
	 
	 
  MONISMI+          34.50      23.00     128.00     -25.20           0.00     0,000              298.00             21.834
  MONISMI+          68.90      45.90     206.00     -40.50           0.00     0,000              298.00             21.834
  MONISMI+         137.90      91.90     240.00     -47.20           0.00     0. 000'-@          298.00             21.520
  MONISMI+         206.80     137.90     320.00     -63.00           0.00     1,000              298.00             21.677
  MONISMI+         310.30     206.80     350.00     -68.90           0.00     .0.000             298.00             21.865
  NONISMI+         413.70     275.80     450.00     -88.50           6.00     %0.000             298.00             21.551
  MONISMI+         551.60     367.50     510.00    -100.40           0.00     0,000              298.00             21.520
  MONISMI+          34.50      11.50     364.00    -154.10           0.00     0,000              298-00             21.756
  MONISMI+          68.90      23.00     473.00    -200.70           0.00     0,000              298.00             21.834
  MONISMI+         137.80      45.90     720.00    -305.40           0.00     0,000              298.00             21.551
  MONISMI+         206.80      68.90     790.00    -335.00           0.00     0,000              298.00             21.991
  MONISM]+         310.30     103.40    1020.00    -432.50           0.00     0,000            -'298-00             21.756
  MONISMI+          34.50       6.90     635.00    -368.30           0.00     0,000              298.00             21.756
  MONISMI+          68.90      13.80     775.00    -449.50           0.00     0,000              298-00             21.991
  NONISMI+         137.90      27.60     925.00    -536.50           0.00     0,000              298-00             21.834
  MONISMI+         206.80      41.40    1280.00    -742.40           0.00     0,000              298-00             21.756
  MONISMI+         310.30      62.10    4420.00   -2563.60           0.00     0.000,             298-00             21.756
  MONISMI+         413.70      82.70    1480.00    -858.40           0.00     0,000              298-00             21.598
  
  
  
  KALCHEF+          41.40      13.80     200.00     -84.80          36.80           0,115 298.00                 22.619
  KALCHEF+          41.40      13.80     173.90     -73.70          36.80           0,115 298-00                 22.619
  KALCHEF+          41.40      13.80     173.90     -73.70          36-80           0,115 298.00                 22.619
  KALCHEF+          55.20      13.80     240.00    -124.30          36.80           0,115 298-00                 22.619
  KALCHEF+          55.20      13.80     230.80    -119.50          36.80           0.115 298-00                 22-619
  KALCHEF+          55.20      13.80     222.20    -115.10          36.80           0.115 298.00                 22.619
  KALCHEF+          55.20      13.80     214.30    -111.00          36.80           0.115 298.00                 22.619
  KALCHEF+          55.20      13.80     214.30    -111.00          36.80           0.115 298.00                 22.619
  KALCHEF+          55.20      13.80     200.00    -103.60          36.50           0.115 298.00                 22.619
  KALCHEF+          55.20      13.80     200.00    -103.60          36.80           0.115 298.00                 22.619
  KALCHEF+          82.70      13.80     333.30    -207.30          36.80           0.115 298-00                 22.619
  KALCHEF+          82.70      13.80     333.30    -207.30          36.80           0.115 298.00                 22.619
  KALCHEF+          82.70      13.80     333.30    -207.30          36.80           0.115 298.00                 22.619
  KALCHEF+         103.40      34.50     263.20    -111.60          36.80           0.115 298.00                 22.619
  KALCHEF+         103.40      34.50     277.80    -117.80          36.80           0.115 298.00                 22.619
  KALCHEF+         103.40      34.50     270.30    -114.60          36.80           0.115 298.00                 22.619
  KALCHEF+         137.90      34.50     375.00    -194.20          36.80           0.115 298-00                 22.619
  KALCHEF+         137.90      34.50     357.10    -185.00          36.80           0.215 298.00                 22.619
  KALCHEF+         137.90      34.50     384.60    -199.20          36.80           0.115 298.00                 22.619
  KALCHEF+         137.90      34.50     326.10    -168.90          36.80           0.115 298.00                 22.619
  KALCHEF+         137.90      34.50     333.30    -172.70          36.80           0.115 298.00                 22.619
  KALCHEF+         137.90      34.50     312.50    -161.90          36.80           0.115 298-00                 22.619
  KALCHEF+         137.90      34.50     365.90    -189.50          36.80           0.115 298.00                 22.619
  KALCHEF+         206.80      34.50     510.20    -317.30          36.80           0.115 298.00                 22.619
  KALCHEF+         206.80      34.50     520.80    -324.00          36.80           0.115 298.00                 22.619
  KALCHEF+         206.80      34.50     520.80    -324.00          36.60           0.115 298.00                 22.619
  KALCHEF+         413.70     137.90     412.40    -174.80          36.80           0.115 298.00                 22.619
  KALCHEF+         413.70     137.90     434.80    -184.30          36.80           0.115 298.00                 22.619
  KALCHEF+         551.60     137.90     571.40    -296.00          36.80           0.115 298.00                 22.619
  KALCHEF+         551.60     137.90     576.90    -298.80          36.80           0.115 298.00                 22.619
  KALCHEF+         551.60     137.90     491.80    -254.80          36.00           0.115 298.00                 22.619
  KALCHEF+         551.60     137.90     517.20    -267.90          36.80           0.115 298.00                 22.619
  KALCHEF+         551.60     137.90     526.30    -272.60          36.80           0.115 298.00                 22.619
  KALCHEF+         551.60     137.90     576.90    -298.80          36.80           0.115 298.00                 22.619
  KALCHEF+         551.60     137.90     582.50    -301.70          36.80           0.115 298.00                 22.619
  KALCHEF+         689.50     137.90     689.70    -400.00          36.80           0.115 298.00                 22.619
  KALCHEF+         689.50     137.90     629.90    -365.40          36.80           0.115 298.00                 22.619
