              TABLE A-1.  RAW LABORATORY DATA (TTI)

Samples TTIK,  TTIL, and TTIN used for report 
S11= Vertical stress.  S33=Radial pressure (psi)
T in K
E11= Recover&ble vertical strain
E11P= Permanent vertical strain over 200 cycles 
SUCTION (psi)
VWVT  WCON  GAMMA
CYCLE= Cycle number (starting after preconditioning)



DRY BASE COURSE MATERIAL
   
                  CODE1            T      SUCTION         VWVT                     WCON              6AMMAD
                   TTIE          298         1689        0.024                    0.011               133.3
                    S11          S33          E11          E33                     E11P                E33P          CYCLE
                     45           30    0.000E+00   -0.000E+00               -1.750E-05          -0.000E+00            200
                     50           30    1.000E-06   -5.400E-05                3.838E-04          -3.333E-05            400
                    114           30    1.480E-04   -6.300E-05                5.925E-04          -1.000E-04            600
                    135           30    2.030E-04   -5.400E-05                7.512E-04          -1.000E-04            800
                    180           30    3.680E-04   -1.720E-04                1.360E-03          -2.600E-04           1000
                   22.5           15    0.000E+00   -0.000E+00                1.360E-03          -2.600E-04           1200
                     45           15    9.500E-05   -3.200E-05                1.373E-03          -3.267E-04           1400
                     57           15    1.580E-04   -9.400E-05                1.385E-03          -5.721E-04           1600
                   67.5           15    1.990E-04   -7.900E-05                1.407E-03          -6.844E-04           1800
                     90           15    2.880E-04   -9.000E-05                1.396E-03          -7.277E-04           2000
                     15            5    0.000E+00   -0.000E+00                1.409E-03          -7.277E-04           2200
                     19            5    4.300E-05   -2.900E-05                1.415E-03          -7.943E-04           2400
                   22.5            5    6.300E-05   -2.700E-05                1.415E-03          -7.943E-04           2600
                     30            5    1.300E-04   -4.300E-05                1.415E-03          -7.943E-04           2800
                    4.5            1    0.000E+00   -0.000E+00                1.415E-03          -8.091E-04           3000
                      6            1    0.000E+00   -0.000E+00                1.415E-03          -9.434E-04           3200
                      8            1    0.000E+00   -0.000E+00                1.470E-03          -9.741E-04           3400
                     10            1    0.000E+00   -0.000E+00                1.470E-03          -1.042E-03           3600


                  CODE1            T      SUCTION         VWVT                 WCON              6AMMAD
                   TTIJ          298         1723        0.022                  .01              133.27
                    S11          S33          E11          E33                 E11P                E33P          CYCLE
                     90           30    6.102E-05   -7.451E-05            4.750E-04          -1.628E-04            200
                    114           30    1.058E-04   -1.070E-04            6.825E-04          -1.646E-04            400
                    135           30    1.662E-04   -1.380E-04            8.538E-04          -2.474E-04            600
                    180           30    3.358E-04   -1.957E-04            1.385E-03          -4.036E-04            800
                     45           15    7.025E-05   -7.355E-05            1.391E-03          -4.458E-04           1000
                     57           15    1.171E-04   -9.108E-05            1.391E-03          -4.273E-04           1200
                   67.5           15    1.465E-04   -9.640E-05            1.397E-03          -4.758E-04           1400
                     90           15    2.574E-04   -1.307E-05            1.416E-03          -4.777E-04           1600
                     19            5    2.033E-05   -4.053E-05            1.429E-03          -5.258E-04           1500
                   22.5            5    3.767E-05   -4.635E-05            1.429E-03          -5.295E-04           2000
                     30            5    7.835E-05   -5.459E-04            1.478E-03          -5.295E-04           2200
                      6            1    0.000E+00   -1.184E-05            1.478E-03          -5.478E-04           2400
                      8            1    0.000E+00   -8.818E-06            1.478E-03          -5.812E-04           2600
                     10            1    0.000E+00   -1.124E-05            1.490E-03          -5.848E-04           2800
                     12            1    1.427E-05   -1.124E-05            1.490E-03          -5.84SE-04           3000
                     14            1    2.135E-05   -1.680E-05            1.490E-03          -5.848E-04           3200
                     16            1    3.250E-05   -2.485E-05            1.515E-03          -5.848E-04           3400
                     21            1    5.800E-05   -2.485E-05            1.545E-03          -6.403E-04           3600


                   CODE1           T       SUCTION         VWVT                 WCON              6AMMAD
                    TTIF         298          1784        0.018               0.0085              133.24
                     S11         S33           E11          E33                 E11P                E33P          CYCLE
                      45          30     0.000E+00   -0.000E+00            6.250E-06          -1.978E-05            200
                      90          30     9.000E-06   -5.000E-06            4.025E-04          -1.223E-04            400
                     114          30     6.100E-05   -2.200E-05            6.183E-04          -3.340E-04            600
                     135          30     1.110E-04   -7.900E-05            8.050E-04          -5.087E-04            800
                     180          30     2.640E-04   -1.390E-04            1.396E-03          -6.387E-04           1000
                    22.5          15     0.000E+00   -0.000E+00            1.411E-03          -6.457E-04           1200
                      45          15     8.000E-06   -2.100E-05            1.468E-03          -7.090E-04           1400
                      57          15     4.800E-05   -5.400E-05            1.468E-03          -7.257E-04           1600
                    67.5          15     9.400E-05   -8.300E-05            1.468E-03          -7.257E-04           1800
                      90          15     1.630E-04   -9.700E-05            1.472E-03          -7.997E-04           2000
                      15           5     0.000E+00   -0.000E+00            1.479E-03          -7.997E-04           2200
                      19           5     0.000E+00   -0.000E+00            1.479E-03          -7.997E-04           2400
                    22.5           5     0.000E+00   -2.400E-05            1.545E-03          -8.367E-04           2600
                      30           5     3.800E-05   -3.000E-05            1.577E-03          -9.107E-04           2800
                     4.5           1     0.000E+00   -0.000E+00            1.584E-03          -9.107E-04           3000
                       6           1     0.000E+00   -0.000E+00            1.615E-03          -9.440E-04           3200
                       8           1     0.000E+00   -0.000E+00            1.626E-03          -9.107E-04           3400
                      10           1     0.000E+00   -0.000E+00            1.651E-03          -9.107E-04           3600


              CODE1          T        SUCTION         VWVT         WCON         GAMMAD
               TTIM        298           1832        0.017       0.0075          133.3
                S11        S33            E11          E33         E11P           E33P          CYCLE
           148.9011         30      2.980E-04   -1.808E-04    9.150E-04     -2.183E-04            200
           208.8247         30      5.595E-04   -2.875E-04    1.348E-03     -1.154E-03            400
           328.8505         30      1.248E-03   -9.561E-04    4.195E-03     -2.745E-03            600
           99.52972         20      5.930E-04   -3.560E-04    4.201E-03     -2.867E-03            800
           139.0744         20      8.250E-04   -5.845E-04    4.442E-03     -2.938E-03           1000
           219.1169         20      1.074E-03   -8.587E-04    4.490E-03     -3.100E-03           1200
           299.6741         20      1.304E-03   -1.243E-03    4.929E-03     -3.881E-03           1400
           49.37139         10      4.476E-04   -3.715E-04    4.934E-03     -3.941E-03           1600
           69.49034         10      6.521E-04   -5.767E-04    4.942E-03     -3.941E-03           1800
          108.86705         10      9.124E-04   -8.750E-04    4.957E-03     -3.954E-03           2000
           149.1014         10      1.054E-03   -1.049E-03    5.006E-03     -4.010E-03           2200
           179.1498         10      1.137E-03   -1.166E-03    5.071E-03     -4.043E-03           2400
           24.22061          5      3.098E-04   -3.198E-04    5.072E-03     -4.092E-03           2600
           34.30643          5      4.670E-04   -5.012E-04    5.066E-03     -4.043E-03           2800
           54.16649          5      6.825E-04   -7.712E-04    5.090E-03     -4.043E-03           3000
           74.23346          5      8.239E-04   -9.240E-04    5.108E-03     -4.135E-03           3200
           88.75652          5      8.839E-04   -9.864E-04    5.156E-03     -4.135E-03           3400
           123.7451          5      1.017E-03   -1.131E-03    5.187E-03     -4.218E-03           3600
           6.216038          1      8.346E-05   -1.364E-04    5.175E-03     -4.404E-03           3800
          10.273781          1      1.466E-04   -2.308E-04    5.285E-03     -4.507E-03           4000
           14.22895          1      2.451E-04   -3.152E-04    5.308E-03     -4.577E-03           4200
           17.28438          1      3.011E-04   -3.763E-04    5.333E-03     -4.589E-03           4400
           24.22848          1      3.958E-04   -4.410E-04    5.371E-03     -4.658E-03           4600
           34.20997          1      4.994E-04   -5.109E-04    5.395E-03     -4.754E-03           4800
           49.28513          1      6.134E-04   -5.772E-04    5.425E-03     -4.823E-03           5000
           73.91206          1      7.335E-04   -6.286E-04    5.505E-03     -4.962E-03           5200


              CODE1              T       SUCTION         VWVT                WCON              GAMMAD
               TTIN            298          1762         0.02               0.009               133.3
                S11            S33           E11          E33                E11P                E33P          CYCLE
          103.87176             30     1.230E-04   -7.935E-05           6.267E-04          -1.678E-04            200
           148.9011             30     2.706E-04   -1.440E-04           9.442E-04          -2.344E-04            400
           208.2217             30     5.350E-04   -2.544E-04           1.558E-03          -7.713E-04            600
            298.283             30     1.015E-03   -5.920E-04           3.125E-03          -9.191E-04            800
           357.7743             30     1.337E-03   -9.462E-04           4.635E-03          -1.305E-03           1000
            449.306             30     1.845E-03   -2.041E-03           4.631E-03          -1.511E-03           1200
            59.3316             20     2.828E-04   -1.247E-04           4.741E-03          -1.548E-03           1400
            69.0878             20     3.602E-04   -1.576E-04           4.765E-03          -1.585E-03           1600
           75.34878             20     4.111E-04   -1.896E-04           4.778E-03          -1.585E-03           1500
            79.1906             20     4.364E-04   -2.043E-04           4.790E-03          -1.622E-03           2000
            83.1624             20     4.598E-04   -2.187E-04           4.794E-03          -1.630E-03           2200
            89.1201             20     5.015E-04   -2.449E-04           4.807E-03          -1.622E-03           2400
           99.21974             20     5.777E-04   -2.995E-04           4.811E-03          -1.622E-03           2600
           139.1601             20     8.270E-04   -5.130E-04           4.871E-03          -1.702E-03           2800
           199.3879             20     1.057E-03   -7.200E-04           4.944E-03          -1.763E-03           3000
           29.03139             10     2.156E-04   -9.285E-05           5.038E-03          -1.866E-03           3200
            34.0911             10     2.807E-04   -1.160E-04           5.034E-03          -1.866E-03           3400
           37.00965             10     3.104E-04   -1.562E-04           5.042E-03          -1.866E-03           3600
           38.97857             10     3.458E-04   -1.599E-04           5.026E-03          -1.866E-03           3800
           41.08543             10     3.693E-04   -1.933E-04           5.033E-03          -1.866E-03           4000
           44.09098             10     4.028E-04   -2.139E-04           5.038E-03          -1.866E-03           4200
           49.11568             10     4.598E-04   -2.486E-04           5.034E-03          -1.903E-03           4400
           68.83746             10     6.602E-04   -4.247E-04           5.050E-03          -1.903E-03           4600
           98.62737             10     8.606E-04   -5.991E-04           5.087E-03          -1.922E-03           4800
          14.187484              5     1.221E-04   -5.206E-05           5.103E-03          -1.938E-03           5000
           16.60487              5     1.730E-04   -9.587E-05           5.111E-03          -1.957E-03           5200
           18.17696              5     2.035E-04   -1.049E-04           5.111E-03          -1.957E-03           5400
            19.0746              5     2.218E-04   -1.309E-04           5.111E-03          -1.975E-03           5600
            20.0939              5     2.361E-04   -1.309E-04           5.094E-03          -1.994E-03           5800
           21.66564              5     2.676E-04   -1.601E-04           5.111E-03          -1.994E-03           6000
           24.18665              5     3.134E-04   -2.037E-04           5.103E-03          -1.994E-03           6200
           34.23782              5     4.782E-04   -3.261E-04           5.103E-03          -2.010E-03           6400
            49.1234              5     6.337E-04   -4.597E-04           5.103E-03          -2.027E-03           6600
           73.99083              5     8.149E-04   -6.024E-04           5.127E-03          -2.046E-03           6800
           6.224349              1     1.017E-04   -8.445E-05           5.156E-03          -2.068E-03           7000
           9.194534              1     1.770E-04   -1.173E-04           5.164E-03          -2.115E-03           7200
           14.35805              1     9.380E-04   -8.718E-04           5.164E-03          -2.169E-03           7400
           17.24211              1     8.168E-04   -9.078E-04           5.168E-03          -2.241E-03           7600
            24.1841              1     9.817E-04   -1.225E-03           5.164E-03          -2.264E-03           7800
           34.18327              1     1.200E-03   -1.537E-03           5.202E-03          -2.373E-03           8000



         WET BASE COURSE MATERIAL
	 
                CODE1           T      SUCTION         VWVT        WCON      GAMMAD
                 TTIG         298          6.8        0.092      0.0415      133.27
                  S11         S33          E11          E33        E11P        E33P          CYCLE
                   33          30    0.000E+00   -9.250E-07   2.375E-05   0.000E+00            200
                   45          30    6.006E-05    3.626E-05   1.100E-04   1.337E-04            400
                   90          30    5.422E-04    2.453E-04   3.900E-04   2.340E-04            600
                  114          30    7.700E-04    3.771E-04   1.154E-03   4.158E-04            800
                  135          30    9.633E-04    4.957E-04   2.441E-03   7.795E-04           1000
                 22.5          15    9.358E-05    2.713E-05   2.396E-03   8.254E-04           1200
                   45          15    5.595E-04    2.870E-04   2.465E-03   8.387E-04           1400
                   57          15    7.223E-04    3.979E-04   2.636E-03   8.476E-04           1600
                 67.5          15    8.067E-04    4.658E-04   2.930E-03   9.759E-04           1800
                   15           5    4.007E-04    2.458E-04   2.960E-03   1.094E-03           2000
                   19           5    4.863E-04    3.115E-04   3.052E-03   1.118E-03           2200
                 22.5           5    5.391E-04    3.628E-04   3.162E-03   1.130E-03           2400
                   30           5    6.378E-04    4.522E-04   3.400E-03   1.280E-03           2600
                  3.8           1    1.220E-04    1.167E-04   3.418E-03   1.410E-03           2800
                  4.5           1    1.495E-04    1.476E-04   3.418E-03   1.554E-03           3000
                    6           1    2.095E-04    1.779E-04   3.425E-03   1.631E-03           3200
                    8           1    2.727E-04    2.545E-04   3.473E-03   1.667E-03           3400
                   10           1    2.920E-04    2.520E-04   3.541E-03   1.783E-03           3600
                   12           1    3.357E-04    2.871E-04   3.626E-03   1.751E-03           3800
                   14           1    3.509E-04    3.285E-04   3.712E-03   1.961E-03           4000


               CODE1            T      SUCTION         VWVT           WCON              GAMMAD
                TTIH          298          5.5        0.098          0.044              133.29
                 S11          S33          E11          E33           E11P                E33P          CYCLE
                  33           30    5.208E-06    0.000E+00      5.000E-05           2.310E-05            200
                  45           30    3.463E-05    5.708E-05      1.837E-04           1.651E-04            400
                  90           30    6.988E-04    3.576E-04      1.880E-03           7.491E-04            600
                 114           30    1.016E-03    5.360E-04      4.808E-03           1.403E-03            800
                 135           30    1.113E-03    6.773E-04      6.958E-03           2.480E-03           1000
                22.5           15    1.425E-04    1.009E-04      7.011E-03           2.470E-03           1200
                  45           15    6.552E-04    4.280E-04      7.329E-03           2.543E-03           1400
                  57           15    7.456E-04    4.854E-04      7.763E-03           2.739E-03           1600
                67.5           15    7.619E-04    5.511E-04      8.372E-03           2.994E-03           1800
                  15            5    3.346E-04    2.835E-04      8.715E-03           3.366E-03           2000
                  19            5    3.835E-04    3.081E-04      8.910E-03           3.465E-03           2200
                22.5            5    3.988E-04    3.573E-04      9.081E-03           3.718E-03           2400
                  30            5    4.567E-04    4.277E-04      9.514E-03           4.323E-03           2600
                 3.8            1    4.575E-05    5.433E-05      9.490E-03           4.727E-03           2800
                 4.5            1    5.283E-05    6.019E-05      9.519E-03           4.636E-03           3000
                   6            1    8.542E-05    8.436E-05      9.586E-03           4.890E-03           3200
                   8            1    1.383E-04    1.383E-04      9.684E-03           4.865E-03           3400
                  10            1    1.628E-04    1.625E-04      9.794E-03           5.286E-09           3600
                  12            1    1.984E-04    1.896E-04      9.953E-03           5.287E-03           3800
                  14            1    2.289E-04    2.416E-04      1.015E-02           5.683E-03           4000


               CODE1            T      SUCTION         VWVT           WCON              GAMMAD
                TTII          298          6.6        0.093          0.042               133.3
                 S11          S33          E11          E33           E11P                E33P          CYCLE
                  45           30    6.115E-05    4.333E-05      7.375E-05           2.444E-06            200
                  90           30    4.902E-04    2.434E-04      7.875E-04           9.656E-05            400
                 114           30    7.619E-04    3.938E-04      2.340E-03           9.385E-04            600
                 135           30    9.314E-04    5.428E-04      4.077E-03           1.889E-03            800
                22.5           15    9.456E-05    6.324E-05      4.208E-03           1.866E-03           1000
                  45           15    5.199E-04    3.019E-04      4.297E-03           1.905E-03           1200
                  57           15    6.572E-04    4.123E-04      4.508E-03           1.950E-03           1400
                67.5           15    7.405E-04    4.733E-04      4.867E-03           2.092E-03           1600
                  90           15    9.063E-04    6.250E-04      6.010E-03           2.596E-03           1800
                  15            5    3.692E-04    2.676E-04      6.157E-03           2.688E-03           2000
                  19            5    4.353E-04    3.346E-04      6.300E-03           2.735E-03           2200
                22.5            5    4.852E-04    3.759E-04      6.410E-03           2.842E-03           2400
                  30            5    5.697E-04    4.726E-04      6.609E-03           3.016E-03           2600
                 3.8            1    1.058E-04    8.804E-05      6.646E-03           3.137E-03           2800
                 4.5            1    1.231E-04    9.830E-05      6.719E-03           3.311E-03           3000
                   6            1    1.679E-04    1.277E-04      6.780E-03           3.521E-03           3200
                   8            1    2.289E-04    2.063E-04      6.837E-03           3.507E-03           3400
                  10            1    2.452E-04    2.139E-04      6.918E-03           3.801E-03           3600
                  12            1    2.767E-04    2.432E-04      7.020E-03           3.963E-03           3800
                  14            1    3.214E-04    2.923E-04      7.077E-03           4.072E-03           4000


              CODE1          T        SUCTION            VWVT         WCON       GAMMAD
               TTIP        298            5.8           0.097       0.0435        133.3
                S11        S33            E11             E33         E11P         E33P          CYCLE
             44.075         30      9.163E-05       6.166E-05    1.875E-05    4.809E-05            200
             58.909         30      2.639E-04       1.346E-04    8.375E-05    8.264E-05            400
              74.02         30      4.104E-04       1.959E-04    1.025E-04    9.498E-05            600
              88.82         30      5.401E-04       2.608E-04    1.262E-04    9.498E-05            800
            104.138         30      6.455E-04       3.280E-04    1.500E-04    1.172E-04            1000
            118.679         30      7.263E-04       3.818E-04    2.062E-04    1.172E-04            1200
            133.427         30      8.209E-04       4.427E-04    3.275E-04    2.257E-04            1400
            148.848         30      9.065E-04       5.211E-04    7.237E-04    2.615E-04            1600
            163.149         30      1.004E-03       6.065E-04    1.384E-03    4.282E-04            1800
             178.39         30      1.003E-03       6.209E-04    2.360E-03    9.954E-04            2000
            209.648         30      1.216E-03       8.431E-04    3.905E-03    1.474E-03            2200
             22.167         15      7.322E-05       7.249E-05    3.933E-03    1.557E-03            2800
             26.589         15      1.724E-04       1.250E-04    3.945E-03    1.578E-03            3000
             29.455         15      2.380E-04       1.397E-04    3.949E-03    1.613E-03            3200
             36.612         15      3.966E-04       2.376E-04    3.925E-03    1.616E-03            3400
             44.393         15      5.233E-04       3.285E-04    3.946E-03    1.626E-03            3600
             59.348         15      7.095E-04       4.810E-04    3.990E-03    1.719E-03            3800
             74.285         15      8.285E-04       5.657E-04    4.067E-03    1.907E-03            4000
             89.475         15      8.973E-04       6.169E-04    4.280E-03    2.132E-03            4200
            103.939         15      9.735E-04       6.959E-04    4.445E-03    2.352E-03            4400
              8.532          5      5.041E-05       6.024E-05    4.450E-03    2.451E-03            5000
              9.533          5      9.775E-05       8.433E-05    4.453E-03    2.464E-03            5200
             11.735          5      2.075E-04       1.606E-04    4.441E-03    2.475E-03            5400
             13.609          5      2.625E-04       1.860E-04    4.449E-03    2.474E-03            5600
             14.248          5      2.930E-04       2.305E-04    4.449E-03    2.474E-03            5800
             17.192          5      3.876E-04       2.974E-04    4.462E-03    2.485E-03            6000
             19.351          5      4.378E-04       3.352E-04    4.462E-03    2.497E-03            6200
             21.847          5      4.715E-04       3.524E-04    4.498E-03    2.510E-03            6400
             24.627          5      5.233E-04       3.995E-04    4.502E-03    2.570E-03            6600
             29.523          5      5.874E-04       4.438E-04    4.518E-03    2.628E-03            6800
              2.883          1      4.734E-05       1.112E-04    4.522E-03    2.641E-03            7200
              3.902          1      1.160E-04       1.583E-04    4.522E-03    2.684E-03            7400
              4.912          1      1.526E-04       1.718E-04    4.534E-03    2.676E-03            7600
              5.387          1      1.770E-04       2.041E-04    4.534E-03    2.722E-03            7800
              5.827          1      1.891E-04       2.074E-04    4.535E-03    2.788E-03            8000
              6.863          1      2.151E-04       2.275E-04    4.530E-03    2.788E-03            8200
              7.848          1      2.518E-04       2.538E-04    4.562E-03    2.816E-03            8400
              8.823          1      2.748E-04       2.659E-04    4.551E-03    2.850E-03            8600
              9.851          1      2.930E-04       2.959E-04    4.559E-03    2.925E-03            8800
             11.845          1      3.250E-04       2.951E-04    4.603E-03    2.920E-03            9000
             13.857          1      3.539E-04       3.246E-04    4.616E-03    2.938E-03            9200
               15.8          1      3.753E-04       3.479E-04    4.652E-03    2.994E-03            9400


DRY SAND

              CODE1              T            SUCTION          VWVT          WCON         GAMMAD
               TTIL            298             -35.39         0.059         0.038           97.3
                S11            S33                E11           E33          E11P           E33P          CYCLE
            32.4524             30          1.843E-05    -2.131E-05    -8.667E-05     -1.018E-04            200
            44.4555             30          1.598E-04    -1.372E-04     0.000E+00     -4.373E-04            400
            66.8366             30          5.778E-04    -3.000E-04     2.100E-03     -5.302E-04            600
            89.3892             30          9.317E-04    -3.628E-03     2.134E-03     -1.324E-03            800
            21.8911             15          7.658E-05    -6.884E-05     2.226E-03     -1.347E-03           1000
            44.3241             15          5.239E-04    -2.963E-04     2.353E-03     -1.926E-03           1200
           56.39584             15          8.451E-04    -4.289E-04     3.849E-03     -2.792E-03           1400
            14.4117              5          1.641E-04    -7.587E-05     3.860E-03     -2.734E-03           1600
            18.4359              5          2.971E-04    -1.176E-04     4.017E-03     -2.868E-03           1800
            21.9415              5          4.139E-04    -2.870E-04     4.873E-03     -3.397E-03           2000
             29.275              5          6.245E-04    -4.991E-04     4.900E-03     -3.980E-03           2200
           3.228522              1          7.645E-05    -5.802E-05     4.900E-03     -4.200E-03           2400
             3.9016              1          1.038E-04    -1.018E-04     4.911E-03     -4.175E-03           2600
            5.35271              1          1.636E-04    -1.479E-04     5.276E-03     -4.982E-03           2800
            7.44259              1          2.525E-04    -2.761E-04     1.341E-02     -1.635E-02           3000



WET SAND
  
                 CODE1           T      SUCTION         VWVT           WCON              GAMMAD
                  TTIK         298       -93.88      0.23146          0.143                 101
                   S11         S33          E11          E33           E11P                E33P          CYCLE
                    33          30    1.492E-05    2.115E-05      1.667E-05          -1.233E-05            200
                    45          30    1.559E-04    1.163E-04      7.556E-05           2.344E-05            400
                    90          30    8.504E-04    3.319E-04      1.671E-03           1.542E-04            600
                   114          30    1.176E-03    5.123E-04      4.227E-03           1.408E-03            800
                  22.5          15    9.225E-05    7.933E-05      4.374E-03           1.408E-03           1000
                    45          15    4.964E-04    2.020E-04      4.814E-03           1.445E-03           1200
                    57          15    7.093E-04    2.856E-04      4.933E-03           1.482E-03           1400
                  67.5          15    8.764E-04    3.858E-04      5.557E-03           1.726E-03           1600
                   7.5           5    3.256E-05    2.417E-05      5.557E-03           1.726E-03           1800
                    15           5    1.302E-04    1.454E-04      5.538E-03           1.726E-03           2000
                    19           5    3.229E-04    2.018E-04      5.580E-03           1.763E-03           2200
                  22.5           5    3.989E-04    2.151E-04      6.041E-03           1.889E-03           2400
                    30           5    5.710E-04    3.653E-04      7.500E-03           3.875E-03           2600
                   3.8           1    8.269E-05    9.312E-05      7.576E-03           3.875E-03           2800
                   4.5           1    1.193E-04    1.055E-04      7.576E-03           3.897E-03           3000
                     6           1    1.641E-04    1.422E-04      7.576E-03           3.875E-03           3200
                     8           1    2.237E-04    1.717E-04      7.624E-03           3.909E-03           3400
                    10           1    2.726E-04    2.434E-04      8.222E-03           5.332E-03           3600
                    12           1    3.214E-04    3.517E-04      1.224E-02           1.115E-02           3800
