

%-------------------------------------------------------------------------------------------------------%
                  2D Axisymmetric Finite Element Analysis (Linear Elastic version)
%-------------------------------------------------------------------------------------------------------%


%---------------------------------------------------------------%
                 FEM Program Standard Output
%---------------------------------------------------------------%

                     Nodal Displacements (in.): 

              Nodal Index  |      Displacement (R, Z)
            --------------------------------------------------
                  00       |      (0.000e+00, 0.000e+00)
                  01       |      (0.000e+00, 0.000e+00)
                  02       |      (0.000e+00, 0.000e+00)
                  03       |      (0.000e+00, 0.000e+00)
                  04       |      (0.000e+00, 0.000e+00)
                  05       |      (0.000e+00, 0.000e+00)
                  06       |      (0.000e+00, 0.000e+00)
                  07       |      (0.000e+00, -3.476e-07)
                  08       |      (-5.873e-23, -3.476e-07)
                  09       |      (-1.390e-22, -3.476e-07)
                  10       |      (0.000e+00, -3.476e-07)
                  11       |      (0.000e+00, -6.319e-07)
                  12       |      (-8.768e-23, -6.319e-07)
                  13       |      (-2.275e-22, -6.319e-07)
                  14       |      (-3.970e-22, -6.319e-07)
                  15       |      (-3.391e-22, -6.319e-07)
                  16       |      (-1.812e-22, -6.319e-07)
                  17       |      (0.000e+00, -6.319e-07)
                  18       |      (0.000e+00, -8.531e-07)
                  19       |      (-2.250e-22, -8.531e-07)
                  20       |      (-3.176e-22, -8.531e-07)
                  21       |      (0.000e+00, -8.531e-07)
                  22       |      (0.000e+00, -1.011e-06)
                  23       |      (1.042e-22, -1.011e-06)
                  24       |      (-2.007e-23, -1.011e-06)
                  25       |      (-9.420e-24, -1.011e-06)
                  26       |      (-6.016e-23, -1.011e-06)
                  27       |      (-4.219e-23, -1.011e-06)
                  28       |      (0.000e+00, -1.011e-06)
                  29       |      (0.000e+00, -1.106e-06)
                  30       |      (5.039e-23, -1.106e-06)
                  31       |      (7.216e-23, -1.106e-06)
                  32       |      (0.000e+00, -1.106e-06)
                  33       |      (0.000e+00, -1.137e-06)
                  34       |      (-8.484e-23, -1.137e-06)
                  35       |      (7.656e-23, -1.137e-06)
                  36       |      (1.288e-22, -1.137e-06)
                  37       |      (7.848e-23, -1.137e-06)
                  38       |      (2.068e-23, -1.137e-06)
                  39       |      (0.000e+00, -1.137e-06)
            --------------------------------------------------


%-------------------------------------------------------------------------------------------------------%
                                         FEM Program Standard Output
%-------------------------------------------------------------------------------------------------------%

                                            Averaged Nodal Strain (no unit): 

              Nodal Index  |                     Strain (R, TH, Z, RZ) 
            --------------------------------------------------------------------------------------
                  00       |      (-1.469368e-38, -8.081524e-39, -1.263867e-07, 2.062762e-24)
                  01       |      (8.816208e-39, 4.408104e-39, -1.263867e-07, 1.278582e-24)
                  02       |      (2.755065e-39, 1.890699e-25, -1.263867e-07, -5.541027e-24)
                  03       |      (0.000000e+00, -2.520931e-25, -1.263867e-07, -3.496061e-23)
                  04       |      (1.056108e-38, 2.342258e-25, -1.263867e-07, -3.876111e-23)
                  05       |      (-5.877472e-39, -6.020790e-26, -1.263867e-07, -2.951612e-23)
                  06       |      (6.244814e-39, 9.031185e-26, -1.263867e-07, 3.078355e-23)
                  07       |      (-1.102907e-24, -1.102907e-24, -1.053223e-07, 1.739258e-22)
                  08       |      (-3.487945e-23, -1.054458e-23, -1.053223e-07, -3.210216e-23)
                  09       |      (2.192029e-23, -1.138359e-23, -1.053223e-07, -7.234939e-23)
                  10       |      (2.702123e-23, -1.108332e-25, -1.053223e-07, 9.343137e-23)
                  11       |      (-2.054165e-23, -2.054165e-23, -8.425783e-08, 1.919986e-22)
                  12       |      (-3.791244e-23, -2.922705e-23, -8.425783e-08, 1.440784e-22)
                  13       |      (-7.485985e-23, -3.896884e-23, -8.425783e-08, -4.039881e-23)
                  14       |      (-1.861156e-23, -4.410829e-23, -8.425783e-08, -4.540321e-23)
                  15       |      (5.300849e-23, -2.770625e-23, -8.425783e-08, -1.771312e-22)
                  16       |      (5.652401e-23, -1.199089e-23, -8.425783e-08, -4.672458e-23)
                  17       |      (6.424436e-23, -2.636196e-25, -8.425783e-08, 2.524439e-22)
                  18       |      (9.267434e-24, 9.267434e-24, -6.319337e-08, 1.400870e-22)
                  19       |      (-6.369306e-23, -3.762910e-23, -6.319337e-08, 1.168726e-22)
                  20       |      (2.864183e-23, -2.599617e-23, -6.319337e-08, -7.165340e-23)
                  21       |      (6.083502e-23, 1.103028e-25, -6.319337e-08, 1.047584e-22)
                  22       |      (7.281643e-23, 7.281643e-23, -4.212891e-08, 1.956995e-23)
                  23       |      (-3.345355e-24, 3.473554e-23, -4.212891e-08, 3.434856e-22)
                  24       |      (-3.286210e-23, -3.169815e-24, -4.212891e-08, 3.052593e-22)
                  25       |      (-6.681427e-24, -8.828991e-25, -4.212891e-08, -1.717378e-22)
                  26       |      (-1.259479e-23, -5.340978e-24, -4.212891e-08, -1.443938e-22)
                  27       |      (1.002678e-23, -2.758335e-24, -4.212891e-08, 1.389974e-23)
                  28       |      (1.809736e-23, -6.107193e-26, -4.212891e-08, 1.058561e-22)
                  29       |      (5.439519e-24, 5.439519e-24, -2.106446e-08, 5.193805e-22)
                  30       |      (2.116049e-23, 8.824563e-24, -2.106446e-08, -1.370627e-23)
                  31       |      (-2.297745e-23, 5.703347e-24, -2.106446e-08, -1.422573e-22)
                  32       |      (-1.805583e-24, -1.748490e-26, -2.106446e-08, 5.724443e-23)
                  33       |      (-6.931982e-23, -6.931982e-23, -2.280434e-22, 9.186567e-22)
                  34       |      (1.276061e-23, -2.827960e-23, -9.667673e-23, 5.367824e-22)
                  35       |      (6.468236e-23, 1.316026e-23, 1.559882e-22, 3.597197e-23)
                  36       |      (3.186349e-25, 1.437352e-23, -4.032505e-24, -2.706572e-23)
                  37       |      (-2.966890e-23, 6.272930e-24, 3.211012e-22, -3.002977e-23)
                  38       |      (-1.307925e-23, 1.254691e-24, 8.550980e-23, -1.474738e-22)
                  39       |      (-7.070946e-25, 3.099260e-25, 4.036641e-22, 4.260410e-22)
            --------------------------------------------------------------------------------------


%-------------------------------------------------------------------------------------------------------%
                                         FEM Program Standard Output
%-------------------------------------------------------------------------------------------------------%

                                            Averaged Nodal Stress (psi.): 

              Nodal Index  |                     Stress (R, TH, Z, RZ) 
            --------------------------------------------------------------------------------------
                  00       |      (-2.187463e-03, -2.187463e-03, -5.104080e-03, 2.380110e-20)
                  01       |      (-2.187463e-03, -2.187463e-03, -5.104080e-03, 1.475287e-20)
                  02       |      (-2.187463e-03, -2.187463e-03, -5.104080e-03, -6.393493e-20)
                  03       |      (-2.187463e-03, -2.187463e-03, -5.104080e-03, -4.033917e-19)
                  04       |      (-2.187463e-03, -2.187463e-03, -5.104080e-03, -4.472436e-19)
                  05       |      (-2.187463e-03, -2.187463e-03, -5.104080e-03, -3.405706e-19)
                  06       |      (-2.187463e-03, -2.187463e-03, -5.104080e-03, 3.551948e-19)
                  07       |      (-1.822886e-03, -1.822886e-03, -4.253400e-03, 2.006836e-18)
                  08       |      (-1.822886e-03, -1.822886e-03, -4.253400e-03, -3.704096e-19)
                  09       |      (-1.822886e-03, -1.822886e-03, -4.253400e-03, -8.348006e-19)
                  10       |      (-1.822886e-03, -1.822886e-03, -4.253400e-03, 1.078054e-18)
                  11       |      (-1.458309e-03, -1.458309e-03, -3.402720e-03, 2.215368e-18)
                  12       |      (-1.458309e-03, -1.458309e-03, -3.402720e-03, 1.662443e-18)
                  13       |      (-1.458309e-03, -1.458309e-03, -3.402720e-03, -4.661401e-19)
                  14       |      (-1.458309e-03, -1.458309e-03, -3.402720e-03, -5.238832e-19)
                  15       |      (-1.458309e-03, -1.458309e-03, -3.402720e-03, -2.043822e-18)
                  16       |      (-1.458309e-03, -1.458309e-03, -3.402720e-03, -5.391298e-19)
                  17       |      (-1.458309e-03, -1.458309e-03, -3.402720e-03, 2.912814e-18)
                  18       |      (-1.093731e-03, -1.093731e-03, -2.552040e-03, 1.616389e-18)
                  19       |      (-1.093731e-03, -1.093731e-03, -2.552040e-03, 1.348530e-18)
                  20       |      (-1.093731e-03, -1.093731e-03, -2.552040e-03, -8.267700e-19)
                  21       |      (-1.093731e-03, -1.093731e-03, -2.552040e-03, 1.208751e-18)
                  22       |      (-7.291543e-04, -7.291543e-04, -1.701360e-03, 2.258071e-19)
                  23       |      (-7.291543e-04, -7.291543e-04, -1.701360e-03, 3.963296e-18)
                  24       |      (-7.291543e-04, -7.291543e-04, -1.701360e-03, 3.522223e-18)
                  25       |      (-7.291543e-04, -7.291543e-04, -1.701360e-03, -1.981590e-18)
                  26       |      (-7.291543e-04, -7.291543e-04, -1.701360e-03, -1.666082e-18)
                  27       |      (-7.291543e-04, -7.291543e-04, -1.701360e-03, 1.603816e-19)
                  28       |      (-7.291543e-04, -7.291543e-04, -1.701360e-03, 1.221417e-18)
                  29       |      (-3.645771e-04, -3.645771e-04, -8.506800e-04, 5.992851e-18)
                  30       |      (-3.645771e-04, -3.645771e-04, -8.506800e-04, -1.581493e-19)
                  31       |      (-3.645771e-04, -3.645771e-04, -8.506800e-04, -1.641430e-18)
                  32       |      (-3.645771e-04, -3.645771e-04, -8.506800e-04, 6.605126e-19)
                  33       |      (-7.946125e-18, -7.946125e-18, -1.160898e-17, 1.059988e-17)
                  34       |      (-1.647373e-18, -2.594455e-18, -4.172851e-18, 6.193643e-18)
                  35       |      (5.539741e-18, 4.350770e-18, 7.646798e-18, 4.150611e-19)
                  36       |      (1.918471e-19, 5.161906e-19, 9.143614e-20, -3.122967e-19)
                  37       |      (4.467923e-18, 5.297350e-18, 1.256262e-17, -3.464974e-19)
                  38       |      (9.734926e-19, 1.304276e-18, 3.248624e-18, -1.701621e-18)
                  39       |      (6.963303e-18, 6.986773e-18, 1.629495e-17, 4.915857e-18)
            --------------------------------------------------------------------------------------
