

%-------------------------------------------------------------------------------------------------------%
                  2D Axisymmetric Finite Element Analysis (Linear Elastic version)
%-------------------------------------------------------------------------------------------------------%


%---------------------------------------------------------------%
                 FEM Program Standard Output
%---------------------------------------------------------------%

                     Nodal Displacements (in.): 

              Nodal Index  |      Displacement (R, Z)
            --------------------------------------------------
                  00       |      (0.000e+00, 0.000e+00)
                  01       |      (0.000e+00, 0.000e+00)
                  02       |      (0.000e+00, 0.000e+00)
                  03       |      (0.000e+00, 0.000e+00)
                  04       |      (0.000e+00, 0.000e+00)
                  05       |      (0.000e+00, 0.000e+00)
                  06       |      (0.000e+00, 0.000e+00)
                  07       |      (0.000e+00, -9.953e-05)
                  08       |      (3.709e-05, -7.689e-05)
                  09       |      (2.957e-05, -3.718e-05)
                  10       |      (0.000e+00, -2.171e-05)
                  11       |      (0.000e+00, -2.339e-04)
                  12       |      (2.812e-05, -2.141e-04)
                  13       |      (6.496e-05, -1.753e-04)
                  14       |      (6.317e-05, -1.114e-04)
                  15       |      (4.745e-05, -6.810e-05)
                  16       |      (2.454e-05, -4.119e-05)
                  17       |      (0.000e+00, -3.234e-05)
                  18       |      (0.000e+00, -3.759e-04)
                  19       |      (9.289e-05, -2.800e-04)
                  20       |      (5.719e-05, -9.128e-05)
                  21       |      (0.000e+00, -3.538e-05)
                  22       |      (0.000e+00, -6.903e-04)
                  23       |      (1.282e-04, -6.653e-04)
                  24       |      (9.883e-05, -3.839e-04)
                  25       |      (8.743e-05, -2.261e-04)
                  26       |      (5.600e-05, -1.043e-04)
                  27       |      (2.344e-05, -4.863e-05)
                  28       |      (0.000e+00, -3.279e-05)
                  29       |      (0.000e+00, -1.961e-03)
                  30       |      (8.830e-05, -5.835e-04)
                  31       |      (1.183e-05, -1.057e-04)
                  32       |      (0.000e+00, -2.864e-05)
                  33       |      (0.000e+00, -3.454e-03)
                  34       |      (-9.383e-05, -1.309e-03)
                  35       |      (-1.789e-04, -7.191e-04)
                  36       |      (-1.341e-04, -2.615e-04)
                  37       |      (-6.676e-05, -1.151e-04)
                  38       |      (-3.113e-05, -5.023e-05)
                  39       |      (0.000e+00, -3.268e-05)
            --------------------------------------------------


%-------------------------------------------------------------------------------------------------------%
                                         FEM Program Standard Output
%-------------------------------------------------------------------------------------------------------%

                                            Averaged Nodal Strain (no unit): 

              Nodal Index  |                     Strain (R, TH, Z, RZ) 
            --------------------------------------------------------------------------------------
                  00       |      (5.082198e-21, 2.964615e-21, -2.737433e-05, 5.929231e-21)
                  01       |      (-2.117582e-21, -1.905824e-21, -2.630645e-05, 6.223333e-06)
                  02       |      (7.146840e-22, 8.024557e-09, -2.205100e-05, 1.389854e-05)
                  03       |      (-1.058791e-22, -1.069941e-08, -1.603067e-05, 1.401417e-05)
                  04       |      (-2.686683e-21, 1.665222e-08, -1.343465e-05, 1.180654e-05)
                  05       |      (1.905824e-21, -1.150355e-08, -9.754224e-06, 6.038980e-06)
                  06       |      (1.402898e-21, 1.725533e-08, -9.082933e-06, 1.581569e-21)
                  07       |      (4.729232e-06, 4.729232e-06, -3.898098e-05, 5.862596e-07)
                  08       |      (4.351901e-06, 6.153639e-06, -2.920897e-05, 1.932811e-05)
                  09       |      (-4.116476e-06, 2.453505e-06, -1.135041e-05, 1.229891e-05)
                  10       |      (-5.200082e-06, 2.876204e-09, -5.389986e-06, -4.311011e-07)
                  11       |      (7.922139e-06, 7.922139e-06, -3.460525e-05, 3.396859e-06)
                  12       |      (1.082589e-05, 9.374014e-06, -4.584913e-05, 2.151715e-05)
                  13       |      (7.729195e-06, 1.081426e-05, -3.572553e-05, 3.079334e-05)
                  14       |      (-2.917776e-06, 6.987498e-06, -2.103321e-05, 2.614689e-05)
                  15       |      (-7.464788e-06, 3.986984e-06, -9.342179e-06, 1.603505e-05)
                  16       |      (-7.908114e-06, 1.624774e-06, -3.923511e-06, 7.850440e-06)
                  17       |      (-8.450952e-06, 3.906709e-08, -1.825386e-06, -5.784787e-08)
                  18       |      (4.027830e-05, 4.027830e-05, -7.607321e-05, -2.994198e-05)
                  19       |      (-4.800618e-06, 1.537551e-05, -3.477773e-05, 5.704040e-05)
                  20       |      (-1.119738e-05, 4.745048e-06, -6.035958e-06, 2.192522e-05)
                  21       |      (-8.282305e-06, 2.868917e-08, -7.557567e-08, -3.335897e-07)
                  22       |      (6.896749e-05, 6.896749e-05, -2.598955e-04, -3.440245e-05)
                  23       |      (1.647105e-05, 4.271927e-05, -9.224951e-05, 6.045787e-05)
                  24       |      (-1.824213e-05, 1.669442e-05, -5.583972e-05, 1.163594e-04)
                  25       |      (-7.137951e-06, 9.308275e-06, -1.626099e-05, 5.167193e-05)
                  26       |      (-1.309649e-05, 4.990762e-06, -8.974525e-07, 2.429400e-05)
                  27       |      (-9.333104e-06, 1.540030e-06, 1.907805e-06, 9.237898e-06)
                  28       |      (-6.290260e-06, 8.401292e-08, 2.275867e-06, -1.361366e-06)
                  29       |      (3.949877e-05, 3.949877e-05, -4.606886e-04, 4.460903e-04)
                  30       |      (-1.161379e-05, 1.411225e-05, -5.585656e-05, 2.895850e-05)
                  31       |      (-7.535868e-06, 6.921394e-07, -1.795528e-06, 4.113135e-06)
                  32       |      (-1.199451e-06, -2.233062e-08, 1.966340e-08, -1.677427e-06)
                  33       |      (-3.274307e-05, -3.274307e-05, -5.351096e-04, 9.744694e-04)
                  34       |      (-2.981042e-05, -3.127674e-05, -1.337974e-04, 3.761284e-04)
                  35       |      (-7.853434e-06, -2.897472e-05, -3.450503e-05, -6.097751e-05)
                  36       |      (1.868322e-05, -1.565802e-05, 3.448596e-06, 1.523354e-05)
                  37       |      (1.941130e-05, -5.066213e-06, -4.449883e-06, -1.870471e-05)
                  38       |      (1.112720e-05, -2.109305e-06, -2.958633e-06, -1.094444e-06)
                  39       |      (9.627330e-06, 4.459619e-09, -2.709824e-06, -2.031056e-06)
            --------------------------------------------------------------------------------------


%-------------------------------------------------------------------------------------------------------%
                                         FEM Program Standard Output
%-------------------------------------------------------------------------------------------------------%

                                            Averaged Nodal Stress (psi.): 

              Nodal Index  |                     Stress (R, TH, Z, RZ) 
            --------------------------------------------------------------------------------------
                  00       |      (-4.737865e-01, -4.737865e-01, -1.105502e+00, 6.841420e-17)
                  01       |      (-4.553040e-01, -4.553040e-01, -1.062376e+00, 7.180769e-02)
                  02       |      (-3.815130e-01, -3.813278e-01, -8.903822e-01, 1.603678e-01)
                  03       |      (-2.776391e-01, -2.778860e-01, -6.475776e-01, 1.617020e-01)
                  04       |      (-2.322346e-01, -2.318503e-01, -5.422650e-01, 1.362293e-01)
                  05       |      (-1.690222e-01, -1.692877e-01, -3.941197e-01, 6.968053e-02)
                  06       |      (-1.569060e-01, -1.565078e-01, -3.665121e-01, 1.824888e-17)
                  07       |      (-4.018305e-01, -4.018305e-01, -1.410528e+00, 6.764534e-03)
                  08       |      (-2.232847e-01, -1.817061e-01, -9.977662e-01, 2.230167e-01)
                  09       |      (-3.202272e-01, -1.686123e-01, -4.871642e-01, 1.419105e-01)
                  10       |      (-3.032418e-01, -1.831735e-01, -3.076241e-01, -4.974243e-03)
                  11       |      (-1.418905e-01, -1.418905e-01, -1.123292e+00, 3.919452e-02)
                  12       |      (-1.941007e-01, -2.276055e-01, -1.501986e+00, 2.482748e-01)
                  13       |      (-1.190160e-01, -4.782220e-02, -1.121817e+00, 3.553077e-01)
                  14       |      (-3.609321e-01, -1.323489e-01, -7.789807e-01, 3.016949e-01)
                  15       |      (-3.941487e-01, -1.298770e-01, -4.374731e-01, 1.850199e-01)
                  16       |      (-3.591520e-01, -1.391622e-01, -2.671996e-01, 9.058200e-02)
                  17       |      (-3.722055e-01, -1.762820e-01, -2.193078e-01, -6.674754e-04)
                  18       |      (1.007096e+00, 1.007096e+00, -1.677938e+00, -3.454844e-01)
                  19       |      (-5.296789e-01, -6.407599e-02, -1.221459e+00, 6.581585e-01)
                  20       |      (-4.745445e-01, -1.066423e-01, -3.554348e-01, 2.529833e-01)
                  21       |      (-3.352892e-01, -1.434970e-01, -1.459031e-01, -3.849112e-03)
                  22       |      (-5.192985e-01, -5.192985e-01, -8.108446e+00, -3.969513e-01)
                  23       |      (-1.920768e-01, 4.136513e-01, -2.701013e+00, 6.975908e-01)
                  24       |      (-1.414216e+00, -6.079883e-01, -2.281853e+00, 1.342609e+00)
                  25       |      (-4.085989e-01, -2.907063e-02, -6.191307e-01, 5.962146e-01)
                  26       |      (-4.580508e-01, -4.065278e-02, -1.765346e-01, 2.803154e-01)
                  27       |      (-3.172397e-01, -6.632126e-02, -5.783415e-02, 1.065911e-01)
                  28       |      (-2.131857e-01, -6.608705e-02, -1.550580e-02, -1.570807e-02)
                  29       |      (-5.694681e+00, -5.694681e+00, -1.723747e+01, 5.147196e+00)
                  30       |      (-1.191516e+00, -5.978381e-01, -2.212503e+00, 3.341366e-01)
                  31       |      (-3.234303e-01, -1.335532e-01, -1.909609e-01, 4.745925e-02)
                  32       |      (-4.848554e-02, -2.132122e-02, -2.035212e-02, -1.935493e-02)
                  33       |      (-1.115054e+01, -1.115054e+01, -2.274361e+01, 1.124388e+01)
                  34       |      (-4.060934e+00, -4.094773e+00, -6.460633e+00, 4.339943e+00)
                  35       |      (-1.415846e+00, -1.903260e+00, -2.030883e+00, -7.035867e-01)
                  36       |      (5.431975e-01, -2.492926e-01, 1.916294e-01, 1.757716e-01)
                  37       |      (6.192164e-01, 5.435060e-02, 6.857361e-02, -2.158236e-01)
                  38       |      (3.616534e-01, 5.619559e-02, 3.659570e-02, -1.262820e-02)
                  39       |      (3.419724e-01, 1.199062e-01, 5.726883e-02, -2.343526e-02)
            --------------------------------------------------------------------------------------
