

%-------------------------------------------------------------------------------------------------------%
                  2D Axisymmetric Finite Element Analysis (Linear Elastic version)
%-------------------------------------------------------------------------------------------------------%


%---------------------------------------------------------------%
                 FEM Program Standard Output
%---------------------------------------------------------------%

                     Nodal Displacements (in.): 

              Nodal Index  |      Displacement (R, Z)
            --------------------------------------------------
                  00       |      (0.000e+00, 0.000e+00)
                  01       |      (0.000e+00, 0.000e+00)
                  02       |      (0.000e+00, 0.000e+00)
                  03       |      (0.000e+00, 0.000e+00)
                  04       |      (0.000e+00, 0.000e+00)
                  05       |      (0.000e+00, 0.000e+00)
                  06       |      (0.000e+00, 0.000e+00)
                  07       |      (0.000e+00, 3.621e-03)
                  08       |      (4.337e-19, 3.621e-03)
                  09       |      (1.626e-18, 3.621e-03)
                  10       |      (0.000e+00, 3.621e-03)
                  11       |      (0.000e+00, 7.243e-03)
                  12       |      (-5.421e-20, 7.243e-03)
                  13       |      (1.681e-18, 7.243e-03)
                  14       |      (4.012e-18, 7.243e-03)
                  15       |      (4.093e-18, 7.243e-03)
                  16       |      (2.589e-18, 7.243e-03)
                  17       |      (0.000e+00, 7.243e-03)
                  18       |      (0.000e+00, 1.086e-02)
                  19       |      (1.084e-18, 1.086e-02)
                  20       |      (3.659e-18, 1.086e-02)
                  21       |      (0.000e+00, 1.086e-02)
                  22       |      (0.000e+00, 1.449e-02)
                  23       |      (-1.924e-18, 1.449e-02)
                  24       |      (-6.206e-19, 1.449e-02)
                  25       |      (-7.232e-19, 1.449e-02)
                  26       |      (-2.935e-19, 1.449e-02)
                  27       |      (7.115e-19, 1.449e-02)
                  28       |      (0.000e+00, 1.449e-02)
                  29       |      (0.000e+00, 1.811e-02)
                  30       |      (-6.422e-19, 1.811e-02)
                  31       |      (3.574e-19, 1.811e-02)
                  32       |      (0.000e+00, 1.811e-02)
                  33       |      (0.000e+00, 2.173e-02)
                  34       |      (9.606e-19, 2.173e-02)
                  35       |      (1.000e-18, 2.173e-02)
                  36       |      (-8.225e-19, 2.173e-02)
                  37       |      (9.274e-19, 2.173e-02)
                  38       |      (-1.179e-18, 2.173e-02)
                  39       |      (0.000e+00, 2.173e-02)
            --------------------------------------------------


%-------------------------------------------------------------------------------------------------------%
                                         FEM Program Standard Output
%-------------------------------------------------------------------------------------------------------%

                                            Averaged Nodal Strain (no unit): 

              Nodal Index  |                     Strain (R, TH, Z, RZ) 
            --------------------------------------------------------------------------------------
                  00       |      (1.685189e-34, -3.009266e-35, 1.207143e-03, 3.990223e-19)
                  01       |      (-2.407412e-34, -6.921311e-35, 1.207143e-03, -2.884103e-19)
                  02       |      (1.504633e-34, -9.357697e-22, 1.207143e-03, -1.061991e-20)
                  03       |      (1.053243e-34, 1.247693e-21, 1.207143e-03, 3.824126e-19)
                  04       |      (-2.971650e-35, -1.555631e-21, 1.207143e-03, 5.872502e-19)
                  05       |      (9.629650e-35, 8.264820e-22, 1.207143e-03, 2.390728e-19)
                  06       |      (-8.125017e-35, -1.239723e-21, 1.207143e-03, 9.407236e-20)
                  07       |      (-2.258755e-19, -2.258755e-19, 1.207143e-03, -2.515159e-18)
                  08       |      (4.720797e-19, 7.985952e-20, 1.207143e-03, 2.413588e-19)
                  09       |      (-1.332665e-19, 1.333068e-19, 1.207143e-03, 6.478981e-19)
                  10       |      (-4.517509e-19, 5.302519e-22, 1.207143e-03, -3.023816e-19)
                  11       |      (-3.162256e-19, -3.162256e-19, 1.207143e-03, -4.971306e-18)
                  12       |      (2.800856e-19, -1.807004e-20, 1.207143e-03, -1.948914e-18)
                  13       |      (1.014181e-18, 2.917140e-19, 1.207143e-03, -2.725215e-19)
                  14       |      (4.020583e-19, 4.473847e-19, 1.207143e-03, 1.116126e-19)
                  15       |      (-3.342957e-19, 3.344814e-19, 1.207143e-03, 1.829213e-18)
                  16       |      (-6.821439e-19, 1.712514e-19, 1.207143e-03, 1.104636e-18)
                  17       |      (-1.043545e-18, 1.842801e-21, 1.207143e-03, -1.563910e-18)
                  18       |      (-6.554285e-19, -6.554285e-19, 1.207143e-03, -2.353404e-18)
                  19       |      (8.661088e-19, 1.882488e-19, 1.207143e-03, -8.131516e-19)
                  20       |      (-7.163368e-23, 3.017729e-19, 1.207143e-03, -2.142537e-19)
                  21       |      (-1.076646e-18, -4.522600e-21, 1.207143e-03, 2.203670e-18)
                  22       |      (-1.179383e-18, -1.179383e-18, 1.207143e-03, -3.557283e-18)
                  23       |      (-1.034359e-19, -6.414092e-19, 1.207143e-03, -4.882353e-18)
                  24       |      (4.247888e-19, -1.078027e-19, 1.207143e-03, -2.900955e-18)
                  25       |      (5.452349e-20, -7.662065e-20, 1.207143e-03, 8.872897e-19)
                  26       |      (4.265279e-19, -2.221634e-20, 1.207143e-03, -1.435492e-19)
                  27       |      (4.891240e-20, 4.566347e-20, 1.207143e-03, 5.084020e-19)
                  28       |      (-5.232509e-19, -1.256690e-21, 1.207143e-03, 3.073078e-18)
                  29       |      (-4.914525e-19, -4.914525e-19, 1.207143e-03, -6.179369e-18)
                  30       |      (-1.200707e-19, -1.130101e-19, 1.207143e-03, -9.944350e-19)
                  31       |      (2.648208e-19, 3.535846e-20, 1.207143e-03, 2.764132e-18)
                  32       |      (2.019523e-19, 1.830683e-21, 1.207143e-03, -9.017526e-19)
                  33       |      (4.737627e-19, 4.737627e-19, 1.207143e-03, -1.400282e-17)
                  34       |      (1.666663e-19, 3.202145e-19, 1.207143e-03, -8.184852e-18)
                  35       |      (-6.716630e-19, 1.422885e-19, 1.207143e-03, 3.325105e-18)
                  36       |      (-1.209153e-20, -8.597718e-20, 1.207143e-03, -6.906687e-19)
                  37       |      (-3.552899e-20, 7.768346e-20, 1.207143e-03, -5.144143e-18)
                  38       |      (-1.545748e-19, -7.868413e-20, 1.207143e-03, 1.251131e-18)
                  39       |      (9.406213e-19, 7.807623e-21, 1.207143e-03, -3.636935e-18)
            --------------------------------------------------------------------------------------


%-------------------------------------------------------------------------------------------------------%
                                         FEM Program Standard Output
%-------------------------------------------------------------------------------------------------------%

                                            Averaged Nodal Stress (psi.): 

              Nodal Index  |                     Stress (R, TH, Z, RZ) 
            --------------------------------------------------------------------------------------
                  00       |      (-2.785714e+01, -2.785714e+01, -1.776357e-14, 4.604104e-15)
                  01       |      (-2.785714e+01, -2.785714e+01, -1.385558e-13, -3.327811e-15)
                  02       |      (-2.785714e+01, -2.785714e+01, -3.197442e-14, -1.225374e-16)
                  03       |      (-2.785714e+01, -2.785714e+01, -1.563194e-13, 4.412454e-15)
                  04       |      (-2.785714e+01, -2.785714e+01, -1.190159e-13, 6.775964e-15)
                  05       |      (-2.785714e+01, -2.785714e+01, -1.669775e-13, 2.758533e-15)
                  06       |      (-2.785714e+01, -2.785714e+01, -1.314504e-13, 1.085450e-15)
                  07       |      (-2.785714e+01, -2.785714e+01, -7.815970e-14, -2.902107e-14)
                  08       |      (-2.785714e+01, -2.785714e+01, -1.136868e-13, 2.784909e-15)
                  09       |      (-2.785714e+01, -2.785714e+01, -1.332268e-13, 7.475748e-15)
                  10       |      (-2.785714e+01, -2.785714e+01, -1.136868e-13, -3.489018e-15)
                  11       |      (-2.785714e+01, -2.785714e+01, -6.394885e-14, -5.736122e-14)
                  12       |      (-2.785714e+01, -2.785714e+01, -1.403322e-13, -2.248746e-14)
                  13       |      (-2.785714e+01, -2.785714e+01, -1.119105e-13, -3.144479e-15)
                  14       |      (-2.785714e+01, -2.785714e+01, -1.474376e-13, 1.287837e-15)
                  15       |      (-2.785714e+01, -2.785714e+01, -8.437695e-14, 2.110631e-14)
                  16       |      (-2.785714e+01, -2.785714e+01, -9.414691e-14, 1.274580e-14)
                  17       |      (-2.785714e+01, -2.785714e+01, -8.348877e-14, -1.804511e-14)
                  18       |      (-2.785714e+01, -2.785714e+01, -1.172396e-13, -2.715466e-14)
                  19       |      (-2.785714e+01, -2.785714e+01, -1.723066e-13, -9.382519e-15)
                  20       |      (-2.785714e+01, -2.785714e+01, -7.815970e-14, -2.472158e-15)
                  21       |      (-2.785714e+01, -2.785714e+01, -8.881784e-14, 2.542696e-14)
                  22       |      (-2.785714e+01, -2.785714e+01, -3.019807e-14, -4.104558e-14)
                  23       |      (-2.785714e+01, -2.785714e+01, -6.750156e-14, -5.633484e-14)
                  24       |      (-2.785714e+01, -2.785714e+01, -5.417888e-14, -3.347255e-14)
                  25       |      (-2.785714e+01, -2.785714e+01, -7.460699e-14, 1.023796e-14)
                  26       |      (-2.785714e+01, -2.785714e+01, -9.503509e-14, -1.656337e-15)
                  27       |      (-2.785714e+01, -2.785714e+01, -1.048051e-13, 5.866177e-15)
                  28       |      (-2.785714e+01, -2.785714e+01, 6.394885e-14, 3.545859e-14)
                  29       |      (-2.785714e+01, -2.785714e+01, 7.815970e-14, -7.130042e-14)
                  30       |      (-2.785714e+01, -2.785714e+01, -3.375078e-14, -1.147425e-14)
                  31       |      (-2.785714e+01, -2.785714e+01, -1.332268e-13, 3.189384e-14)
                  32       |      (-2.785714e+01, -2.785714e+01, -3.907985e-14, -1.040484e-14)
                  33       |      (-2.785714e+01, -2.785714e+01, 2.877698e-13, -1.615710e-13)
                  34       |      (-2.785714e+01, -2.785714e+01, 8.171241e-14, -9.444060e-14)
                  35       |      (-2.785714e+01, -2.785714e+01, -2.255973e-13, 3.836660e-14)
                  36       |      (-2.785714e+01, -2.785714e+01, 2.131628e-14, -7.969254e-15)
                  37       |      (-2.785714e+01, -2.785714e+01, -1.154632e-13, -5.935549e-14)
                  38       |      (-2.785714e+01, -2.785714e+01, 2.131628e-14, 1.443613e-14)
                  39       |      (-2.785714e+01, -2.785714e+01, -5.080381e-13, -4.196463e-14)
            --------------------------------------------------------------------------------------
